2836 2842 0 0 0
2781 3029 0 0 1
2718 3110 0 0 2
2648 3189 0 0 3
2598 3309 0 0 4
2487 3472 0 0 5
2395 3557 0 0 6
2298 3600 0 0 7
2194 3660 0 0 8
2121 3596 0 0 9
2007 3629 0 0 10
1887 3691 0 0 11
1805 3668 0 0 12
1633 3670 0 0 13
1500 3698 0 0 14
1361 3610 0 0 15
1267 3544 0 0 16
1075 3498 0 0 17
976 3434 0 0 18
826 3383 0 0 19
674 3310 0 0 20
520 3198 0 0 21
417 3079 0 0 22
261 3003 0 0 23
157 2819 0 0 24
52 2711 0 0 25
0 2679 0 0 26
-157 2534 0 0 27
-261 2445 0 0 28
-417 2241 0 0 29
-520 2121 0 0 30
-623 1987 0 0 31
-776 1866 0 0 32
-877 1751 0 0 33
-927 1590 0 0 34
-1075 1397 0 0 35
-1315 1337 0 0 36
-1361 1156 0 0 37
-1545 1050 0 0 38
-1720 907 0 0 39
-1805 662 0 0 40
-1887 529 0 0 41
-2007 339 0 0 42
-2121 166 0 0 43
-2229 53 0 0 44
-2331 -80 0 0 45
-2427 -275 0 0 46
-2516 -435 0 0 47
-2598 -545 0 0 48
-2673 -675 0 0 49
-2761 -835 0 0 50
-2819 -971 0 0 51
-2868 -1063 0 0 52
-2910 -1238 0 0 53
-2944 -1375 0 0 54
-2970 -1525 0 0 55
-2983 -1701 0 0 56
-2988 -1836 0 0 57
-2998 -2038 0 0 58
-2999 -2215 0 0 59
-2992 -2265 0 0 60
-2983 -2372 0 0 61
-2963 -2614 0 0 62
-2944 -2671 0 0 63
-2910 -2837 0 0 64
-2868 -2996 0 0 65
-2836 -3049 0 0 66
-2781 -3102 0 0 67
-2740 -3158 0 0 68
-2696 -3271 0 0 69
-2598 -3413 0 0 70
-2516 -3421 0 0 71
-2427 -3423 0 0 72
-2364 -3493 0 0 73
-2264 -3509 0 0 74
-2158 -3603 0 0 75
-2045 -3587 0 0 76
-1968 -3604 0 0 77
-1805 -3647 0 0 78
-1677 -3673 0 0 79
-1500 -3660 0 0 80
-1315 -3649 0 0 81
-1172 -3602 0 0 82
-1026 -3500 0 0 83
-927 -3461 0 0 84
-776 -3397 0 0 85
-674 -3324 0 0 86
-520 -3302 0 0 87
-313 -3241 0 0 88
-157 -3115 0 0 89
-52 -2973 0 0 90
52 -2855 0 0 91
209 -2807 0 0 92
417 -2751 0 0 93
572 -2643 0 0 94
725 -2509 0 0 95
877 -2326 0 0 96
976 -2182 0 0 97
1172 -2085 0 0 98
1361 -1946 0 0 99
1500 -1690 0 0 100
1633 -1571 0 0 101
1763 -1378 0 0 102
1887 -1211 0 0 103
2045 -1012 0 0 104
2158 -763 0 0 105
2264 -556 0 0 106
2395 -332 0 0 107
2487 -170 0 0 108
2571 -51 0 0 109
2673 155 0 0 110
2761 368 0 0 111
2836 561 0 0 112
2883 834 0 0 113
2923 1158 0 0 114
2954 1357 0 0 115
2977 1526 0 0 116
2992 1631 0 0 117
2999 1821 0 0 118
2995 1982 0 0 119
2983 2176 0 0 120
2963 2373 0 0 121
2934 2542 0 0 122
2897 2734 0 0 123
2853 2863 0 0 124
2800 2993 0 0 125
2740 3112 0 0 126
2673 3238 0 0 127
2598 3358 0 0 128
2516 3371 0 0 129
2427 3505 0 0 130
2331 3561 0 0 131
2229 3685 0 0 132
2083 3745 0 0 133
1968 3688 0 0 134
1887 3699 0 0 135
1763 3753 0 0 136
1633 3677 0 0 137
1545 3649 0 0 138
1408 3679 0 0 139
1267 3521 0 0 140
1172 3472 0 0 141
1026 3443 0 0 142
826 3401 0 0 143
674 3259 0 0 144
572 3156 0 0 145
469 3068 0 0 146
365 2991 0 0 147
209 2881 0 0 148
52 2782 0 0 149
-52 2715 0 0 150
-209 2539 0 0 151
-261 2397 0 0 152
-365 2318 0 0 153
-520 2166 0 0 154
-623 1955 0 0 155
-725 1800 0 0 156
-826 1669 0 0 157
-976 1617 0 0 158
-1172 1506 0 0 159
-1267 1347 0 0 160
-1408 1174 0 0 161
-1545 1010 0 0 162
-1633 812 0 0 163
-1763 700 0 0 164
-1887 571 0 0 165
-2007 449 0 0 166
-2121 252 0 0 167
-2229 107 0 0 168
-2298 -110 0 0 169
-2364 -254 0 0 170
-2487 -377 0 0 171
-2598 -496 0 0 172
-2673 -603 0 0 173
-2761 -789 0 0 174
-2800 -932 0 0 175
-2868 -1042 0 0 176
-2923 -1246 0 0 177
-2944 -1422 0 0 178
-2963 -1575 0 0 179
-2983 -1708 0 0 180
-2992 -1851 0 0 181
-2999 -1968 0 0 182
-2999 -2144 0 0 183
-2995 -2287 0 0 184
-2983 -2432 0 0 185
-2970 -2511 0 0 186
-2944 -2687 0 0 187
-2923 -2830 0 0 188
-2883 -2923 0 0 189
-2836 -3014 0 0 190
-2800 -3118 0 0 191
-2718 -3165 0 0 192
-2673 -3234 0 0 193
-2598 -3336 0 0 194
-2516 -3442 0 0 195
-2395 -3471 0 0 196
-2331 -3527 0 0 197
-2264 -3543 0 0 198
-2158 -3586 0 0 199
-2045 -3587 0 0 200
-1928 -3677 0 0 201
-1763 -3604 0 0 202
-1677 -3557 0 0 203
-1500 -3601 0 0 204
-1361 -3655 0 0 205
-1172 -3617 0 0 206
-1026 -3532 0 0 207
-927 -3471 0 0 208
-826 -3388 0 0 209
-674 -3307 0 0 210
-469 -3292 0 0 211
-365 -3230 0 0 212
-157 -3167 0 0 213
0 -3026 0 0 21413
104 -2929 0 0 215
313 -2889 0 0 216
469 -2747 0 0 217
520 -2531 0 0 218
674 -2352 0 0 219
826 -2296 0 0 220
976 -2201 0 0 221
1172 -2100 0 0 222
1361 -1960 0 0 223
1500 -1825 0 0 224
1677 -1575 0 0 225
1805 -1323 0 0 226
1928 -1142 0 0 227
2007 -967 0 0 228
2158 -792 0 0 229
2264 -543 0 0 230
2364 -338 0 0 231
2457 -139 0 0 232
2598 2 0 0 23332
2673 121 0 0 234
2761 329 0 0 235
2819 558 0 0 236
2883 872 0 0 237
2923 1117 0 0 238
2954 1265 0 0 239
2983 1560 0 0 240
2992 1757 0 0 241
2999 1940 0 0 242
2992 2109 0 0 243
2977 2251 0 0 244
2954 2368 0 0 245
2923 2528 0 0 246
2897 2771 0 0 247
2853 2901 0 0 248
2781 3031 0 0 249
2718 3157 0 0 250
2648 3210 0 0 251
2598 3256 0 0 252
2516 3411 0 0 253
2427 3552 0 0 254
2331 3605 0 0 255
2229 3587 0 0 256
2158 3632 0 0 257
2007 3701 0 0 258
1928 3738 0 0 259
1805 3717 0 0 260
1633 3739 0 0 261
1545 3664 0 0 262
1408 3621 0 0 263
1267 3534 0 0 264
1172 3538 0 0 265
976 3472 0 0 266
826 3425 0 0 267
674 3339 0 0 268
520 3232 0 0 269
417 3099 0 0 270
313 2954 0 0 271
157 2877 0 0 272
52 2742 0 0 273
0 2638 0 0 274
-157 2528 0 0 275
-261 2391 0 0 276
-365 2206 0 0 277
-520 2129 0 0 278
-623 1997 0 0 279
-776 1904 0 0 280
-927 1766 0 0 281
-1026 1643 0 0 282
-1172 1446 0 0 283
-1220 1206 0 0 284
-1361 1118 0 0 285
-1545 943 0 0 286
-1677 833 0 0 287
-1805 739 0 0 288
-1928 546 0 0 289
-2045 366 0 0 290
-2158 221 0 0 291
-2264 45 0 0 292
-2298 -172 0 0 293
-2427 -258 0 0 294
-2516 -441 0 0 295
-2598 -529 0 0 296
-2648 -641 0 0 297
-2740 -773 0 0 298
-2800 -1009 0 0 299
-2853 -1197 0 0 300
-2897 -1257 0 0 301
-2923 -1380 0 0 302
-2963 -1497 0 0 303
-2977 -1681 0 0 304
-2992 -1851 0 0 305
-2998 -2092 0 0 306
-2998 -2210 0 0 307
-2995 -2311 0 0 308
-2988 -2396 0 0 309
-2977 -2540 0 0 310
-2944 -2679 0 0 311
-2910 -2854 0 0 312
-2868 -2924 0 0 313
-2836 -2983 0 0 314
-2781 -3085 0 0 315
-2740 -3121 0 0 316
-2673 -3276 0 0 317
-2571 -3406 0 0 318
-2516 -3507 0 0 319
-2395 -3489 0 0 320
-2331 -3499 0 0 321
-2229 -3505 0 0 322
-2121 -3612 0 0 323
-2045 -3626 0 0 324
-1887 -3625 0 0 325
-1763 -3571 0 0 326
-1633 -3615 0 0 327
-1454 -3640 0 0 328
-1315 -3514 0 0 329
-1172 -3527 0 0 330
-1026 -3518 0 0 331
-877 -3446 0 0 332
-776 -3332 0 0 333
-674 -3288 0 0 334
-469 -3283 0 0 335
-313 -3275 0 0 336
-104 -3133 0 0 337
-52 -2933 0 0 338
52 -2881 0 0 339
261 -2754 0 0 340
365 -2640 0 0 341
520 -2549 0 0 342
674 -2432 0 0 343
826 -2281 0 0 344
976 -2246 0 0 345
1172 -2137 0 0 346
1315 -1868 0 0 347
1454 -1675 0 0 348
1589 -1500 0 0 349
1720 -1326 0 0 350
1887 -1202 0 0 351
2007 -1088 0 0 352
2158 -853 0 0 353
2264 -545 0 0 354
2364 -435 0 0 355
2487 -226 0 0 356
2571 -39 0 0 357
2673 162 0 0 358
2761 410 0 0 359
2819 549 0 0 360
2883 828 0 0 361
2934 1023 0 0 362
2963 1329 0 0 363
2977 1628 0 0 364
2992 1666 0 0 365
2999 1838 0 0 366
2992 1977 0 0 367
2977 2175 0 0 368
2954 2375 0 0 369
2923 2513 0 0 370
2897 2703 0 0 371
2853 2886 0 0 372
2800 2996 0 0 373
2740 3098 0 0 374
2673 3199 0 0 375
2598 3306 0 0 376
2516 3451 0 0 377
2395 3567 0 0 378
2331 3586 0 0 379
2229 3658 0 0 380
2121 3643 0 0 381
2045 3677 0 0 382
1928 3724 0 0 383
1805 3651 0 0 384
1720 3677 0 0 385
1589 3707 0 0 386
1454 3665 0 0 387
1267 3667 0 0 388
1123 3572 0 0 389
976 3467 0 0 390
826 3361 0 0 391
725 3306 0 0 392
572 3190 0 0 393
469 3112 0 0 394
313 2987 0 0 395
209 2858 0 0 396
104 2710 0 0 397
0 2720 0 0 3987
-157 2595 0 0 399
-261 2453 0 0 400
-365 2268 0 0 401
-520 2101 0 0 402
-623 1960 0 0 403
-725 1858 0 0 404
-877 1731 0 0 405
-1026 1635 0 0 406
-1172 1489 0 0 407
-1267 1304 0 0 408
-1315 1073 0 0 409
-1454 964 0 0 410
-1633 862 0 0 411
-1763 754 0 0 412
-1887 562 0 0 413
-2007 346 0 0 414
-2045 145 0 0 415
-2158 40 0 0 416
-2264 -122 0 0 417
-2364 -229 0 0 418
-2487 -351 0 0 419
-2571 -470 0 0 420
-2648 -656 0 0 421
-2740 -772 0 0 422
-2781 -911 0 0 423
-2853 -1071 0 0 424
-2897 -1225 0 0 425
-2923 -1299 0 0 426
-2954 -1515 0 0 427
-2970 -1678 0 0 428
-2983 -1837 0 0 429
-2998 -2011 0 0 430
-2999 -2136 0 0 431
-2995 -2225 0 0 432
-2983 -2367 0 0 433
-2970 -2492 0 0 434
-2954 -2658 0 0 435
-2923 -2753 0 0 436
-2883 -2927 0 0 437
-2836 -2977 0 0 438
-2781 -3094 0 0 439
-2740 -3146 0 0 440
-2673 -3268 0 0 441
-2571 -3372 0 0 442
-2516 -3320 0 0 443
-2427 -3466 0 0 444
-2331 -3446 0 0 445
-2264 -3501 0 0 446
-2158 -3563 0 0 447
-2083 -3626 0 0 448
-1968 -3646 0 0 449
-1763 -3662 0 0 450
-1633 -3668 0 0 451
-1454 -3602 0 0 452
-1315 -3569 0 0 453
-1220 -3502 0 0 454
-1075 -3462 0 0 455
-927 -3415 0 0 456
-776 -3367 0 0 457
-674 -3254 0 0 458
-520 -3228 0 0 459
-365 -3169 0 0 460
-209 -3093 0 0 461
-104 -2985 0 0 462
52 -2881 0 0 4632
209 -2825 0 0 464
417 -2746 0 0 465
520 -2601 0 0 466
674 -2464 0 0 467
826 -2374 0 0 468
976 -2241 0 0 469
1123 -2071 0 0 470
1315 -1971 0 0 471
1454 -1762 0 0 472
1589 -1543 0 0 473
1720 -1386 0 0 474
1846 -1288 0 0 475
2007 -1057 0 0 476
2121 -852 0 0 477
2229 -660 0 0 478
2364 -408 0 0 479
2487 -293 0 0 480
2571 -49 0 0 481
2648 183 0 0 482
2740 346 0 0 483
2800 505 0 0 484
2868 804 0 0 485
2923 1049 0 0 486
2944 1279 0 0 487
2970 1507 0 0 488
2988 1581 0 0 489
2998 1789 0 0 490
2995 1993 0 0 491
2983 2193 0 0 492
2963 2363 0 0 493
2934 2507 0 0 494
2897 2694 0 0 495
2853 2820 0 0 496
2800 3045 0 0 497
2718 3140 0 0 498
2648 3163 0 0 499
2598 3328 0 0 500
2544 3422 0 0 501
2457 3548 0 0 502
2331 3609 0 0 503
2194 3611 0 0 504
2121 3609 0 0 505
2045 3618 0 0 506
1968 3645 0 0 507
1846 3679 0 0 508
1677 3690 0 0 509
1545 3712 0 0 510
1408 3640 0 0 511
1361 3561 0 0 512
1123 3453 0 0 513
1026 3451 0 0 514
877 3324 0 0 515
776 3254 0 0 516
623 3188 0 0 517
469 3147 0 0 518
313 3032 0 0 519
209 2905 0 0 520
104 2756 0 0 521
0 2634 0 0 5221
-52 2522 0 0 523
-157 2387 0 0 524
-313 2321 0 0 525
-469 2162 0 0 526
-572 2057 0 0 527
-725 1946 0 0 528
-826 1830 0 0 529
-976 1690 0 0 530
-1172 1535 0 0 531
-1267 1360 0 0 532
-1315 1160 0 0 533
-1454 1017 0 0 534
-1589 927 0 0 535
-1763 716 0 0 536
-1846 541 0 0 537
-2007 502 0 0 538
-2083 308 0 0 539
-2194 34 0 0 540
-2264 -62 0 0 541
-2331 -202 0 0 542
-2457 -354 0 0 543
-2544 -472 0 0 544
-2648 -589 0 0 545
-2718 -741 0 0 546
-2800 -871 0 0 547
-2836 -1050 0 0 548
-2883 -1210 0 0 549
-2923 -1364 0 0 550
-2963 -1473 0 0 551
-2977 -1662 0 0 552
-2992 -1813 0 0 553
-2998 -1973 0 0 554
-2999 -2098 0 0 555
-2995 -2230 0 0 556
-2988 -2332 0 0 557
-2977 -2453 0 0 558
-2963 -2665 0 0 559
-2934 -2736 0 0 560
-2883 -2798 0 0 561
-2868 -2885 0 0 562
-2819 -3100 0 0 563
-2740 -3109 0 0 564
-2696 -3230 0 0 565
-2623 -3372 0 0 566
-2544 -3355 0 0 567
-2457 -3401 0 0 568
-2395 -3478 0 0 569
-2298 -3510 0 0 570
-2194 -3599 0 0 571
-2083 -3619 0 0 572
-1968 -3610 0 0 573
-1805 -3605 0 0 574
-1677 -3650 0 0 575
-1545 -3598 0 0 576
-1408 -3581 0 0 577
-1267 -3551 0 0 578
-1123 -3512 0 0 579
-976 -3389 0 0 580
-877 -3350 0 0 581
-725 -3358 0 0 582
-520 -3412 0 0 583
-365 -3275 0 0 584
-261 -3194 0 0 585
-104 -3051 0 0 586
0 -2955 0 0 58786
209 -2850 0 0 588
313 -2789 0 0 589
520 -2697 0 0 590
674 -2575 0 0 591
826 -2382 0 0 592
927 -2210 0 0 593
1075 -2147 0 0 594
1267 -1973 0 0 595
1408 -1848 0 0 596
1633 -1642 0 0 597
1763 -1425 0 0 598
1846 -1214 0 0 599
2007 -1005 0 0 600
2121 -888 0 0 601
2264 -723 0 0 602
2364 -491 0 0 603
2457 -249 0 0 604
2571 -105 0 0 605
2673 154 0 0 606
2740 352 0 0 607
2819 607 0 0 608
2883 790 0 0 609
2923 980 0 0 610
2944 1293 0 0 611
2970 1477 0 0 612
2992 1603 0 0 613
2999 1762 0 0 614
2995 1974 0 0 615
2983 2119 0 0 616
2970 2261 0 0 617
2934 2463 0 0 618
2897 2610 0 0 619
2868 2695 0 0 620
2819 2948 0 0 621
2761 3084 0 0 622
2673 3225 0 0 623
2598 3312 0 0 624
2544 3385 0 0 625
2457 3465 0 0 626
2364 3541 0 0 627
2264 3604 0 0 628
2158 3712 0 0 629
2045 3686 0 0 630
1928 3632 0 0 631
1846 3657 0 0 632
1763 3645 0 0 633
1633 3622 0 0 634
1408 3709 0 0 635
1315 3700 0 0 636
1123 3618 0 0 637
976 3494 0 0 638
976 3300 0 0 639
725 3364 0 0 640
623 3226 0 0 641
469 3140 0 0 642
365 3053 0 0 643
209 2962 0 0 644
157 2770 0 0 645
52 2668 0 0 646
-104 2604 0 0 647
-209 2487 0 0 648
-365 2385 0 0 649
-469 2212 0 0 650
-623 2106 0 0 651
-725 1961 0 0 652
-927 1823 0 0 653
-1026 1681 0 0 654
-1172 1558 0 0 655
-1267 1345 0 0 656
-1408 1205 0 0 657
-1500 1039 0 0 658
-1633 823 0 0 659
-1720 683 0 0 660
-1887 566 0 0 661
-1968 431 0 0 662
-2045 232 0 0 663
-2158 60 0 0 664
-2229 -116 0 0 665
-2364 -213 0 0 666
-2516 -340 0 0 667
-2544 -507 0 0 668
-2623 -671 0 0 669
-2696 -760 0 0 670
-2761 -881 0 0 671
-2836 -1015 0 0 672
-2897 -1122 0 0 673
-2934 -1344 0 0 674
-2954 -1540 0 0 675
-2970 -1666 0 0 676
-2988 -1799 0 0 677
-2998 -1947 0 0 678
-2999 -2091 0 0 679
-2995 -2267 0 0 680
-2983 -2449 0 0 681
-2970 -2518 0 0 682
-2954 -2643 0 0 683
-2923 -2793 0 0 684
-2883 -2854 0 0 685
-2836 -2963 0 0 686
-2800 -3032 0 0 687
-2740 -3160 0 0 688
-2696 -3265 0 0 689
-2648 -3291 0 0 690
-2571 -3385 0 0 691
-2487 -3480 0 0 692
-2364 -3525 0 0 693
-2264 -3574 0 0 694
-2194 -3557 0 0 695
-2083 -3605 0 0 696
-1928 -3633 0 0 697
-1805 -3666 0 0 698
-1677 -3631 0 0 699
-1545 -3598 0 0 700
-1361 -3616 0 0 701
-1220 -3591 0 0 702
-1075 -3529 0 0 703
-927 -3473 0 0 704
-826 -3399 0 0 705
-725 -3246 0 0 706
-572 -3278 0 0 707
-365 -3230 0 0 708
-261 -3135 0 0 709
-104 -3079 0 0 710
52 -2929 0 0 7110
157 -2840 0 0 712
365 -2800 0 0 713
520 -2741 0 0 714
725 -2592 0 0 715
877 -2394 0 0 716
976 -2202 0 0 717
1123 -2043 0 0 718
1267 -1946 0 0 719
1454 -1812 0 0 720
1633 -1603 0 0 721
1763 -1417 0 0 722
1887 -1270 0 0 723
2007 -1037 0 0 724
2158 -869 0 0 725
2264 -704 0 0 726
2364 -422 0 0 727
2457 -132 0 0 728
2571 10 0 0 7298
2648 192 0 0 730
2740 382 0 0 731
2800 592 0 0 732
2868 827 0 0 733
2923 1063 0 0 734
2954 1284 0 0 735
2977 1476 0 0 736
2992 1623 0 0 737
2999 1803 0 0 738
2995 2013 0 0 739
2983 2226 0 0 740
2963 2334 0 0 741
2934 2493 0 0 742
2897 2653 0 0 743
2853 2891 0 0 744
2819 2982 0 0 745
2761 3034 0 0 746
2673 3283 0 0 747
2598 3336 0 0 748
2516 3454 0 0 749
2427 3445 0 0 750
2364 3536 0 0 751
2229 3562 0 0 752
2158 3655 0 0 753
2045 3660 0 0 754
1928 3671 0 0 755
1846 3693 0 0 756
1720 3626 0 0 757
1589 3759 0 0 758
1408 3707 0 0 759
1267 3585 0 0 760
1123 3543 0 0 761
1026 3391 0 0 762
877 3356 0 0 763
725 3372 0 0 764
520 3285 0 0 765
417 3135 0 0 766
365 2888 0 0 767
209 2893 0 0 768
52 2860 0 0 769
-52 2700 0 0 770
-157 2632 0 0 771
-261 2469 0 0 772
-365 2325 0 0 773
-520 2158 0 0 774
-623 2034 0 0 775
-725 1820 0 0 776
-826 1721 0 0 777
-976 1670 0 0 778
-1172 1488 0 0 779
-1267 1271 0 0 780
-1361 1133 0 0 781
-1500 981 0 0 782
-1633 852 0 0 783
-1805 730 0 0 784
-1887 537 0 0 785
-2007 392 0 0 786
-2121 233 0 0 787
-2194 -1 0 0 788
-2298 -122 0 0 789
-2395 -251 0 0 790
-2487 -368 0 0 791
-2571 -446 0 0 792
-2623 -640 0 0 793
-2718 -759 0 0 794
-2781 -882 0 0 795
-2853 -1014 0 0 796
-2883 -1184 0 0 797
-2910 -1356 0 0 798
-2934 -1478 0 0 799
-2970 -1659 0 0 800
-2983 -1802 0 0 801
-2995 -1936 0 0 802
-3000 -2116 0 0 803
-2998 -2273 0 0 804
-2988 -2357 0 0 805
-2977 -2518 0 0 806
-2954 -2642 0 0 807
-2934 -2812 0 0 808
-2897 -2937 0 0 809
-2853 -3021 0 0 810
-2800 -3119 0 0 811
-2740 -3222 0 0 812
-2696 -3322 0 0 813
-2623 -3415 0 0 814
-2544 -3438 0 0 815
-2457 -3506 0 0 816
-2364 -3502 0 0 817
-2264 -3547 0 0 818
-2158 -3591 0 0 819
-2045 -3594 0 0 820
-1928 -3600 0 0 821
-1805 -3577 0 0 822
-1677 -3620 0 0 823
-1545 -3595 0 0 824
-1361 -3655 0 0 825
-1267 -3616 0 0 826
-1075 -3532 0 0 827
-976 -3416 0 0 828
-776 -3389 0 0 829
-674 -3290 0 0 830
-520 -3250 0 0 831
-365 -3218 0 0 832
-209 -3125 0 0 833
-52 -3024 0 0 834
52 -2900 0 0 835
209 -2805 0 0 836
365 -2673 0 0 837
469 -2625 0 0 838
674 -2443 0 0 839
776 -2348 0 0 840
976 -2216 0 0 841
1075 -2077 0 0 842
1267 -1934 0 0 843
1408 -1775 0 0 844
1633 -1625 0 0 845
1763 -1444 0 0 846
1887 -1151 0 0 847
1968 -986 0 0 848
2083 -865 0 0 849
2194 -651 0 0 850
2331 -454 0 0 851
2457 -293 0 0 852
2571 -119 0 0 853
2673 79 0 0 8543
2740 362 0 0 855
2800 576 0 0 856
2868 827 0 0 857
2910 1068 0 0 858
2954 1236 0 0 859
2977 1434 0 0 860
2992 1578 0 0 861
2998 1746 0 0 862
2998 1941 0 0 863
2988 2127 0 0 864
2970 2296 0 0 865
2944 2537 0 0 866
2910 2681 0 0 867
2868 2920 0 0 868
2781 2969 0 0 869
2740 3150 0 0 870
2648 3240 0 0 871
2571 3299 0 0 872
2516 3357 0 0 873
2427 3489 0 0 874
2364 3522 0 0 875
2264 3540 0 0 876
2158 3578 0 0 877
2045 3587 0 0 878
1968 3656 0 0 879
1846 3708 0 0 880
1720 3714 0 0 881
1589 3623 0 0 882
1454 3604 0 0 883
1315 3604 0 0 884
1172 3511 0 0 885
1026 3465 0 0 886
877 3394 0 0 887
776 3312 0 0 888
623 3258 0 0 889
469 3133 0 0 890
365 3003 0 0 891
209 2981 0 0 892
104 2802 0 0 893
0 2603 0 0 8943
-104 2560 0 0 895
-209 2451 0 0 896
-313 2291 0 0 897
-469 2189 0 0 898
-572 2054 0 0 899
-725 1981 0 0 900
-826 1828 0 0 901
-927 1665 0 0 902
-1075 1542 0 0 903
-1220 1368 0 0 904
-1361 1203 0 0 905
-1500 1037 0 0 906
-1589 915 0 0 907
-1720 741 0 0 908
-1846 609 0 0 909
-1968 501 0 0 910
-2083 281 0 0 911
-2158 72 0 0 912
-2229 -104 0 0 913
-2364 -211 0 0 914
-2487 -313 0 0 915
-2544 -470 0 0 916
-2623 -604 0 0 917
-2718 -720 0 0 918
-2781 -893 0 0 919
-2853 -985 0 0 920
-2897 -1184 0 0 921
-2934 -1270 0 0 922
-2954 -1505 0 0 923
-2970 -1567 0 0 924
-2988 -1731 0 0 925
-2998 -2042 0 0 926
-2999 -2124 0 0 927
-2998 -2169 0 0 928
-2992 -2378 0 0 929
-2977 -2500 0 0 930
-2963 -2729 0 0 931
-2923 -2790 0 0 932
-2883 -2984 0 0 933
-2836 -3064 0 0 934
-2800 -3072 0 0 935
-2761 -3193 0 0 936
-2696 -3274 0 0 937
-2623 -3363 0 0 938
-2544 -3442 0 0 939
-2457 -3419 0 0 940
-2331 -3434 0 0 941
-2298 -3481 0 0 942
-2194 -3567 0 0 943
-2083 -3651 0 0 944
-1968 -3564 0 0 945
-1846 -3519 0 0 946
-1720 -3520 0 0 947
-1589 -3577 0 0 948
-1408 -3600 0 0 949
-1267 -3490 0 0 950
-1123 -3526 0 0 951
-976 -3492 0 0 952
-826 -3371 0 0 953
-725 -3323 0 0 954
-572 -3294 0 0 955
-417 -3191 0 0 956
-261 -3175 0 0 957
-104 -3078 0 0 958
52 -2944 0 0 9598
209 -2865 0 0 960
313 -2829 0 0 961
520 -2692 0 0 962
623 -2446 0 0 963
776 -2399 0 0 964
976 -2315 0 0 965
1123 -2144 0 0 966
1267 -1950 0 0 967
1408 -1833 0 0 968
1589 -1628 0 0 969
1677 -1443 0 0 970
1846 -1240 0 0 971
1968 -1116 0 0 972
2121 -877 0 0 973
2229 -663 0 0 974
2331 -465 0 0 975
2457 -261 0 0 976
2571 -38 0 0 977
2648 117 0 0 978
2718 328 0 0 979
2800 575 0 0 980
2853 761 0 0 981
2910 978 0 0 982
2944 1151 0 0 983
2970 1434 0 0 984
2992 1622 0 0 985
2998 1738 0 0 986
2995 1960 0 0 987
2983 2173 0 0 988
2963 2342 0 0 989
2934 2467 0 0 990
2910 2608 0 0 991
2868 2768 0 0 992
2819 2923 0 0 993
2740 3131 0 0 994
2696 3305 0 0 995
2598 3292 0 0 996
2544 3383 0 0 997
2457 3440 0 0 998
2364 3547 0 0 999
2229 3614 0 0 1000
2158 3644 0 0 1001
2007 3684 0 0 1002
1928 3625 0 0 1003
1846 3576 0 0 1004
1763 3641 0 0 1005
1589 3654 0 0 1006
1454 3659 0 0 1007
1315 3566 0 0 1008
1220 3489 0 0 1009
1075 3554 0 0 1010
877 3454 0 0 1011
725 3303 0 0 1012
623 3231 0 0 1013
469 3155 0 0 1014
365 3011 0 0 1015
209 2942 0 0 1016
104 2765 0 0 1017
52 2661 0 0 1018
-104 2624 0 0 1019
-157 2449 0 0 1020
-365 2334 0 0 1021
-365 2152 0 0 1022
-572 2081 0 0 1023
-674 1960 0 0 1024
-826 1791 0 0 1025
-927 1688 0 0 1026
-1123 1640 0 0 1027
-1267 1400 0 0 1028
-1361 1204 0 0 1029
-1454 1033 0 0 1030
-1633 944 0 0 1031
-1763 765 0 0 1032
-1846 652 0 0 1033
-1928 427 0 0 1034
-2045 271 0 0 1035
-2158 99 0 0 1036
-2264 -80 0 0 1037
-2364 -174 0 0 1038
-2457 -345 0 0 1039
-2544 -488 0 0 1040
-2623 -577 0 0 1041
-2696 -724 0 0 1042
-2761 -850 0 0 1043
-2836 -1004 0 0 1044
-2883 -1181 0 0 1045
-2934 -1289 0 0 1046
-2954 -1437 0 0 1047
-2970 -1633 0 0 1048
-2988 -1822 0 0 1049
-2998 -1983 0 0 1050
-3000 -2101 0 0 1051
-2995 -2283 0 0 1052
-2988 -2347 0 0 1053
-2970 -2524 0 0 1054
-2954 -2677 0 0 1055
-2923 -2793 0 0 1056
-2883 -2848 0 0 1057
-2836 -3009 0 0 1058
-2800 -3058 0 0 1059
-2761 -3150 0 0 1060
-2696 -3255 0 0 1061
-2623 -3377 0 0 1062
-2516 -3397 0 0 1063
-2457 -3504 0 0 1064
-2364 -3490 0 0 1065
-2298 -3496 0 0 1066
-2194 -3533 0 0 1067
-2121 -3607 0 0 1068
-1968 -3662 0 0 1069
-1805 -3615 0 0 1070
-1677 -3581 0 0 1071
-1589 -3509 0 0 1072
-1454 -3531 0 0 1073
-1315 -3600 0 0 1074
-1123 -3592 0 0 1075
-927 -3504 0 0 1076
-826 -3434 0 0 1077
-674 -3411 0 0 1078
-572 -3310 0 0 1079
-365 -3274 0 0 1080
-209 -3201 0 0 1081
-52 -3068 0 0 1082
52 -2922 0 0 1083
157 -2807 0 0 1084
313 -2696 0 0 1085
520 -2729 0 0 1086
674 -2541 0 0 1087
826 -2393 0 0 1088
976 -2243 0 0 1089
1123 -2113 0 0 1090
1267 -1892 0 0 1091
1408 -1769 0 0 1092
1589 -1691 0 0 1093
1763 -1450 0 0 1094
1887 -1248 0 0 1095
2007 -1093 0 0 1096
2158 -882 0 0 1097
2264 -614 0 0 1098
2331 -419 0 0 1099
2457 -200 0 0 1100
2571 -43 0 0 1101
2673 145 0 0 1102
2761 318 0 0 1103
2800 562 0 0 1104
2853 808 0 0 1105
2910 1116 0 0 1106
2944 1322 0 0 1107
2977 1398 0 0 1108
2992 1591 0 0 1109
2998 1804 0 0 1110
2995 2014 0 0 1111
2983 2241 0 0 1112
2963 2329 0 0 1113
2944 2578 0 0 1114
2897 2710 0 0 1115
2853 2885 0 0 1116
2800 2978 0 0 1117
2740 3124 0 0 1118
2673 3198 0 0 1119
2598 3292 0 0 1120
2516 3379 0 0 1121
2457 3471 0 0 1122
2331 3500 0 0 1123
2229 3580 0 0 1124
2158 3658 0 0 1125
2045 3688 0 0 1126
1968 3720 0 0 1127
1846 3760 0 0 1128
1677 3629 0 0 1129
1589 3676 0 0 1130
1454 3621 0 0 1131
1267 3684 0 0 1132
1075 3565 0 0 1133
976 3521 0 0 1134
826 3410 0 0 1135
725 3306 0 0 1136
623 3155 0 0 1137
469 3106 0 0 1138
313 3047 0 0 1139
157 2974 0 0 1140
52 2782 0 0 1141
0 2656 0 0 1142
-104 2525 0 0 1143
-209 2438 0 0 1144
-365 2342 0 0 1145
-520 2112 0 0 1146
-572 1962 0 0 1147
-674 1735 0 0 1148
-776 1753 0 0 1149
-976 1663 0 0 1150
-1123 1469 0 0 1151
-1220 1340 0 0 1152
-1361 1212 0 0 1153
-1454 984 0 0 1154
-1633 944 0 0 1155
-1763 824 0 0 1156
-1928 622 0 0 1157
-2045 443 0 0 1158
-2121 146 0 0 1159
-2158 48 0 0 1160
-2229 -124 0 0 1161
-2331 -233 0 0 1162
-2457 -318 0 0 1163
-2544 -451 0 0 1164
-2623 -569 0 0 1165
-2718 -784 0 0 1166
-2781 -854 0 0 1167
-2836 -1063 0 0 1168
-2883 -1278 0 0 1169
-2910 -1381 0 0 1170
-2944 -1493 0 0 1171
-2970 -1640 0 0 1172
-2988 -1782 0 0 1173
-2995 -1967 0 0 1174
-2999 -2127 0 0 1175
-2998 -2282 0 0 1176
-2988 -2463 0 0 1177
-2977 -2574 0 0 1178
-2954 -2660 0 0 1179
-2923 -2804 0 0 1180
-2883 -2999 0 0 1181
-2836 -3050 0 0 1182
-2800 -3099 0 0 1183
-2740 -3127 0 0 1184
-2696 -3157 0 0 1185
-2648 -3264 0 0 1186
-2544 -3327 0 0 1187
-2487 -3400 0 0 1188
-2364 -3488 0 0 1189
-2264 -3520 0 0 1190
-2158 -3564 0 0 1191
-2083 -3572 0 0 1192
-1968 -3630 0 0 1193
-1846 -3641 0 0 1194
-1633 -3693 0 0 1195
-1500 -3640 0 0 1196
-1408 -3538 0 0 1197
-1220 -3568 0 0 1198
-1075 -3537 0 0 1199
-976 -3514 0 0 1200
-826 -3420 0 0 1201
-725 -3263 0 0 1202
-572 -3289 0 0 1203
-365 -3217 0 0 1204
-261 -3122 0 0 1205
-104 -3036 0 0 1206
0 -2893 0 0 120706
209 -2826 0 0 1208
313 -2709 0 0 1209
469 -2618 0 0 1210
674 -2534 0 0 1211
776 -2347 0 0 1212
927 -2265 0 0 1213
1123 -2127 0 0 1214
1267 -1938 0 0 1215
1361 -1722 0 0 1216
1545 -1607 0 0 1217
1720 -1477 0 0 1218
1805 -1297 0 0 1219
1968 -1105 0 0 1220
2083 -876 0 0 1221
2194 -697 0 0 1222
2331 -498 0 0 1223
2457 -268 0 0 1224
2544 -82 0 0 1225
2648 84 0 0 1226
2740 259 0 0 1227
2800 528 0 0 1228
2868 770 0 0 1229
2910 1040 0 0 1230
2944 1244 0 0 1231
2970 1419 0 0 1232
2983 1526 0 0 1233
2995 1752 0 0 1234
2995 1934 0 0 1235
2983 2134 0 0 1236
2970 2292 0 0 1237
2944 2476 0 0 1238
2910 2617 0 0 1239
2868 2844 0 0 1240
2819 2933 0 0 1241
2761 3059 0 0 1242
2696 3168 0 0 1243
2623 3248 0 0 1244
2516 3398 0 0 1245
2457 3473 0 0 1246
2364 3556 0 0 1247
2264 3608 0 0 1248
2158 3600 0 0 1249
2045 3680 0 0 1250
1968 3708 0 0 1251
1846 3636 0 0 1252
1763 3674 0 0 1253
1633 3671 0 0 1254
1454 3619 0 0 1255
1315 3598 0 0 1256
1172 3645 0 0 1257
1026 3483 0 0 1258
927 3380 0 0 1259
776 3341 0 0 1260
623 3230 0 0 1261
520 3137 0 0 1262
417 3036 0 0 1263
261 2933 0 0 1264
157 2775 0 0 1265
52 2646 0 0 1266
0 2577 0 0 1267
-157 2484 0 0 1268
-313 2374 0 0 1269
-417 2215 0 0 1270
-520 2077 0 0 1271
-674 2011 0 0 1272
-826 1821 0 0 1273
-976 1733 0 0 1274
-1123 1562 0 0 1275
-1220 1405 0 0 1276
-1361 1282 0 0 1277
-1500 1108 0 0 1278
-1633 825 0 0 1279
-1720 755 0 0 1280
-1846 677 0 0 1281
-1968 452 0 0 1282
-2083 359 0 0 1283
-2194 157 0 0 1284
-2264 -49 0 0 1285
-2364 -205 0 0 1286
-2457 -388 0 0 1287
-2544 -467 0 0 1288
-2623 -559 0 0 1289
-2718 -757 0 0 1290
-2781 -866 0 0 1291
-2836 -1086 0 0 1292
-2883 -1263 0 0 1293
-2923 -1353 0 0 1294
-2944 -1493 0 0 1295
-2970 -1664 0 0 1296
-2983 -1769 0 0 1297
-2995 -1901 0 0 1298
-3000 -2041 0 0 1299
-2995 -2253 0 0 1300
-2988 -2414 0 0 1301
-2977 -2508 0 0 1302
-2963 -2611 0 0 1303
-2934 -2765 0 0 1304
-2897 -2809 0 0 1305
-2853 -2917 0 0 1306
-2819 -2973 0 0 1307
-2781 -3027 0 0 1308
-2718 -3205 0 0 1309
-2648 -3320 0 0 1310
-2571 -3426 0 0 1311
-2457 -3466 0 0 1312
-2364 -3449 0 0 1313
-2298 -3500 0 0 1314
-2194 -3522 0 0 1315
-2121 -3539 0 0 1316
-2007 -3625 0 0 1317
-1846 -3662 0 0 1318
-1677 -3662 0 0 1319
-1545 -3581 0 0 1320
-1454 -3552 0 0 1321
-1315 -3531 0 0 1322
-1123 -3478 0 0 1323
-1026 -3512 0 0 1324
-877 -3437 0 0 1325
-674 -3418 0 0 1326
-572 -3330 0 0 1327
-365 -3273 0 0 1328
-261 -3126 0 0 1329
-157 -3076 0 0 1330
0 -2963 0 0 133130
157 -2891 0 0 1332
313 -2801 0 0 1333
469 -2689 0 0 1334
623 -2557 0 0 1335
776 -2404 0 0 1336
927 -2256 0 0 1337
1075 -2055 0 0 1338
1267 -2008 0 0 1339
1408 -1835 0 0 1340
1545 -1689 0 0 1341
1720 -1503 0 0 1342
1846 -1266 0 0 1343
1968 -1164 0 0 1344
2121 -980 0 0 1345
2229 -776 0 0 1346
2331 -493 0 0 1347
2427 -238 0 0 1348
2544 -78 0 0 1349
2648 76 0 0 1350
2718 271 0 0 1351
2800 511 0 0 1352
2853 688 0 0 1353
2910 999 0 0 1354
2934 1211 0 0 1355
2963 1431 0 0 1356
2988 1577 0 0 1357
2998 1725 0 0 1358
2999 1927 0 0 1359
2988 2106 0 0 1360
2970 2306 0 0 1361
2944 2428 0 0 1362
2910 2639 0 0 1363
2883 2788 0 0 1364
2819 2953 0 0 1365
2761 3062 0 0 1366
2696 3214 0 0 1367
2648 3297 0 0 1368
2571 3396 0 0 1369
2487 3478 0 0 1370
2395 3583 0 0 1371
2298 3575 0 0 1372
2194 3599 0 0 1373
2083 3645 0 0 1374
2007 3660 0 0 1375
1887 3657 0 0 1376
1763 3687 0 0 1377
1633 3708 0 0 1378
1500 3712 0 0 1379
1315 3672 0 0 1380
1220 3578 0 0 1381
1026 3568 0 0 1382
927 3429 0 0 1383
776 3417 0 0 1384
674 3257 0 0 1385
520 3238 0 0 1386
313 3132 0 0 1387
209 2970 0 0 1388
104 2850 0 0 1389
0 2675 0 0 13909
-52 2542 0 0 1391
-209 2464 0 0 1392
-313 2427 0 0 1393
-520 2234 0 0 1394
-572 2136 0 0 1395
-776 1979 0 0 1396
-877 1818 0 0 1397
-927 1587 0 0 1398
-1075 1475 0 0 1399
-1220 1291 0 0 1400
-1315 1172 0 0 1401
-1454 1031 0 0 1402
-1633 923 0 0 1403
-1720 773 0 0 1404
-1846 678 0 0 1405
-2007 533 0 0 1406
-2083 325 0 0 1407
-2194 184 0 0 1408
-2264 -105 0 0 1409
-2331 -214 0 0 1410
-2457 -331 0 0 1411
-2544 -495 0 0 1412
-2623 -642 0 0 1413
-2696 -722 0 0 1414
-2781 -865 0 0 1415
-2836 -1006 0 0 1416
-2883 -1181 0 0 1417
-2910 -1316 0 0 1418
-2934 -1473 0 0 1419
-2963 -1648 0 0 1420
-2983 -1804 0 0 1421
-2995 -1932 0 0 1422
-2999 -2078 0 0 1423
-2999 -2180 0 0 1424
-2992 -2386 0 0 1425
-2983 -2502 0 0 1426
-2963 -2651 0 0 1427
-2923 -2778 0 0 1428
-2883 -2872 0 0 1429
-2853 -2971 0 0 1430
-2819 -3022 0 0 1431
-2761 -3200 0 0 1432
-2696 -3277 0 0 1433
-2623 -3350 0 0 1434
-2544 -3373 0 0 1435
-2457 -3462 0 0 1436
-2364 -3470 0 0 1437
-2298 -3513 0 0 1438
-2229 -3572 0 0 1439
-2083 -3605 0 0 1440
-2007 -3594 0 0 1441
-1887 -3540 0 0 1442
-1720 -3590 0 0 1443
-1589 -3545 0 0 1444
-1454 -3581 0 0 1445
-1267 -3688 0 0 1446
-1123 -3494 0 0 1447
-1026 -3544 0 0 1448
-826 -3384 0 0 1449
-725 -3379 0 0 1450
-572 -3309 0 0 1451
-417 -3205 0 0 1452
-313 -3232 0 0 1453
-104 -3089 0 0 1454
0 -2935 0 0 145554
157 -2880 0 0 1456
313 -2797 0 0 1457
417 -2625 0 0 1458
623 -2502 0 0 1459
725 -2432 0 0 1460
877 -2219 0 0 1461
1075 -2171 0 0 1462
1220 -2061 0 0 1463
1408 -1894 0 0 1464
1545 -1639 0 0 1465
1677 -1486 0 0 1466
1805 -1233 0 0 1467
1928 -1127 0 0 1468
2045 -838 0 0 1469
2194 -664 0 0 1470
2331 -476 0 0 1471
2427 -330 0 0 1472
2544 -115 0 0 1473
2648 24 0 0 14743
2718 225 0 0 1475
2781 457 0 0 1476
2836 748 0 0 1477
2910 980 0 0 1478
2934 1192 0 0 1479
2963 1449 0 0 1480
2983 1542 0 0 1481
2995 1694 0 0 1482
2999 1958 0 0 1483
2988 2108 0 0 1484
2977 2288 0 0 1485
2954 2515 0 0 1486
2910 2657 0 0 1487
2868 2812 0 0 1488
2819 3022 0 0 1489
2761 3063 0 0 1490
2718 3119 0 0 1491
2648 3237 0 0 1492
2598 3348 0 0 1493
2457 3413 0 0 1494
2395 3478 0 0 1495
2298 3573 0 0 1496
2194 3643 0 0 1497
2121 3636 0 0 1498
2007 3668 0 0 1499
1887 3693 0 0 1500
1763 3728 0 0 1501
1633 3701 0 0 1502
1500 3678 0 0 1503
1315 3616 0 0 1504
1220 3528 0 0 1505
1026 3514 0 0 1506
927 3458 0 0 1507
776 3367 0 0 1508
623 3214 0 0 1509
520 3147 0 0 1510
365 3065 0 0 1511
261 2934 0 0 1512
157 2785 0 0 1513
52 2727 0 0 1514
-52 2626 0 0 1515
-209 2526 0 0 1516
-313 2376 0 0 1517
-417 2175 0 0 1518
-520 2055 0 0 1519
-623 1953 0 0 1520
-776 1798 0 0 1521
-927 1688 0 0 1522
-1075 1677 0 0 1523
-1267 1474 0 0 1524
-1361 1270 0 0 1525
-1454 1094 0 0 1526
-1589 913 0 0 1527
-1720 764 0 0 1528
-1805 619 0 0 1529
-1928 480 0 0 1530
-2045 331 0 0 1531
-2121 136 0 0 1532
-2229 -115 0 0 1533
-2364 -131 0 0 1534
-2427 -302 0 0 1535
-2544 -399 0 0 1536
-2623 -565 0 0 1537
-2696 -707 0 0 1538
-2781 -885 0 0 1539
-2836 -983 0 0 1540
-2883 -1101 0 0 1541
-2923 -1308 0 0 1542
-2954 -1480 0 0 1543
-2970 -1606 0 0 1544
-2983 -1803 0 0 1545
-2995 -1926 0 0 1546
-2999 -2042 0 0 1547
-2998 -2220 0 0 1548
-2988 -2326 0 0 1549
-2977 -2479 0 0 1550
-2963 -2519 0 0 1551
-2934 -2740 0 0 1552
-2910 -2809 0 0 1553
-2853 -2971 0 0 1554
-2800 -3023 0 0 1555
-2781 -3132 0 0 1556
-2718 -3222 0 0 1557
-2673 -3304 0 0 1558
-2571 -3325 0 0 1559
-2516 -3449 0 0 1560
-2395 -3451 0 0 1561
-2331 -3528 0 0 1562
-2229 -3590 0 0 1563
-2083 -3637 0 0 1564
-2007 -3654 0 0 1565
-1846 -3651 0 0 1566
-1720 -3616 0 0 1567
-1589 -3598 0 0 1568
-1500 -3579 0 0 1569
-1315 -3568 0 0 1570
-1123 -3591 0 0 1571
-976 -3550 0 0 1572
-877 -3382 0 0 1573
-776 -3341 0 0 1574
-623 -3303 0 0 1575
-469 -3295 0 0 1576
-261 -3234 0 0 1577
-104 -3150 0 0 1578
0 -2976 0 0 157978
157 -2942 0 0 1580
313 -2802 0 0 1581
469 -2662 0 0 1582
572 -2518 0 0 1583
776 -2392 0 0 1584
927 -2349 0 0 1585
1075 -2162 0 0 1586
1220 -2028 0 0 1587
1408 -1873 0 0 1588
1545 -1676 0 0 1589
1720 -1489 0 0 1590
1805 -1278 0 0 1591
1928 -1047 0 0 1592
2045 -875 0 0 1593
2194 -702 0 0 1594
2298 -518 0 0 1595
2427 -335 0 0 1596
2544 -138 0 0 1597
2623 88 0 0 15987
2696 273 0 0 1599
2781 459 0 0 1600
2836 720 0 0 1601
2897 955 0 0 1602
2934 1214 0 0 1603
2963 1381 0 0 1604
2988 1575 0 0 1605
2995 1721 0 0 1606
2998 1892 0 0 1607
2988 2086 0 0 1608
2970 2240 0 0 1609
2954 2370 0 0 1610
2923 2541 0 0 1611
2883 2707 0 0 1612
2853 2934 0 0 1613
2781 3117 0 0 1614
2696 3226 0 0 1615
2623 3246 0 0 1616
2571 3377 0 0 1617
2457 3466 0 0 1618
2395 3619 0 0 1619
2264 3658 0 0 1620
2194 3562 0 0 1621
2083 3669 0 0 1622
2007 3748 0 0 1623
1846 3738 0 0 1624
1720 3668 0 0 1625
1633 3743 0 0 1626
1500 3656 0 0 1627
1315 3614 0 0 1628
1172 3546 0 0 1629
1075 3461 0 0 1630
976 3253 0 0 1631
826 3278 0 0 1632
725 3204 0 0 1633
469 3162 0 0 1634
417 3023 0 0 1635
261 2962 0 0 1636
157 2810 0 0 1637
52 2713 0 0 1638
-52 2622 0 0 1639
-209 2535 0 0 1640
-313 2444 0 0 1641
-469 2211 0 0 1642
-572 2037 0 0 1643
-674 1968 0 0 1644
-776 1853 0 0 1645
-976 1730 0 0 1646
-1075 1658 0 0 1647
-1267 1469 0 0 1648
-1361 1281 0 0 1649
-1500 1121 0 0 1650
-1589 938 0 0 1651
-1677 752 0 0 1652
-1805 676 0 0 1653
-1928 499 0 0 1654
-2007 330 0 0 1655
-2158 190 0 0 1656
-2229 -20 0 0 1657
-2298 -236 0 0 1658
-2457 -318 0 0 1659
-2544 -409 0 0 1660
-2623 -511 0 0 1661
-2718 -676 0 0 1662
-2781 -786 0 0 1663
-2836 -949 0 0 1664
-2897 -1099 0 0 1665
-2934 -1315 0 0 1666
-2944 -1392 0 0 1667
-2970 -1609 0 0 1668
-2983 -1788 0 0 1669
-2995 -1941 0 0 1670
-3000 -2064 0 0 1671
-2998 -2159 0 0 1672
-2992 -2333 0 0 1673
-2977 -2504 0 0 1674
-2954 -2632 0 0 1675
-2934 -2704 0 0 1676
-2910 -2796 0 0 1677
-2868 -2968 0 0 1678
-2819 -3092 0 0 1679
-2740 -3225 0 0 1680
-2673 -3342 0 0 1681
-2598 -3315 0 0 1682
-2544 -3379 0 0 1683
-2457 -3419 0 0 1684
-2427 -3447 0 0 1685
-2331 -3510 0 0 1686
-2229 -3500 0 0 1687
-2158 -3543 0 0 1688
-2007 -3676 0 0 1689
-1846 -3671 0 0 1690
-1677 -3674 0 0 1691
-1545 -3665 0 0 1692
-1408 -3623 0 0 1693
-1267 -3648 0 0 1694
-1123 -3551 0 0 1695
-976 -3488 0 0 1696
-877 -3385 0 0 1697
-725 -3334 0 0 1698
-623 -3311 0 0 1699
-417 -3238 0 0 1700
-261 -3162 0 0 1701
-104 -3106 0 0 1702
52 -3035 0 0 17032
209 -2884 0 0 1704
365 -2837 0 0 1705
520 -2635 0 0 1706
623 -2559 0 0 1707
826 -2372 0 0 1708
976 -2316 0 0 1709
1123 -2141 0 0 1710
1315 -1992 0 0 1711
1454 -1797 0 0 1712
1545 -1596 0 0 1713
1677 -1356 0 0 1714
1846 -1241 0 0 1715
2007 -1072 0 0 1716
2083 -870 0 0 1717
2194 -658 0 0 1718
2298 -415 0 0 1719
2427 -315 0 0 1720
2544 -107 0 0 1721
2648 78 0 0 17221
2761 253 0 0 1723
2800 510 0 0 1724
2853 731 0 0 1725
2897 1072 0 0 1726
2944 1329 0 0 1727
2970 1495 0 0 1728
2992 1659 0 0 1729
2999 1732 0 0 1730
2995 1921 0 0 1731
2988 2084 0 0 1732
2970 2258 0 0 1733
2954 2410 0 0 1734
2923 2642 0 0 1735
2883 2867 0 0 1736
2819 3046 0 0 1737
2761 3153 0 0 1738
2696 3209 0 0 1739
2623 3317 0 0 1740
2544 3403 0 0 1741
2457 3458 0 0 1742
2364 3591 0 0 1743
2264 3624 0 0 1744
2158 3688 0 0 1745
2045 3693 0 0 1746
1968 3734 0 0 1747
1846 3701 0 0 1748
1677 3687 0 0 1749
1545 3693 0 0 1750
1361 3669 0 0 1751
1267 3553 0 0 1752
1123 3481 0 0 1753
1075 3346 0 0 1754
927 3355 0 0 1755
725 3303 0 0 1756
572 3190 0 0 1757
469 3086 0 0 1758
313 3008 0 0 1759
209 2885 0 0 1760
104 2764 0 0 1761
0 2590 0 0 17621
-104 2549 0 0 1763
-209 2415 0 0 1764
-313 2276 0 0 1765
-365 2133 0 0 1766
-520 2077 0 0 1767
-674 1892 0 0 1768
-776 1808 0 0 1769
-976 1677 0 0 1770
-1123 1519 0 0 1771
-1220 1402 0 0 1772
-1361 1237 0 0 1773
-1500 1013 0 0 1774
-1589 903 0 0 1775
-1720 799 0 0 1776
-1846 701 0 0 1777
-1968 409 0 0 1778
-2045 277 0 0 1779
-2158 162 0 0 1780
-2264 -37 0 0 1781
-2331 -195 0 0 1782
-2427 -383 0 0 1783
-2544 -497 0 0 1784
-2623 -570 0 0 1785
-2718 -760 0 0 1786
-2781 -919 0 0 1787
-2836 -1038 0 0 1788
-2883 -1149 0 0 1789
-2923 -1238 0 0 1790
-2944 -1400 0 0 1791
-2977 -1577 0 0 1792
-2983 -1781 0 0 1793
-2995 -1927 0 0 1794
-3000 -2045 0 0 1795
-2998 -2194 0 0 1796
-2988 -2356 0 0 1797
-2977 -2467 0 0 1798
-2963 -2625 0 0 1799
-2934 -2783 0 0 1800
-2897 -2894 0 0 1801
-2868 -2933 0 0 1802
-2819 -3103 0 0 1803
-2761 -3153 0 0 1804
-2696 -3222 0 0 1805
-2623 -3336 0 0 1806
-2544 -3415 0 0 1807
-2487 -3468 0 0 1808
-2364 -3511 0 0 1809
-2264 -3521 0 0 1810
-2194 -3517 0 0 1811
-2121 -3530 0 0 1812
-2007 -3579 0 0 1813
-1887 -3553 0 0 1814
-1720 -3604 0 0 1815
-1589 -3643 0 0 1816
-1454 -3705 0 0 1817
-1220 -3676 0 0 1818
-1075 -3416 0 0 1819
-1026 -3447 0 0 1820
-877 -3454 0 0 1821
-725 -3396 0 0 1822
-572 -3305 0 0 1823
-417 -3165 0 0 1824
-313 -3066 0 0 1825
-157 -3198 0 0 1826
52 -2968 0 0 18276
157 -2823 0 0 1828
261 -2765 0 0 1829
469 -2744 0 0 1830
674 -2537 0 0 1831
776 -2388 0 0 1832
877 -2265 0 0 1833
1075 -2100 0 0 1834
1220 -1988 0 0 1835
1408 -1906 0 0 1836
1545 -1662 0 0 1837
1677 -1468 0 0 1838
1846 -1338 0 0 1839
1968 -1129 0 0 1840
2083 -919 0 0 1841
2194 -761 0 0 1842
2298 -522 0 0 1843
2427 -368 0 0 1844
2544 -107 0 0 1845
2598 114 0 0 1846
2696 290 0 0 1847
2781 504 0 0 1848
2853 723 0 0 1849
2910 918 0 0 1850
2944 1218 0 0 1851
2970 1407 0 0 1852
2988 1569 0 0 1853
2998 1773 0 0 1854
2998 2024 0 0 1855
2988 2137 0 0 1856
2977 2265 0 0 1857
2954 2435 0 0 1858
2923 2650 0 0 1859
2868 2829 0 0 1860
2819 2962 0 0 1861
2761 3101 0 0 1862
2696 3200 0 0 1863
2623 3333 0 0 1864
2598 3394 0 0 1865
2457 3402 0 0 1866
2395 3537 0 0 1867
2298 3655 0 0 1868
2158 3749 0 0 1869
2007 3693 0 0 1870
1968 3673 0 0 1871
1887 3688 0 0 1872
1763 3687 0 0 1873
1589 3634 0 0 1874
1500 3682 0 0 1875
1361 3602 0 0 1876
1220 3602 0 0 1877
1026 3482 0 0 1878
927 3371 0 0 1879
776 3312 0 0 1880
623 3184 0 0 1881
520 3140 0 0 1882
365 2984 0 0 1883
261 2901 0 0 1884
157 2773 0 0 1885
52 2607 0 0 1886
-52 2616 0 0 1887
-209 2444 0 0 1888
-261 2385 0 0 1889
-417 2208 0 0 1890
-520 2136 0 0 1891
-674 2016 0 0 1892
-826 1867 0 0 1893
-976 1683 0 0 1894
-1123 1589 0 0 1895
-1220 1425 0 0 1896
-1315 1203 0 0 1897
-1361 997 0 0 1898
-1545 909 0 0 1899
-1677 795 0 0 1900
-1846 658 0 0 1901
-1968 479 0 0 1902
-2045 329 0 0 1903
-2121 114 0 0 1904
-2229 -63 0 0 1905
-2331 -205 0 0 1906
-2427 -297 0 0 1907
-2516 -470 0 0 1908
-2623 -594 0 0 1909
-2673 -734 0 0 1910
-2740 -835 0 0 1911
-2800 -952 0 0 1912
-2868 -1114 0 0 1913
-2923 -1314 0 0 1914
-2944 -1424 0 0 1915
-2970 -1579 0 0 1916
-2983 -1797 0 0 1917
-2995 -1882 0 0 1918
-2999 -1996 0 0 1919
-2998 -2178 0 0 1920
-2992 -2314 0 0 1921
-2983 -2421 0 0 1922
-2963 -2611 0 0 1923
-2934 -2705 0 0 1924
-2897 -2742 0 0 1925
-2868 -2944 0 0 1926
-2819 -3004 0 0 1927
-2781 -3080 0 0 1928
-2718 -3203 0 0 1929
-2648 -3372 0 0 1930
-2571 -3391 0 0 1931
-2487 -3472 0 0 1932
-2364 -3505 0 0 1933
-2298 -3525 0 0 1934
-2229 -3526 0 0 1935
-2121 -3546 0 0 1936
-1968 -3688 0 0 1937
-1846 -3658 0 0 1938
-1677 -3676 0 0 1939
-1545 -3607 0 0 1940
-1361 -3579 0 0 1941
-1315 -3506 0 0 1942
-1172 -3472 0 0 1943
-1026 -3410 0 0 1944
-927 -3359 0 0 1945
-776 -3305 0 0 1946
-623 -3271 0 0 1947
-417 -3312 0 0 1948
-261 -3181 0 0 1949
-157 -3045 0 0 1950
0 -2952 0 0 195150
157 -2859 0 0 1952
261 -2775 0 0 1953
417 -2659 0 0 1954
572 -2597 0 0 1955
725 -2445 0 0 1956
877 -2252 0 0 1957
976 -2124 0 0 1958
1123 -1975 0 0 1959
1315 -1846 0 0 1960
1454 -1656 0 0 1961
1633 -1516 0 0 1962
1805 -1365 0 0 1963
1928 -1258 0 0 1964
2045 -1066 0 0 1965
2158 -861 0 0 1966
2264 -590 0 0 1967
2364 -416 0 0 1968
2487 -152 0 0 1969
2598 29 0 0 19709
2673 257 0 0 1971
2761 440 0 0 1972
2836 682 0 0 1973
2897 893 0 0 1974
2934 1146 0 0 1975
2954 1330 0 0 1976
2983 1533 0 0 1977
2992 1672 0 0 1978
2999 1900 0 0 1979
2992 2033 0 0 1980
2977 2195 0 0 1981
2954 2347 0 0 1982
2923 2580 0 0 1983
2883 2718 0 0 1984
2836 2896 0 0 1985
2781 3020 0 0 1986
2718 3191 0 0 1987
2623 3253 0 0 1988
2571 3306 0 0 1989
2487 3374 0 0 1990
2427 3514 0 0 1991
2331 3567 0 0 1992
2229 3620 0 0 1993
2158 3587 0 0 1994
2007 3612 0 0 1995
1928 3697 0 0 1996
1805 3719 0 0 1997
1677 3710 0 0 1998
1500 3686 0 0 1999