50 0 0 0 0
51 0 0 0 1
52 1 0 0 2
53 1 0 0 3
54 1 0 0 4
55 6 0 0 5
56 6 0 0 6
57 10 0 0 7
58 10 0 0 8
59 10 0 0 9
60 15 0 0 10
61 15 0 0 11
62 19 0 0 12
63 19 0 0 13
64 19 0 0 14
65 23 0 0 15
66 23 0 0 16
67 27 0 0 17
68 27 0 0 18
69 27 0 0 19
70 30 0 0 20
71 30 0 0 21
72 33 0 0 22
73 33 0 0 23
73 33 0 0 24
74 37 0 0 25
75 37 0 0 26
76 40 0 0 27
77 40 0 0 28
78 40 0 0 29
79 42 0 0 30
80 42 0 0 31
81 46 0 0 32
82 46 0 0 33
83 46 0 0 34
84 48 0 0 35
85 48 0 0 36
86 50 0 0 37
87 50 0 0 38
88 50 0 0 39
89 53 0 0 40
90 53 0 0 41
91 55 0 0 42
92 55 0 0 43
93 55 0 0 44
94 57 0 0 45
95 57 0 0 46
96 60 0 0 47
97 60 0 0 48
98 60 0 0 49
98 61 0 0 50
99 61 0 0 51
100 63 0 0 52
101 63 0 0 53
102 63 0 0 54
103 66 0 0 55
104 66 0 0 56
105 68 0 0 57
106 68 0 0 58
107 68 0 0 59
108 70 0 0 60
109 70 0 0 61
110 72 0 0 62
111 72 0 0 63
112 72 0 0 64
113 74 0 0 65
114 74 0 0 66
115 77 0 0 67
116 77 0 0 68
117 77 0 0 69
118 79 0 0 70
119 79 0 0 71
120 82 0 0 72
120 82 0 0 73
120 82 0 0 74
120 84 0 0 75
120 84 0 0 76
120 86 0 0 77
120 86 0 0 78
120 86 0 0 79
120 89 0 0 80
120 89 0 0 81
120 90 0 0 82
120 90 0 0 83
120 90 0 0 84
120 93 0 0 85
120 93 0 0 86
120 94 0 0 87
120 94 0 0 88
120 94 0 0 89
120 96 0 0 90
120 96 0 0 91
120 97 0 0 92
120 97 0 0 93
120 97 0 0 94
120 100 0 0 95
120 100 0 0 96
120 102 0 0 97
120 102 0 0 98
120 102 0 0 99
120 103 0 0 100
120 103 0 0 101
120 105 0 0 102
120 105 0 0 103
120 105 0 0 104
120 106 0 0 105
120 106 0 0 106
120 108 0 0 107
120 108 0 0 108
120 108 0 0 109
120 108 0 0 110
120 108 0 0 111
120 110 0 0 112
120 110 0 0 113
120 110 0 0 114
120 110 0 0 115
120 110 0 0 116
120 113 0 0 117
120 113 0 0 118
120 113 0 0 119
120 113 0 0 120
120 113 0 0 121
120 115 0 0 122
120 115 0 0 123
120 115 0 0 124
120 116 0 0 125
120 116 0 0 126
120 117 0 0 127
120 117 0 0 128
120 117 0 0 129
120 118 0 0 130
120 118 0 0 131
120 118 0 0 132
120 118 0 0 133
120 118 0 0 134
120 119 0 0 135
120 119 0 0 136
120 120 0 0 137
120 120 0 0 138
120 120 0 0 139
120 120 0 0 140
120 120 0 0 141
120 120 0 0 142
120 120 0 0 143
120 120 0 0 144
120 121 0 0 145
120 121 0 0 146
120 121 0 0 147
120 121 0 0 148
120 121 0 0 149
120 121 0 0 150
120 121 0 0 151
120 121 0 0 152
120 121 0 0 153
120 121 0 0 154
120 121 0 0 155
120 121 0 0 156
120 121 0 0 157
120 121 0 0 158
120 121 0 0 159
120 121 0 0 160
120 121 0 0 161
120 121 0 0 162
120 121 0 0 163
120 121 0 0 164
120 121 0 0 165
120 121 0 0 166
120 122 0 0 167
120 122 0 0 168
120 122 0 0 169
120 121 0 0 170
120 121 0 0 171
120 121 0 0 172
120 121 0 0 173
120 121 0 0 174
120 121 0 0 175
120 121 0 0 176
120 121 0 0 177
120 121 0 0 178
120 121 0 0 179
120 121 0 0 180
120 121 0 0 181
120 120 0 0 182
120 120 0 0 183
120 120 0 0 184
120 121 0 0 185
120 121 0 0 186
120 120 0 0 187
120 120 0 0 188
120 120 0 0 189
120 120 0 0 190
120 120 0 0 191
120 120 0 0 192
120 120 0 0 193
120 120 0 0 194
120 120 0 0 195
120 120 0 0 196
120 120 0 0 197
120 120 0 0 198
120 120 0 0 199
120 120 0 0 200
120 120 0 0 201
120 120 0 0 202
120 120 0 0 203
120 120 0 0 204
120 119 0 0 205
120 119 0 0 206
120 120 0 0 207
120 120 0 0 208
120 120 0 0 209
120 119 0 0 210
120 119 0 0 211
120 120 0 0 212
120 120 0 0 213
120 120 0 0 214
120 119 0 0 215
120 119 0 0 216
120 119 0 0 217
120 119 0 0 218
120 119 0 0 219
120 119 0 0 220
120 119 0 0 221
120 119 0 0 222
120 119 0 0 223
120 119 0 0 224
120 119 0 0 225
120 119 0 0 226
120 119 0 0 227
120 119 0 0 228
120 119 0 0 229
120 119 0 0 230
120 119 0 0 231
120 118 0 0 232
120 118 0 0 233
120 118 0 0 234
120 119 0 0 235
120 119 0 0 236
120 118 0 0 237
120 118 0 0 238
120 118 0 0 239
120 119 0 0 240
120 119 0 0 241
120 118 0 0 242
120 118 0 0 243
120 118 0 0 244
120 119 0 0 245
120 119 0 0 246
120 118 0 0 247
120 118 0 0 248
120 118 0 0 249
120 118 0 0 250
120 118 0 0 251
120 119 0 0 252
120 119 0 0 253
120 119 0 0 254
120 118 0 0 255
120 118 0 0 256
120 119 0 0 257
120 119 0 0 258
120 119 0 0 259
120 118 0 0 260
120 118 0 0 261
120 119 0 0 262
120 119 0 0 263
120 119 0 0 264
120 118 0 0 265
120 118 0 0 266
120 119 0 0 267
120 119 0 0 268
120 119 0 0 269
120 118 0 0 270
120 118 0 0 271
120 119 0 0 272
120 119 0 0 273
120 119 0 0 274
120 118 0 0 275
120 118 0 0 276
120 119 0 0 277
120 119 0 0 278
120 119 0 0 279
120 118 0 0 280
120 118 0 0 281
120 118 0 0 282
120 118 0 0 283
120 118 0 0 284
120 118 0 0 285
120 118 0 0 286
120 118 0 0 287
120 118 0 0 288
120 118 0 0 289
120 119 0 0 290
120 119 0 0 291
120 118 0 0 292
120 118 0 0 293
120 118 0 0 294
120 119 0 0 295
120 119 0 0 296
120 118 0 0 297
120 118 0 0 298
120 118 0 0 299
120 119 0 0 300
120 119 0 0 301
120 118 0 0 302
120 118 0 0 303
120 118 0 0 304
120 119 0 0 305
120 119 0 0 306
120 118 0 0 307
120 118 0 0 308
120 118 0 0 309
120 119 0 0 310
120 119 0 0 311
120 118 0 0 312
120 118 0 0 313
120 118 0 0 314
120 118 0 0 315
120 118 0 0 316
120 118 0 0 317
120 118 0 0 318
120 118 0 0 319
120 119 0 0 320
120 119 0 0 321
120 118 0 0 322
120 118 0 0 323
120 118 0 0 324
120 118 0 0 325
120 118 0 0 326
120 118 0 0 327
120 118 0 0 328
120 118 0 0 329
120 118 0 0 330
120 118 0 0 331
120 119 0 0 332
120 119 0 0 333
120 119 0 0 334
120 119 0 0 335
120 119 0 0 336
120 119 0 0 337
120 119 0 0 338
120 119 0 0 339
120 119 0 0 340
120 119 0 0 341
120 119 0 0 342
120 119 0 0 343
120 119 0 0 344
120 118 0 0 345
120 118 0 0 346
120 119 0 0 347
120 119 0 0 348
120 119 0 0 349
120 118 0 0 350
120 118 0 0 351
120 119 0 0 352
120 119 0 0 353
120 119 0 0 354
120 118 0 0 355
120 118 0 0 356
120 119 0 0 357
120 119 0 0 358
120 119 0 0 359
120 118 0 0 360
120 118 0 0 361
120 119 0 0 362
120 119 0 0 363
120 119 0 0 364
120 119 0 0 365
120 119 0 0 366
120 119 0 0 367
120 119 0 0 368
120 119 0 0 369
120 118 0 0 370
120 118 0 0 371
120 119 0 0 372
120 119 0 0 373
120 119 0 0 374
120 119 0 0 375
120 119 0 0 376
120 119 0 0 377
120 119 0 0 378
120 119 0 0 379
120 119 0 0 380
120 119 0 0 381
120 119 0 0 382
120 119 0 0 383
120 119 0 0 384
120 119 0 0 385
120 119 0 0 386
120 119 0 0 387
120 119 0 0 388
120 119 0 0 389
120 119 0 0 390
120 119 0 0 391
120 119 0 0 392
120 119 0 0 393
120 119 0 0 394
120 119 0 0 395
120 119 0 0 396
120 119 0 0 397
120 119 0 0 398
120 119 0 0 399
120 119 0 0 400
120 119 0 0 401
120 119 0 0 402
120 119 0 0 403
120 119 0 0 404
120 120 0 0 405
120 120 0 0 406
120 120 0 0 407
120 120 0 0 408
120 120 0 0 409
120 120 0 0 410
120 120 0 0 411
120 119 0 0 412
120 119 0 0 413
120 119 0 0 414
120 120 0 0 415
120 120 0 0 416
120 119 0 0 417
120 119 0 0 418
120 119 0 0 419
120 120 0 0 420
120 120 0 0 421
120 119 0 0 422
120 119 0 0 423
120 119 0 0 424
120 120 0 0 425
120 120 0 0 426
120 119 0 0 427
120 119 0 0 428
120 119 0 0 429
120 119 0 0 430
120 119 0 0 431
120 119 0 0 432
120 119 0 0 433
120 119 0 0 434
120 119 0 0 435
120 119 0 0 436
120 119 0 0 437
120 119 0 0 438
120 119 0 0 439
120 119 0 0 440
120 119 0 0 441
120 119 0 0 442
120 119 0 0 443
120 119 0 0 444
120 120 0 0 445
120 120 0 0 446
120 119 0 0 447
120 119 0 0 448
120 119 0 0 449
120 119 0 0 450
120 119 0 0 451
120 119 0 0 452
120 119 0 0 453
120 119 0 0 454
120 120 0 0 455
120 120 0 0 456
120 119 0 0 457
120 119 0 0 458
120 119 0 0 459
120 119 0 0 460
120 119 0 0 461
120 119 0 0 462
120 119 0 0 463
120 119 0 0 464
120 119 0 0 465
120 119 0 0 466
120 119 0 0 467
120 119 0 0 468
120 119 0 0 469
120 119 0 0 470
120 119 0 0 471
120 119 0 0 472
120 119 0 0 473
120 119 0 0 474
120 119 0 0 475
120 119 0 0 476
120 119 0 0 477
120 119 0 0 478
120 119 0 0 479
120 119 0 0 480
120 119 0 0 481
120 119 0 0 482
120 119 0 0 483
120 119 0 0 484
120 119 0 0 485
120 119 0 0 486
120 119 0 0 487
120 119 0 0 488
120 119 0 0 489
120 119 0 0 490
120 119 0 0 491
120 119 0 0 492
120 119 0 0 493
120 119 0 0 494
120 119 0 0 495
120 119 0 0 496
120 119 0 0 497
120 119 0 0 498
120 119 0 0 499
120 120 0 0 500
120 120 0 0 501
120 120 0 0 502
120 120 0 0 503
120 120 0 0 504
120 120 0 0 505
120 120 0 0 506
120 120 0 0 507
120 120 0 0 508
120 120 0 0 509
120 120 0 0 510
120 120 0 0 511
120 120 0 0 512
120 120 0 0 513
120 120 0 0 514
120 120 0 0 515
120 120 0 0 516
120 120 0 0 517
120 120 0 0 518
120 120 0 0 519
120 120 0 0 520
120 120 0 0 521
120 120 0 0 522
120 120 0 0 523
120 120 0 0 524
120 119 0 0 525
120 119 0 0 526
120 120 0 0 527
120 120 0 0 528
120 120 0 0 529
120 119 0 0 530
120 119 0 0 531
120 120 0 0 532
120 120 0 0 533
120 120 0 0 534
120 119 0 0 535
120 119 0 0 536
120 120 0 0 537
120 120 0 0 538
120 120 0 0 539
120 119 0 0 540
120 119 0 0 541
120 120 0 0 542
120 120 0 0 543
120 120 0 0 544
120 119 0 0 545
120 119 0 0 546
120 120 0 0 547
120 120 0 0 548
120 120 0 0 549
120 119 0 0 550
120 119 0 0 551
120 119 0 0 552
120 119 0 0 553
120 119 0 0 554
120 119 0 0 555
120 119 0 0 556
120 119 0 0 557
120 119 0 0 558
120 119 0 0 559
120 119 0 0 560
120 119 0 0 561
120 119 0 0 562
120 119 0 0 563
120 119 0 0 564
120 119 0 0 565
120 119 0 0 566
120 119 0 0 567
120 119 0 0 568
120 119 0 0 569
120 119 0 0 570
120 119 0 0 571
120 119 0 0 572
120 119 0 0 573
120 119 0 0 574
120 119 0 0 575
120 119 0 0 576
120 119 0 0 577
120 119 0 0 578
120 119 0 0 579
120 119 0 0 580
120 119 0 0 581
120 119 0 0 582
120 119 0 0 583
120 119 0 0 584
120 119 0 0 585
120 119 0 0 586
120 119 0 0 587
120 119 0 0 588
120 119 0 0 589
120 119 0 0 590
120 119 0 0 591
120 120 0 0 592
120 120 0 0 593
120 120 0 0 594
120 119 0 0 595
120 119 0 0 596
120 120 0 0 597
120 120 0 0 598
120 120 0 0 599
120 119 0 0 600
120 119 0 0 601
120 120 0 0 602
120 120 0 0 603
120 120 0 0 604
120 119 0 0 605
120 119 0 0 606
120 120 0 0 607
120 120 0 0 608
120 120 0 0 609
120 119 0 0 610
120 119 0 0 611
120 120 0 0 612
120 120 0 0 613
120 120 0 0 614
120 119 0 0 615
120 119 0 0 616
120 120 0 0 617
120 120 0 0 618
120 120 0 0 619
120 119 0 0 620
120 119 0 0 621
120 120 0 0 622
120 120 0 0 623
120 120 0 0 624
120 119 0 0 625
120 119 0 0 626
120 120 0 0 627
120 120 0 0 628
120 120 0 0 629
120 120 0 0 630
120 120 0 0 631
120 120 0 0 632
120 120 0 0 633
120 120 0 0 634
120 120 0 0 635
120 120 0 0 636
120 120 0 0 637
120 120 0 0 638
120 120 0 0 639
120 120 0 0 640
120 120 0 0 641
120 120 0 0 642
120 120 0 0 643
120 120 0 0 644
120 120 0 0 645
120 120 0 0 646
120 120 0 0 647
120 120 0 0 648
120 120 0 0 649
120 120 0 0 650
120 120 0 0 651
120 120 0 0 652
120 120 0 0 653
120 120 0 0 654
120 120 0 0 655
120 120 0 0 656
120 120 0 0 657
120 120 0 0 658
120 120 0 0 659
120 120 0 0 660
120 120 0 0 661
120 120 0 0 662
120 120 0 0 663
120 120 0 0 664
120 120 0 0 665
120 120 0 0 666
120 120 0 0 667
120 120 0 0 668
120 120 0 0 669
120 120 0 0 670
120 120 0 0 671
120 120 0 0 672
120 120 0 0 673
120 120 0 0 674
120 119 0 0 675
120 119 0 0 676
120 120 0 0 677
120 120 0 0 678
120 120 0 0 679
120 119 0 0 680
120 119 0 0 681
120 120 0 0 682
120 120 0 0 683
120 120 0 0 684
120 119 0 0 685
120 119 0 0 686
120 120 0 0 687
120 120 0 0 688
120 120 0 0 689
120 119 0 0 690
120 119 0 0 691
120 120 0 0 692
120 120 0 0 693
120 120 0 0 694
120 119 0 0 695
120 119 0 0 696
120 120 0 0 697
120 120 0 0 698
120 120 0 0 699
120 119 0 0 700
120 119 0 0 701
120 120 0 0 702
120 120 0 0 703
120 120 0 0 704
120 119 0 0 705
120 119 0 0 706
120 120 0 0 707
120 120 0 0 708
120 120 0 0 709
120 119 0 0 710
120 119 0 0 711
120 120 0 0 712
120 120 0 0 713
120 120 0 0 714
120 119 0 0 715
120 119 0 0 716
120 120 0 0 717
120 120 0 0 718
120 120 0 0 719
120 119 0 0 720
120 119 0 0 721
120 120 0 0 722
120 120 0 0 723
120 120 0 0 724
120 119 0 0 725
120 119 0 0 726
120 120 0 0 727
120 120 0 0 728
120 120 0 0 729
120 119 0 0 730
120 119 0 0 731
120 120 0 0 732
120 120 0 0 733
120 120 0 0 734
120 119 0 0 735
120 119 0 0 736
120 120 0 0 737
120 120 0 0 738
120 120 0 0 739
120 119 0 0 740
120 119 0 0 741
120 120 0 0 742
120 120 0 0 743
120 120 0 0 744
120 119 0 0 745
120 119 0 0 746
120 120 0 0 747
120 120 0 0 748
120 120 0 0 749
120 119 0 0 750
120 119 0 0 751
120 120 0 0 752
120 120 0 0 753
120 120 0 0 754
120 119 0 0 755
120 119 0 0 756
120 120 0 0 757
120 120 0 0 758
120 120 0 0 759
120 120 0 0 760
120 120 0 0 761
120 120 0 0 762
120 120 0 0 763
120 120 0 0 764
120 119 0 0 765
120 119 0 0 766
120 120 0 0 767
120 120 0 0 768
120 120 0 0 769
120 119 0 0 770
120 119 0 0 771
120 120 0 0 772
120 120 0 0 773
120 120 0 0 774
120 119 0 0 775
120 119 0 0 776
120 120 0 0 777
120 120 0 0 778
120 120 0 0 779
120 120 0 0 780
120 120 0 0 781
120 120 0 0 782
120 120 0 0 783
120 120 0 0 784
120 120 0 0 785
120 120 0 0 786
120 120 0 0 787
120 120 0 0 788
120 120 0 0 789
120 119 0 0 790
120 119 0 0 791
120 120 0 0 792
120 120 0 0 793
120 120 0 0 794
120 119 0 0 795
120 119 0 0 796
120 120 0 0 797
120 120 0 0 798
120 120 0 0 799
120 119 0 0 800
120 119 0 0 801
120 120 0 0 802
120 120 0 0 803
120 120 0 0 804
120 119 0 0 805
120 119 0 0 806
120 120 0 0 807
120 120 0 0 808
120 120 0 0 809
120 119 0 0 810
120 119 0 0 811
120 120 0 0 812
120 120 0 0 813
120 120 0 0 814
120 120 0 0 815
120 120 0 0 816
120 120 0 0 817
120 120 0 0 818
120 120 0 0 819
120 120 0 0 820
120 120 0 0 821
120 120 0 0 822
120 120 0 0 823
120 120 0 0 824
120 120 0 0 825
120 120 0 0 826
120 120 0 0 827
120 120 0 0 828
120 120 0 0 829
120 120 0 0 830
120 120 0 0 831
120 120 0 0 832
120 120 0 0 833
120 120 0 0 834
120 120 0 0 835
120 120 0 0 836
120 120 0 0 837
120 120 0 0 838
120 120 0 0 839
120 120 0 0 840
120 120 0 0 841
120 120 0 0 842
120 120 0 0 843
120 120 0 0 844
120 120 0 0 845
120 120 0 0 846
120 120 0 0 847
120 120 0 0 848
120 120 0 0 849
120 120 0 0 850
120 120 0 0 851
120 120 0 0 852
120 120 0 0 853
120 120 0 0 854
120 120 0 0 855
120 120 0 0 856
120 120 0 0 857
120 120 0 0 858
120 120 0 0 859
120 120 0 0 860
120 120 0 0 861
120 120 0 0 862
120 120 0 0 863
120 120 0 0 864
120 120 0 0 865
120 120 0 0 866
120 120 0 0 867
120 120 0 0 868
120 120 0 0 869
120 120 0 0 870
120 120 0 0 871
120 120 0 0 872
120 120 0 0 873
120 120 0 0 874
120 120 0 0 875
120 120 0 0 876
120 120 0 0 877
120 120 0 0 878
120 120 0 0 879
120 120 0 0 880
120 120 0 0 881
120 121 0 0 882
120 121 0 0 883
120 121 0 0 884
120 120 0 0 885
120 120 0 0 886
120 120 0 0 887
120 120 0 0 888
120 120 0 0 889
120 120 0 0 890
120 120 0 0 891
120 121 0 0 892
120 121 0 0 893
120 121 0 0 894
120 120 0 0 895
120 120 0 0 896
120 121 0 0 897
120 121 0 0 898
120 121 0 0 899
120 120 0 0 900
120 120 0 0 901
120 120 0 0 902
120 120 0 0 903
120 120 0 0 904
120 120 0 0 905
120 120 0 0 906
120 121 0 0 907
120 121 0 0 908
120 121 0 0 909
120 120 0 0 910
120 120 0 0 911
120 121 0 0 912
120 121 0 0 913
120 121 0 0 914
120 120 0 0 915
120 120 0 0 916
120 120 0 0 917
120 120 0 0 918
120 120 0 0 919
120 120 0 0 920
120 120 0 0 921
120 121 0 0 922
120 121 0 0 923
120 121 0 0 924
120 120 0 0 925
120 120 0 0 926
120 121 0 0 927
120 121 0 0 928
120 121 0 0 929
120 120 0 0 930
120 120 0 0 931
120 121 0 0 932
120 121 0 0 933
120 121 0 0 934
120 120 0 0 935
120 120 0 0 936
120 120 0 0 937
120 120 0 0 938
120 120 0 0 939
120 120 0 0 940
120 120 0 0 941
120 120 0 0 942
120 120 0 0 943
120 120 0 0 944
120 120 0 0 945
120 120 0 0 946
120 120 0 0 947
120 120 0 0 948
120 120 0 0 949
120 120 0 0 950
120 120 0 0 951
120 120 0 0 952
120 120 0 0 953
120 120 0 0 954
120 120 0 0 955
120 120 0 0 956
120 121 0 0 957
120 121 0 0 958
120 121 0 0 959
120 120 0 0 960
120 120 0 0 961
120 120 0 0 962
120 120 0 0 963
120 120 0 0 964
120 120 0 0 965
120 120 0 0 966
120 120 0 0 967
120 120 0 0 968
120 120 0 0 969
120 120 0 0 970
120 120 0 0 971
120 120 0 0 972
120 120 0 0 973
120 120 0 0 974
120 120 0 0 975
120 120 0 0 976
120 120 0 0 977
120 120 0 0 978
120 120 0 0 979
120 120 0 0 980
120 120 0 0 981
120 120 0 0 982
120 120 0 0 983
120 120 0 0 984
120 120 0 0 985
120 120 0 0 986
120 120 0 0 987
120 120 0 0 988
120 120 0 0 989
120 119 0 0 990
120 119 0 0 991
120 120 0 0 992
120 120 0 0 993
120 120 0 0 994
120 119 0 0 995
120 119 0 0 996
120 120 0 0 997
120 120 0 0 998
120 120 0 0 999
120 119 0 0 1000
120 119 0 0 1001
120 120 0 0 1002
120 120 0 0 1003
120 120 0 0 1004
120 119 0 0 1005
120 119 0 0 1006
120 120 0 0 1007
120 120 0 0 1008
120 120 0 0 1009
120 119 0 0 1010
120 119 0 0 1011
120 120 0 0 1012
120 120 0 0 1013
120 120 0 0 1014
120 119 0 0 1015
120 119 0 0 1016
120 119 0 0 1017
120 119 0 0 1018
120 119 0 0 1019
120 118 0 0 1020
120 118 0 0 1021
120 119 0 0 1022
120 119 0 0 1023
120 119 0 0 1024
120 118 0 0 1025
120 118 0 0 1026
120 118 0 0 1027
120 118 0 0 1028
120 118 0 0 1029
120 117 0 0 1030
120 117 0 0 1031
120 117 0 0 1032
120 117 0 0 1033
120 117 0 0 1034
120 117 0 0 1035
120 117 0 0 1036
120 117 0 0 1037
120 117 0 0 1038
120 117 0 0 1039
120 117 0 0 1040
120 117 0 0 1041
120 117 0 0 1042
120 117 0 0 1043
120 117 0 0 1044
120 116 0 0 1045
120 116 0 0 1046
120 116 0 0 1047
120 116 0 0 1048
120 116 0 0 1049
120 116 0 0 1050
120 116 0 0 1051
120 116 0 0 1052
120 116 0 0 1053
120 116 0 0 1054
120 116 0 0 1055
120 116 0 0 1056
120 115 0 0 1057
120 115 0 0 1058
120 115 0 0 1059
120 116 0 0 1060
120 116 0 0 1061
120 115 0 0 1062
120 115 0 0 1063
120 115 0 0 1064
120 116 0 0 1065
120 116 0 0 1066
120 115 0 0 1067
120 115 0 0 1068
120 115 0 0 1069
120 116 0 0 1070
120 116 0 0 1071
120 115 0 0 1072
120 115 0 0 1073
120 115 0 0 1074
120 116 0 0 1075
120 116 0 0 1076
120 116 0 0 1077
120 116 0 0 1078
120 116 0 0 1079
120 117 0 0 1080
120 117 0 0 1081
120 116 0 0 1082
120 116 0 0 1083
120 116 0 0 1084
120 117 0 0 1085
120 117 0 0 1086
120 116 0 0 1087
120 116 0 0 1088
120 116 0 0 1089
120 117 0 0 1090
120 117 0 0 1091
120 117 0 0 1092
120 117 0 0 1093
120 117 0 0 1094
120 118 0 0 1095
120 118 0 0 1096
120 117 0 0 1097
120 117 0 0 1098
120 117 0 0 1099
120 118 0 0 1100
120 118 0 0 1101
120 117 0 0 1102
120 117 0 0 1103
120 117 0 0 1104
120 118 0 0 1105
120 118 0 0 1106
120 117 0 0 1107
120 117 0 0 1108
120 117 0 0 1109
120 118 0 0 1110
120 118 0 0 1111
120 117 0 0 1112
120 117 0 0 1113
120 117 0 0 1114
120 118 0 0 1115
120 118 0 0 1116
120 117 0 0 1117
120 117 0 0 1118
120 117 0 0 1119
120 118 0 0 1120
120 118 0 0 1121
120 117 0 0 1122
120 117 0 0 1123
120 117 0 0 1124
120 118 0 0 1125
120 118 0 0 1126
120 117 0 0 1127
120 117 0 0 1128
120 117 0 0 1129
120 118 0 0 1130
120 118 0 0 1131
120 118 0 0 1132
120 118 0 0 1133
120 118 0 0 1134
120 118 0 0 1135
120 118 0 0 1136
120 118 0 0 1137
120 118 0 0 1138
120 118 0 0 1139
120 119 0 0 1140
120 119 0 0 1141
120 118 0 0 1142
120 118 0 0 1143
120 118 0 0 1144
120 119 0 0 1145
120 119 0 0 1146
120 119 0 0 1147
120 119 0 0 1148
120 119 0 0 1149
120 119 0 0 1150
120 119 0 0 1151
120 119 0 0 1152
120 119 0 0 1153
120 119 0 0 1154
120 119 0 0 1155
120 119 0 0 1156
120 119 0 0 1157
120 119 0 0 1158
120 119 0 0 1159
120 120 0 0 1160
120 120 0 0 1161
120 119 0 0 1162
120 119 0 0 1163
120 119 0 0 1164
120 119 0 0 1165
120 119 0 0 1166
120 119 0 0 1167
120 119 0 0 1168
120 119 0 0 1169
120 120 0 0 1170
120 120 0 0 1171
120 119 0 0 1172
120 119 0 0 1173
120 119 0 0 1174
120 120 0 0 1175
120 120 0 0 1176
120 119 0 0 1177
120 119 0 0 1178
120 119 0 0 1179
120 120 0 0 1180
120 120 0 0 1181
120 119 0 0 1182
120 119 0 0 1183
120 119 0 0 1184
120 120 0 0 1185
120 120 0 0 1186
120 119 0 0 1187
120 119 0 0 1188
120 119 0 0 1189
120 120 0 0 1190
120 120 0 0 1191
120 119 0 0 1192
120 119 0 0 1193
120 119 0 0 1194
120 120 0 0 1195
120 120 0 0 1196
120 119 0 0 1197
120 119 0 0 1198
120 119 0 0 1199
120 120 0 0 1200
120 120 0 0 1201
120 119 0 0 1202
120 119 0 0 1203
120 119 0 0 1204
120 120 0 0 1205
120 120 0 0 1206
120 120 0 0 1207
120 120 0 0 1208
120 120 0 0 1209
120 120 0 0 1210
120 120 0 0 1211
120 119 0 0 1212
120 119 0 0 1213
120 119 0 0 1214
120 120 0 0 1215
120 120 0 0 1216
120 119 0 0 1217
120 119 0 0 1218
120 119 0 0 1219
120 120 0 0 1220
120 120 0 0 1221
120 119 0 0 1222
120 119 0 0 1223
120 119 0 0 1224
120 120 0 0 1225
120 120 0 0 1226
120 119 0 0 1227
120 119 0 0 1228
120 119 0 0 1229
120 120 0 0 1230
120 120 0 0 1231
120 119 0 0 1232
120 119 0 0 1233
120 119 0 0 1234
120 119 0 0 1235
120 119 0 0 1236
120 119 0 0 1237
120 119 0 0 1238
120 119 0 0 1239
120 119 0 0 1240
120 119 0 0 1241
120 119 0 0 1242
120 119 0 0 1243
120 119 0 0 1244
120 119 0 0 1245
120 119 0 0 1246
120 119 0 0 1247
120 119 0 0 1248
120 119 0 0 1249
120 119 0 0 1250
120 119 0 0 1251
120 119 0 0 1252
120 119 0 0 1253
120 119 0 0 1254
120 119 0 0 1255
120 119 0 0 1256
120 119 0 0 1257
120 119 0 0 1258
120 119 0 0 1259
120 120 0 0 1260
120 120 0 0 1261
120 119 0 0 1262
120 119 0 0 1263
120 119 0 0 1264
120 120 0 0 1265
120 120 0 0 1266
120 119 0 0 1267
120 119 0 0 1268
120 119 0 0 1269
120 120 0 0 1270
120 120 0 0 1271
120 119 0 0 1272
120 119 0 0 1273
120 119 0 0 1274
120 120 0 0 1275
120 120 0 0 1276
120 120 0 0 1277
120 120 0 0 1278
120 120 0 0 1279
120 120 0 0 1280
120 120 0 0 1281
120 120 0 0 1282
120 120 0 0 1283
120 120 0 0 1284
120 121 0 0 1285
120 121 0 0 1286
120 120 0 0 1287
120 120 0 0 1288
120 120 0 0 1289
120 120 0 0 1290
120 120 0 0 1291
120 120 0 0 1292
120 120 0 0 1293
120 120 0 0 1294
120 120 0 0 1295
120 120 0 0 1296
120 120 0 0 1297
120 120 0 0 1298
120 120 0 0 1299
120 120 0 0 1300
120 120 0 0 1301
120 120 0 0 1302
120 120 0 0 1303
120 120 0 0 1304
120 120 0 0 1305
120 120 0 0 1306
120 120 0 0 1307
120 120 0 0 1308
120 120 0 0 1309
120 120 0 0 1310
120 120 0 0 1311
120 120 0 0 1312
120 120 0 0 1313
120 120 0 0 1314
120 120 0 0 1315
120 120 0 0 1316
120 120 0 0 1317
120 120 0 0 1318
120 120 0 0 1319
120 120 0 0 1320
120 120 0 0 1321
120 120 0 0 1322
120 120 0 0 1323
120 120 0 0 1324
120 120 0 0 1325
120 120 0 0 1326
120 120 0 0 1327
120 120 0 0 1328
120 120 0 0 1329
120 120 0 0 1330
120 120 0 0 1331
120 120 0 0 1332
120 120 0 0 1333
120 120 0 0 1334
120 120 0 0 1335
120 120 0 0 1336
120 119 0 0 1337
120 119 0 0 1338
120 119 0 0 1339
120 120 0 0 1340
120 120 0 0 1341
120 119 0 0 1342
120 119 0 0 1343
120 119 0 0 1344
120 120 0 0 1345
120 120 0 0 1346
120 119 0 0 1347
120 119 0 0 1348
120 119 0 0 1349
120 120 0 0 1350
120 120 0 0 1351
120 119 0 0 1352
120 119 0 0 1353
120 119 0 0 1354
120 120 0 0 1355
120 120 0 0 1356
120 119 0 0 1357
120 119 0 0 1358
120 119 0 0 1359
120 119 0 0 1360
120 119 0 0 1361
120 119 0 0 1362
120 119 0 0 1363
120 119 0 0 1364
120 120 0 0 1365
120 120 0 0 1366
120 119 0 0 1367
120 119 0 0 1368
120 119 0 0 1369
120 120 0 0 1370
120 120 0 0 1371
120 119 0 0 1372
120 119 0 0 1373
120 119 0 0 1374
120 120 0 0 1375
120 120 0 0 1376
120 119 0 0 1377
120 119 0 0 1378
120 119 0 0 1379
120 120 0 0 1380
120 120 0 0 1381
120 119 0 0 1382
120 119 0 0 1383
120 119 0 0 1384
120 120 0 0 1385
120 120 0 0 1386
120 120 0 0 1387
120 120 0 0 1388
120 120 0 0 1389
120 121 0 0 1390
120 121 0 0 1391
120 120 0 0 1392
120 120 0 0 1393
120 120 0 0 1394
120 121 0 0 1395
120 121 0 0 1396
120 120 0 0 1397
120 120 0 0 1398
120 120 0 0 1399
120 120 0 0 1400
120 120 0 0 1401
120 119 0 0 1402
120 119 0 0 1403
120 119 0 0 1404
120 120 0 0 1405
120 120 0 0 1406
120 119 0 0 1407
120 119 0 0 1408
120 119 0 0 1409
120 120 0 0 1410
120 120 0 0 1411
120 119 0 0 1412
120 119 0 0 1413
120 119 0 0 1414
120 120 0 0 1415
120 120 0 0 1416
120 119 0 0 1417
120 119 0 0 1418
120 119 0 0 1419
120 120 0 0 1420
120 120 0 0 1421
120 119 0 0 1422
120 119 0 0 1423
120 119 0 0 1424
120 120 0 0 1425
120 120 0 0 1426
120 120 0 0 1427
120 120 0 0 1428
120 120 0 0 1429
120 120 0 0 1430
120 120 0 0 1431
120 120 0 0 1432
120 120 0 0 1433
120 120 0 0 1434
120 120 0 0 1435
120 120 0 0 1436
120 120 0 0 1437
120 120 0 0 1438
120 120 0 0 1439
120 120 0 0 1440
120 120 0 0 1441
120 120 0 0 1442
120 120 0 0 1443
120 120 0 0 1444
120 120 0 0 1445
120 120 0 0 1446
120 119 0 0 1447
120 119 0 0 1448
120 119 0 0 1449
120 120 0 0 1450
120 120 0 0 1451
120 120 0 0 1452
120 120 0 0 1453
120 120 0 0 1454
120 120 0 0 1455
120 120 0 0 1456
120 120 0 0 1457
120 120 0 0 1458
120 120 0 0 1459
120 120 0 0 1460
120 120 0 0 1461
120 119 0 0 1462
120 119 0 0 1463
120 119 0 0 1464
120 120 0 0 1465
120 120 0 0 1466
120 119 0 0 1467
120 119 0 0 1468
120 119 0 0 1469
120 120 0 0 1470
120 120 0 0 1471
120 119 0 0 1472
120 119 0 0 1473
120 119 0 0 1474
120 120 0 0 1475
120 120 0 0 1476
120 119 0 0 1477
120 119 0 0 1478
120 119 0 0 1479
120 120 0 0 1480
120 120 0 0 1481
120 119 0 0 1482
120 119 0 0 1483
120 119 0 0 1484
120 119 0 0 1485
120 119 0 0 1486
120 119 0 0 1487
120 119 0 0 1488
120 119 0 0 1489
120 120 0 0 1490
120 120 0 0 1491
120 119 0 0 1492
120 119 0 0 1493
120 119 0 0 1494
120 120 0 0 1495
120 120 0 0 1496
120 119 0 0 1497
120 119 0 0 1498
120 119 0 0 1499
120 120 0 0 1500
120 120 0 0 1501
120 119 0 0 1502
120 119 0 0 1503
120 119 0 0 1504
120 120 0 0 1505
120 120 0 0 1506
120 119 0 0 1507
120 119 0 0 1508
120 119 0 0 1509
120 120 0 0 1510
120 120 0 0 1511
120 119 0 0 1512
120 119 0 0 1513
120 119 0 0 1514
120 120 0 0 1515
120 120 0 0 1516
120 120 0 0 1517
120 120 0 0 1518
120 120 0 0 1519
120 120 0 0 1520
120 120 0 0 1521
120 120 0 0 1522
120 120 0 0 1523
120 120 0 0 1524
120 120 0 0 1525
120 120 0 0 1526
120 120 0 0 1527
120 120 0 0 1528
120 120 0 0 1529
120 120 0 0 1530
120 120 0 0 1531
120 119 0 0 1532
120 119 0 0 1533
120 119 0 0 1534
120 120 0 0 1535
120 120 0 0 1536
120 119 0 0 1537
120 119 0 0 1538
120 119 0 0 1539
120 120 0 0 1540
120 120 0 0 1541
120 119 0 0 1542
120 119 0 0 1543
120 119 0 0 1544
120 120 0 0 1545
120 120 0 0 1546
120 120 0 0 1547
120 120 0 0 1548
120 120 0 0 1549
120 120 0 0 1550
120 120 0 0 1551
120 120 0 0 1552
120 120 0 0 1553
120 120 0 0 1554
120 120 0 0 1555
120 120 0 0 1556
120 120 0 0 1557
120 120 0 0 1558
120 120 0 0 1559
120 120 0 0 1560
120 120 0 0 1561
120 120 0 0 1562
120 120 0 0 1563
120 120 0 0 1564
120 120 0 0 1565
120 120 0 0 1566
120 120 0 0 1567
120 120 0 0 1568
120 120 0 0 1569
120 120 0 0 1570
120 120 0 0 1571
120 120 0 0 1572
120 120 0 0 1573
120 120 0 0 1574
120 120 0 0 1575
120 120 0 0 1576
120 120 0 0 1577
120 120 0 0 1578
120 120 0 0 1579
120 120 0 0 1580
120 120 0 0 1581
120 120 0 0 1582
120 120 0 0 1583
120 120 0 0 1584
120 120 0 0 1585
120 120 0 0 1586
120 119 0 0 1587
120 119 0 0 1588
120 119 0 0 1589
120 120 0 0 1590
120 120 0 0 1591
120 119 0 0 1592
120 119 0 0 1593
120 119 0 0 1594
120 120 0 0 1595
120 120 0 0 1596
120 119 0 0 1597
120 119 0 0 1598
120 119 0 0 1599
120 120 0 0 1600
120 120 0 0 1601
120 119 0 0 1602
120 119 0 0 1603
120 119 0 0 1604
120 119 0 0 1605
120 119 0 0 1606
120 119 0 0 1607
120 119 0 0 1608
120 119 0 0 1609
120 120 0 0 1610
120 120 0 0 1611
120 119 0 0 1612
120 119 0 0 1613
120 119 0 0 1614
120 120 0 0 1615
120 120 0 0 1616
120 119 0 0 1617
120 119 0 0 1618
120 119 0 0 1619
120 120 0 0 1620
120 120 0 0 1621
120 119 0 0 1622
120 119 0 0 1623
120 119 0 0 1624
120 120 0 0 1625
120 120 0 0 1626
120 119 0 0 1627
120 119 0 0 1628
120 119 0 0 1629
120 120 0 0 1630
120 120 0 0 1631
120 119 0 0 1632
120 119 0 0 1633
120 119 0 0 1634
120 120 0 0 1635
120 120 0 0 1636
120 119 0 0 1637
120 119 0 0 1638
120 119 0 0 1639
120 120 0 0 1640
120 120 0 0 1641
120 119 0 0 1642
120 119 0 0 1643
120 119 0 0 1644
120 120 0 0 1645
120 120 0 0 1646
120 119 0 0 1647
120 119 0 0 1648
120 119 0 0 1649
120 120 0 0 1650
120 120 0 0 1651
120 119 0 0 1652
120 119 0 0 1653
120 119 0 0 1654
120 120 0 0 1655
120 120 0 0 1656
120 119 0 0 1657
120 119 0 0 1658
120 119 0 0 1659
120 120 0 0 1660
120 120 0 0 1661
120 119 0 0 1662
120 119 0 0 1663
120 119 0 0 1664
120 120 0 0 1665
120 120 0 0 1666
120 120 0 0 1667
120 120 0 0 1668
120 120 0 0 1669
120 120 0 0 1670
120 120 0 0 1671
120 120 0 0 1672
120 120 0 0 1673
120 120 0 0 1674
120 120 0 0 1675
120 120 0 0 1676
120 120 0 0 1677
120 120 0 0 1678
120 120 0 0 1679
120 120 0 0 1680
120 120 0 0 1681
120 120 0 0 1682
120 120 0 0 1683
120 120 0 0 1684
120 120 0 0 1685
120 120 0 0 1686
120 120 0 0 1687
120 120 0 0 1688
120 120 0 0 1689
120 121 0 0 1690
120 121 0 0 1691
120 121 0 0 1692
120 121 0 0 1693
120 121 0 0 1694
120 121 0 0 1695
120 121 0 0 1696
120 121 0 0 1697
120 121 0 0 1698
120 121 0 0 1699
120 121 0 0 1700
120 121 0 0 1701
120 120 0 0 1702
120 120 0 0 1703
120 120 0 0 1704
120 121 0 0 1705
120 121 0 0 1706
120 121 0 0 1707
120 121 0 0 1708
120 121 0 0 1709
120 121 0 0 1710
120 121 0 0 1711
120 121 0 0 1712
120 121 0 0 1713
120 121 0 0 1714
120 121 0 0 1715
120 121 0 0 1716
120 121 0 0 1717
120 121 0 0 1718
120 121 0 0 1719
120 121 0 0 1720
120 121 0 0 1721
120 121 0 0 1722
120 121 0 0 1723
120 121 0 0 1724
120 121 0 0 1725
120 121 0 0 1726
120 121 0 0 1727
120 121 0 0 1728
120 121 0 0 1729
120 121 0 0 1730
120 121 0 0 1731
120 121 0 0 1732
120 121 0 0 1733
120 121 0 0 1734
120 121 0 0 1735
120 121 0 0 1736
120 121 0 0 1737
120 121 0 0 1738
120 121 0 0 1739
120 121 0 0 1740
120 121 0 0 1741
120 121 0 0 1742
120 121 0 0 1743
120 121 0 0 1744
120 121 0 0 1745
120 121 0 0 1746
120 121 0 0 1747
120 121 0 0 1748
120 121 0 0 1749
120 121 0 0 1750
120 121 0 0 1751
120 121 0 0 1752
120 121 0 0 1753
120 121 0 0 1754
120 121 0 0 1755
120 121 0 0 1756
120 121 0 0 1757
120 121 0 0 1758
120 121 0 0 1759
120 121 0 0 1760
120 121 0 0 1761
120 121 0 0 1762
120 121 0 0 1763
120 121 0 0 1764
120 120 0 0 1765
120 120 0 0 1766
120 121 0 0 1767
120 121 0 0 1768
120 121 0 0 1769
120 120 0 0 1770
120 120 0 0 1771
120 121 0 0 1772
120 121 0 0 1773
120 121 0 0 1774
120 120 0 0 1775
120 120 0 0 1776
120 120 0 0 1777
120 120 0 0 1778
120 120 0 0 1779
120 120 0 0 1780
120 120 0 0 1781
120 121 0 0 1782
120 121 0 0 1783
120 121 0 0 1784
120 120 0 0 1785
120 120 0 0 1786
120 120 0 0 1787
120 120 0 0 1788
120 120 0 0 1789
120 120 0 0 1790
120 120 0 0 1791
120 121 0 0 1792
120 121 0 0 1793
120 121 0 0 1794
120 120 0 0 1795
120 120 0 0 1796
120 120 0 0 1797
120 120 0 0 1798
120 120 0 0 1799
120 120 0 0 1800
120 120 0 0 1801
120 120 0 0 1802
120 120 0 0 1803
120 120 0 0 1804
120 120 0 0 1805
120 120 0 0 1806
120 120 0 0 1807
120 120 0 0 1808
120 120 0 0 1809
120 120 0 0 1810
120 120 0 0 1811
120 120 0 0 1812
120 120 0 0 1813
120 120 0 0 1814
120 120 0 0 1815
120 120 0 0 1816
120 120 0 0 1817
120 120 0 0 1818
120 120 0 0 1819
120 119 0 0 1820
120 119 0 0 1821
120 120 0 0 1822
120 120 0 0 1823
120 120 0 0 1824
120 119 0 0 1825
120 119 0 0 1826
120 120 0 0 1827
120 120 0 0 1828
120 120 0 0 1829
120 120 0 0 1830
120 120 0 0 1831
120 120 0 0 1832
120 120 0 0 1833
120 120 0 0 1834
120 119 0 0 1835
120 119 0 0 1836
120 120 0 0 1837
120 120 0 0 1838
120 120 0 0 1839
120 119 0 0 1840
120 119 0 0 1841
120 120 0 0 1842
120 120 0 0 1843
120 120 0 0 1844
120 119 0 0 1845
120 119 0 0 1846
120 119 0 0 1847
120 119 0 0 1848
120 119 0 0 1849
120 119 0 0 1850
120 119 0 0 1851
120 120 0 0 1852
120 120 0 0 1853
120 120 0 0 1854
120 119 0 0 1855
120 119 0 0 1856
120 120 0 0 1857
120 120 0 0 1858
120 120 0 0 1859
120 119 0 0 1860
120 119 0 0 1861
120 120 0 0 1862
120 120 0 0 1863
120 120 0 0 1864
120 119 0 0 1865
120 119 0 0 1866
120 120 0 0 1867
120 120 0 0 1868
120 120 0 0 1869
120 119 0 0 1870
120 119 0 0 1871
120 120 0 0 1872
120 120 0 0 1873
120 120 0 0 1874
120 119 0 0 1875
120 119 0 0 1876
120 120 0 0 1877
120 120 0 0 1878
120 120 0 0 1879
120 119 0 0 1880
120 119 0 0 1881
120 120 0 0 1882
120 120 0 0 1883
120 120 0 0 1884
120 119 0 0 1885
120 119 0 0 1886
120 120 0 0 1887
120 120 0 0 1888
120 120 0 0 1889
120 119 0 0 1890
120 119 0 0 1891
120 120 0 0 1892
120 120 0 0 1893
120 120 0 0 1894
120 119 0 0 1895
120 119 0 0 1896
120 120 0 0 1897
120 120 0 0 1898
120 120 0 0 1899
120 119 0 0 1900
120 119 0 0 1901
120 120 0 0 1902
120 120 0 0 1903
120 120 0 0 1904
120 119 0 0 1905
120 119 0 0 1906
120 120 0 0 1907
120 120 0 0 1908
120 120 0 0 1909
120 119 0 0 1910
120 119 0 0 1911
120 120 0 0 1912
120 120 0 0 1913
120 120 0 0 1914
120 119 0 0 1915
120 119 0 0 1916
120 120 0 0 1917
120 120 0 0 1918
120 120 0 0 1919
120 119 0 0 1920
120 119 0 0 1921
120 120 0 0 1922
120 120 0 0 1923
120 120 0 0 1924
120 119 0 0 1925
120 119 0 0 1926
120 120 0 0 1927
120 120 0 0 1928
120 120 0 0 1929
120 119 0 0 1930
120 119 0 0 1931
120 120 0 0 1932
120 120 0 0 1933
120 120 0 0 1934
120 119 0 0 1935
120 119 0 0 1936
120 120 0 0 1937
120 120 0 0 1938
120 120 0 0 1939
120 119 0 0 1940
120 119 0 0 1941
120 120 0 0 1942
120 120 0 0 1943
120 120 0 0 1944
120 120 0 0 1945
120 120 0 0 1946
120 120 0 0 1947
120 120 0 0 1948
120 120 0 0 1949
120 120 0 0 1950
120 120 0 0 1951
120 120 0 0 1952
120 120 0 0 1953
120 120 0 0 1954
120 120 0 0 1955
120 120 0 0 1956
120 120 0 0 1957
120 120 0 0 1958
120 120 0 0 1959
120 119 0 0 1960
120 119 0 0 1961
120 120 0 0 1962
120 120 0 0 1963
120 120 0 0 1964
120 119 0 0 1965
120 119 0 0 1966
120 120 0 0 1967
120 120 0 0 1968
120 120 0 0 1969
120 119 0 0 1970
120 119 0 0 1971
120 120 0 0 1972
120 120 0 0 1973
120 120 0 0 1974
120 119 0 0 1975
120 119 0 0 1976
120 120 0 0 1977
120 120 0 0 1978
120 120 0 0 1979
120 120 0 0 1980
120 120 0 0 1981
120 120 0 0 1982
120 120 0 0 1983
120 120 0 0 1984
120 120 0 0 1985
120 120 0 0 1986
120 120 0 0 1987
120 120 0 0 1988
120 120 0 0 1989
120 120 0 0 1990
120 120 0 0 1991
120 121 0 0 1992
120 121 0 0 1993
120 121 0 0 1994
120 121 0 0 1995
120 121 0 0 1996
120 121 0 0 1997
120 121 0 0 1998
120 121 0 0 1999