0 0 1000 0 0
0 0 1000 0 1
0 0 1000 0 2
0 0 1000 0 3
0 0 1000 0 4
0 2 1000 0 5
0 2 1000 0 6
0 5 1000 0 7
0 5 1000 0 8
0 5 1000 0 9
0 7 1000 0 10
0 7 1000 0 11
0 9 1000 0 12
0 9 1000 0 13
0 9 1000 0 14
0 13 1000 0 15
0 13 1000 0 16
0 16 1000 0 17
0 16 1000 0 18
0 16 1000 0 19
0 18 1000 0 20
0 18 1000 0 21
0 20 1000 0 22
0 20 1000 0 23
0 20 1000 0 24
0 23 1000 0 25
0 23 1000 0 26
0 26 1000 0 27
0 26 1000 0 28
0 26 1000 0 29
0 28 1000 0 30
0 28 1000 0 31
0 29 1000 0 32
0 29 1000 0 33
0 29 1000 0 34
0 32 1000 0 35
0 32 1000 0 36
0 34 1000 0 37
0 34 1000 0 38
0 34 1000 0 39
61 36 1462 0 40
61 36 1462 0 41
62 37 1530 0 42
62 37 1530 0 43
62 37 1530 0 44
63 40 1533 0 45
63 40 1533 0 46
64 43 1501 0 47
64 43 1501 0 48
64 43 1501 0 49
65 44 1540 0 50
65 44 1540 0 51
66 46 1569 0 52
66 46 1569 0 53
66 46 1569 0 54
67 49 1542 0 55
67 49 1542 0 56
68 50 1573 0 57
68 50 1573 0 58
68 50 1573 0 59
69 52 1630 0 60
69 52 1630 0 61
70 54 1636 0 62
70 54 1636 0 63
70 54 1636 0 64
71 56 1627 0 65
71 56 1627 0 66
72 57 1681 0 67
72 57 1681 0 68
72 57 1681 0 69
73 59 1721 0 70
73 59 1721 0 71
74 61 1705 0 72
74 61 1705 0 73
74 61 1705 0 74
75 62 1771 0 75
75 62 1771 0 76
76 63 1804 0 77
76 63 1804 0 78
76 63 1804 0 79
77 65 1795 0 80
77 65 1795 0 81
78 66 1854 0 82
78 66 1854 0 83
78 66 1854 0 84
79 67 1913 0 85
79 67 1913 0 86
80 69 1908 0 87
80 69 1908 0 88
80 69 1908 0 89
81 70 1961 0 90
81 70 1961 0 91
82 71 2028 0 92
82 71 2028 0 93
82 71 2028 0 94
83 73 2040 0 95
83 73 2040 0 96
84 73 2074 0 97
84 73 2074 0 98
84 73 2074 0 99
85 74 2150 0 100
85 74 2150 0 101
86 76 2151 0 102
86 76 2151 0 103
86 76 2151 0 104
87 77 2194 0 105
87 77 2194 0 106
88 78 2264 0 107
88 78 2264 0 108
88 78 2264 0 109
89 79 2274 0 110
89 79 2274 0 111
90 80 2297 0 112
90 80 2297 0 113
90 80 2297 0 114
91 82 2320 0 115
91 82 2320 0 116
92 84 2263 0 117
92 84 2263 0 118
92 84 2263 0 119
93 85 2297 0 120
93 85 2297 0 121
94 87 2280 0 122
94 87 2280 0 123
94 87 2280 0 124
95 88 2267 0 125
95 88 2267 0 126
96 90 2290 0 127
96 90 2290 0 128
96 90 2290 0 129
97 92 2253 0 130
97 92 2253 0 131
98 92 2307 0 132
98 92 2307 0 133
98 92 2307 0 134
99 94 2282 0 135
99 94 2282 0 136
100 95 2308 0 137
100 95 2308 0 138
100 95 2308 0 139
101 96 2333 0 140
101 96 2333 0 141
102 98 2308 0 142
102 98 2308 0 143
102 98 2308 0 144
103 98 2379 0 145
103 98 2379 0 146
104 99 2367 0 147
104 99 2367 0 148
104 99 2367 0 149
105 100 2419 0 150
105 100 2419 0 151
106 101 2444 0 152
106 101 2444 0 153
106 101 2444 0 154
107 102 2456 0 155
107 102 2456 0 156
108 103 2513 0 157
108 103 2513 0 158
108 103 2513 0 159
109 104 2506 0 160
109 104 2506 0 161
110 105 2572 0 162
110 105 2572 0 163
110 105 2572 0 164
111 106 2570 0 165
111 106 2570 0 166
112 107 2622 0 167
112 107 2622 0 168
112 107 2622 0 169
113 109 2578 0 170
113 109 2578 0 171
114 110 2593 0 172
114 110 2593 0 173
114 110 2593 0 174
115 111 2561 0 175
115 111 2561 0 176
116 112 2574 0 177
116 112 2574 0 178
116 112 2574 0 179
117 114 2555 0 180
117 114 2555 0 181
118 115 2568 0 182
118 115 2568 0 183
118 115 2568 0 184
119 116 2567 0 185
119 116 2567 0 186
120 117 2584 0 187
120 117 2584 0 188
120 117 2584 0 189
120 118 2524 0 190
120 118 2524 0 191
120 119 2473 0 192
120 119 2473 0 193
120 119 2473 0 194
120 120 2422 0 195
120 120 2422 0 196
120 120 2371 0 197
120 120 2371 0 198
120 120 2371 0 199
120 121 2348 0 200
120 121 2348 0 201
120 122 2279 0 202
120 122 2279 0 203
120 122 2279 0 204
120 122 2262 0 205
120 122 2262 0 206
120 122 2208 0 207
120 122 2208 0 208
120 122 2208 0 209
120 122 2237 0 210
120 122 2237 0 211
120 123 2186 0 212
120 123 2186 0 213
120 123 2186 0 214
120 122 2208 0 215
120 122 2208 0 216
120 123 2167 0 217
120 123 2167 0 218
120 123 2167 0 219
120 122 2187 0 220
120 122 2187 0 221
120 123 2148 0 222
120 123 2148 0 223
120 123 2148 0 224
120 122 2170 0 225
120 122 2170 0 226
120 122 2151 0 227
120 122 2151 0 228
120 122 2151 0 229
120 122 2148 0 230
120 122 2148 0 231
120 122 2168 0 232
120 122 2168 0 233
120 122 2168 0 234
120 122 2134 0 235
120 122 2134 0 236
120 121 2184 0 237
120 121 2184 0 238
120 121 2184 0 239
120 122 2148 0 240
120 122 2148 0 241
120 121 2209 0 242
120 121 2209 0 243
120 121 2209 0 244
120 121 2180 0 245
120 121 2180 0 246
120 121 2207 0 247
120 121 2207 0 248
120 121 2207 0 249
120 121 2184 0 250
120 121 2184 0 251
120 121 2198 0 252
120 121 2198 0 253
120 121 2198 0 254
120 121 2219 0 255
120 121 2219 0 256
120 121 2199 0 257
120 121 2199 0 258
120 121 2199 0 259
120 120 2230 0 260
120 120 2230 0 261
120 121 2202 0 262
120 121 2202 0 263
120 121 2202 0 264
120 120 2248 0 265
120 120 2248 0 266
120 121 2218 0 267
120 121 2218 0 268
120 121 2218 0 269
120 120 2271 0 270
120 120 2271 0 271
120 120 2237 0 272
120 120 2237 0 273
120 120 2237 0 274
120 120 2273 0 275
120 120 2273 0 276
120 120 2246 0 277
120 120 2246 0 278
120 120 2246 0 279
120 120 2269 0 280
120 120 2269 0 281
120 120 2285 0 282
120 120 2285 0 283
120 120 2285 0 284
120 120 2268 0 285
120 120 2268 0 286
120 120 2289 0 287
120 120 2289 0 288
120 120 2289 0 289
120 120 2270 0 290
120 120 2270 0 291
120 120 2310 0 292
120 120 2310 0 293
120 120 2310 0 294
120 120 2278 0 295
120 120 2278 0 296
120 119 2325 0 297
120 119 2325 0 298
120 119 2325 0 299
120 120 2299 0 300
120 120 2299 0 301
120 119 2342 0 302
120 119 2342 0 303
120 119 2342 0 304
120 120 2308 0 305
120 120 2308 0 306
120 119 2371 0 307
120 119 2371 0 308
120 119 2371 0 309
120 119 2343 0 310
120 119 2343 0 311
120 119 2370 0 312
120 119 2370 0 313
120 119 2370 0 314
120 119 2371 0 315
120 119 2371 0 316
120 119 2362 0 317
120 119 2362 0 318
120 119 2362 0 319
120 119 2373 0 320
120 119 2373 0 321
120 120 2356 0 322
120 120 2356 0 323
120 120 2356 0 324
120 119 2363 0 325
120 119 2363 0 326
120 120 2342 0 327
120 120 2342 0 328
120 120 2342 0 329
120 119 2367 0 330
120 119 2367 0 331
120 120 2343 0 332
120 120 2343 0 333
120 120 2343 0 334
120 119 2383 0 335
120 119 2383 0 336
120 120 2364 0 337
120 120 2364 0 338
120 120 2364 0 339
120 119 2406 0 340
120 119 2406 0 341
120 119 2388 0 342
120 119 2388 0 343
120 119 2388 0 344
120 119 2431 0 345
120 119 2431 0 346
120 119 2396 0 347
120 119 2396 0 348
120 119 2396 0 349
120 118 2467 0 350
120 118 2467 0 351
120 119 2452 0 352
120 119 2452 0 353
120 119 2452 0 354
120 119 2473 0 355
120 119 2473 0 356
120 119 2463 0 357
120 119 2463 0 358
120 119 2463 0 359
120 119 2472 0 360
120 119 2472 0 361
120 119 2481 0 362
120 119 2481 0 363
120 119 2481 0 364
120 119 2463 0 365
120 119 2463 0 366
120 119 2495 0 367
120 119 2495 0 368
120 119 2495 0 369
120 119 2464 0 370
120 119 2464 0 371
120 119 2474 0 372
120 119 2474 0 373
120 119 2474 0 374
120 120 2456 0 375
120 120 2456 0 376
120 119 2476 0 377
120 119 2476 0 378
120 119 2476 0 379
120 120 2454 0 380
120 120 2454 0 381
120 119 2502 0 382
120 119 2502 0 383
120 119 2502 0 384
120 119 2472 0 385
120 119 2472 0 386
120 119 2502 0 387
120 119 2502 0 388
120 119 2502 0 389
120 119 2478 0 390
120 119 2478 0 391
120 119 2513 0 392
120 119 2513 0 393
120 119 2513 0 394
120 120 2485 0 395
120 120 2485 0 396
120 119 2507 0 397
120 119 2507 0 398
120 119 2507 0 399
120 120 2488 0 400
120 120 2488 0 401
120 119 2524 0 402
120 119 2524 0 403
120 119 2524 0 404
120 120 2492 0 405
120 120 2492 0 406
120 119 2543 0 407
120 119 2543 0 408
120 119 2543 0 409
120 119 2516 0 410
120 119 2516 0 411
120 119 2536 0 412
120 119 2536 0 413
120 119 2536 0 414
120 119 2528 0 415
120 119 2528 0 416
120 119 2548 0 417
120 119 2548 0 418
120 119 2548 0 419
120 120 2522 0 420
120 120 2522 0 421
120 119 2542 0 422
120 119 2542 0 423
120 119 2542 0 424
120 119 2544 0 425
120 119 2544 0 426
120 119 2542 0 427
120 119 2542 0 428
120 119 2542 0 429
120 120 2549 0 430
120 120 2549 0 431
120 119 2552 0 432
120 119 2552 0 433
120 119 2552 0 434
120 119 2560 0 435
120 119 2560 0 436
120 120 2541 0 437
120 120 2541 0 438
120 120 2541 0 439
120 120 2558 0 440
120 120 2558 0 441
120 120 2520 0 442
120 120 2520 0 443
120 120 2520 0 444
120 120 2556 0 445
120 120 2556 0 446
120 120 2537 0 447
120 120 2537 0 448
120 120 2537 0 449
120 119 2564 0 450
120 119 2564 0 451
120 120 2536 0 452
120 120 2536 0 453
120 120 2536 0 454
120 119 2587 0 455
120 119 2587 0 456
120 120 2555 0 457
120 120 2555 0 458
120 120 2555 0 459
120 119 2583 0 460
120 119 2583 0 461
120 120 2556 0 462
120 120 2556 0 463
120 120 2556 0 464
120 119 2585 0 465
120 119 2585 0 466
120 120 2554 0 467
120 120 2554 0 468
120 120 2554 0 469
120 119 2583 0 470
120 119 2583 0 471
120 120 2543 0 472
120 120 2543 0 473
120 120 2543 0 474
120 120 2576 0 475
120 120 2576 0 476
120 120 2550 0 477
120 120 2550 0 478
120 120 2550 0 479
120 119 2580 0 480
120 119 2580 0 481
120 120 2540 0 482
120 120 2540 0 483
120 120 2540 0 484
120 119 2588 0 485
120 119 2588 0 486
120 120 2559 0 487
120 120 2559 0 488
120 120 2559 0 489
120 119 2593 0 490
120 119 2593 0 491
120 120 2564 0 492
120 120 2564 0 493
120 120 2564 0 494
120 119 2590 0 495
120 119 2590 0 496
120 120 2552 0 497
120 120 2552 0 498
120 120 2552 0 499
120 119 2619 0 500
120 119 2619 0 501
120 120 2591 0 502
120 120 2591 0 503
120 120 2591 0 504
120 119 2599 0 505
120 119 2599 0 506
120 120 2576 0 507
120 120 2576 0 508
120 120 2576 0 509
120 119 2589 0 510
120 119 2589 0 511
120 120 2569 0 512
120 120 2569 0 513
120 120 2569 0 514
120 120 2583 0 515
120 120 2583 0 516
120 120 2559 0 517
120 120 2559 0 518
120 120 2559 0 519
120 120 2586 0 520
120 120 2586 0 521
120 120 2563 0 522
120 120 2563 0 523
120 120 2563 0 524
120 120 2581 0 525
120 120 2581 0 526
120 120 2554 0 527
120 120 2554 0 528
120 120 2554 0 529
120 119 2637 0 530
120 119 2637 0 531
120 119 2615 0 532
120 119 2615 0 533
120 119 2615 0 534
120 119 2644 0 535
120 119 2644 0 536
120 120 2613 0 537
120 120 2613 0 538
120 120 2613 0 539
120 119 2633 0 540
120 119 2633 0 541
120 120 2611 0 542
120 120 2611 0 543
120 120 2611 0 544
120 120 2622 0 545
120 120 2622 0 546
120 120 2609 0 547
120 120 2609 0 548
120 120 2609 0 549
120 120 2611 0 550
120 120 2611 0 551
120 120 2599 0 552
120 120 2599 0 553
120 120 2599 0 554
120 120 2609 0 555
120 120 2609 0 556
120 120 2602 0 557
120 120 2602 0 558
120 120 2602 0 559
120 120 2617 0 560
120 120 2617 0 561
120 120 2610 0 562
120 120 2610 0 563
120 120 2610 0 564
120 120 2612 0 565
120 120 2612 0 566
120 120 2619 0 567
120 120 2619 0 568
120 120 2619 0 569
120 120 2617 0 570
120 120 2617 0 571
120 120 2610 0 572
120 120 2610 0 573
120 120 2610 0 574
120 120 2608 0 575
120 120 2608 0 576
120 120 2615 0 577
120 120 2615 0 578
120 120 2615 0 579
120 120 2599 0 580
120 120 2599 0 581
120 120 2606 0 582
120 120 2606 0 583
120 120 2606 0 584
120 120 2609 0 585
120 120 2609 0 586
120 120 2621 0 587
120 120 2621 0 588
120 120 2621 0 589
120 120 2610 0 590
120 120 2610 0 591
120 120 2618 0 592
120 120 2618 0 593
120 120 2618 0 594
120 120 2612 0 595
120 120 2612 0 596
120 120 2620 0 597
120 120 2620 0 598
120 120 2620 0 599
120 120 2600 0 600
120 120 2600 0 601
120 120 2599 0 602
120 120 2599 0 603
120 120 2599 0 604
120 120 2588 0 605
120 120 2588 0 606
120 120 2610 0 607
120 120 2610 0 608
120 120 2610 0 609
120 120 2586 0 610
120 120 2586 0 611
120 120 2598 0 612
120 120 2598 0 613
120 120 2598 0 614
120 120 2583 0 615
120 120 2583 0 616
120 120 2601 0 617
120 120 2601 0 618
120 120 2601 0 619
120 120 2582 0 620
120 120 2582 0 621
120 120 2608 0 622
120 120 2608 0 623
120 120 2608 0 624
120 120 2590 0 625
120 120 2590 0 626
120 120 2603 0 627
120 120 2603 0 628
120 120 2603 0 629
120 120 2589 0 630
120 120 2589 0 631
120 120 2597 0 632
120 120 2597 0 633
120 120 2597 0 634
120 120 2579 0 635
120 120 2579 0 636
120 120 2587 0 637
120 120 2587 0 638
120 120 2587 0 639
120 120 2573 0 640
120 120 2573 0 641
120 120 2596 0 642
120 120 2596 0 643
120 120 2596 0 644
120 120 2568 0 645
120 120 2568 0 646
120 120 2587 0 647
120 120 2587 0 648
120 120 2587 0 649
120 120 2578 0 650
120 120 2578 0 651
120 120 2591 0 652
120 120 2591 0 653
120 120 2591 0 654
120 120 2578 0 655
120 120 2578 0 656
120 120 2606 0 657
120 120 2606 0 658
120 120 2606 0 659
120 120 2597 0 660
120 120 2597 0 661
120 119 2658 0 662
120 119 2658 0 663
120 119 2658 0 664
120 119 2651 0 665
120 119 2651 0 666
120 118 2740 0 667
120 118 2740 0 668
120 118 2740 0 669
120 118 2757 0 670
120 118 2757 0 671
120 116 2909 0 672
120 116 2909 0 673
120 116 2909 0 674
120 115 2974 0 675
120 115 2974 0 676
120 114 3083 0 677
120 114 3083 0 678
120 114 3083 0 679
120 113 3239 0 680
120 113 3239 0 681
120 112 3318 0 682
120 112 3318 0 683
120 112 3318 0 684
120 109 3533 0 685
120 109 3533 0 686
120 109 3662 0 687
120 109 3662 0 688
120 109 3662 0 689
120 108 3742 0 690
120 108 3742 0 691
120 107 3878 0 692
120 107 3878 0 693
120 107 3878 0 694
120 107 3927 0 695
120 107 3927 0 696
120 106 4091 0 697
120 106 4091 0 698
120 106 4091 0 699
120 106 4151 0 700
120 106 4151 0 701
120 105 4261 0 702
120 105 4261 0 703
120 105 4261 0 704
120 106 4293 0 705
120 106 4293 0 706
120 106 4339 0 707
120 106 4339 0 708
120 106 4339 0 709
120 107 4360 0 710
120 107 4360 0 711
120 107 4381 0 712
120 107 4381 0 713
120 107 4381 0 714
120 108 4383 0 715
120 108 4383 0 716
120 109 4392 0 717
120 109 4392 0 718
120 109 4392 0 719
120 110 4382 0 720
120 110 4382 0 721
120 110 4404 0 722
120 110 4404 0 723
120 110 4404 0 724
120 111 4378 0 725
120 111 4378 0 726
120 111 4384 0 727
120 111 4384 0 728
120 111 4384 0 729
120 113 4365 0 730
120 113 4365 0 731
120 113 4351 0 732
120 113 4351 0 733
120 113 4351 0 734
120 114 4349 0 735
120 114 4349 0 736
120 114 4314 0 737
120 114 4314 0 738
120 114 4314 0 739
120 115 4320 0 740
120 115 4320 0 741
120 115 4293 0 742
120 115 4293 0 743
120 115 4293 0 744
120 116 4284 0 745
120 116 4284 0 746
120 115 4297 0 747
120 115 4297 0 748
120 115 4297 0 749
120 116 4296 0 750
120 116 4296 0 751
120 116 4309 0 752
120 116 4309 0 753
120 116 4309 0 754
120 117 4289 0 755
120 117 4289 0 756
120 116 4311 0 757
120 116 4311 0 758
120 116 4311 0 759
120 117 4309 0 760
120 117 4309 0 761
120 117 4307 0 762
120 117 4307 0 763
120 117 4307 0 764
120 118 4305 0 765
120 118 4305 0 766
120 117 4326 0 767
120 117 4326 0 768
120 117 4326 0 769
120 118 4333 0 770
120 118 4333 0 771
120 117 4353 0 772
120 117 4353 0 773
120 117 4353 0 774
120 118 4351 0 775
120 118 4351 0 776
120 117 4358 0 777
120 117 4358 0 778
120 117 4358 0 779
120 118 4360 0 780
120 118 4360 0 781
120 117 4367 0 782
120 117 4367 0 783
120 117 4367 0 784
120 118 4374 0 785
120 118 4374 0 786
120 117 4390 0 787
120 117 4390 0 788
120 117 4390 0 789
120 118 4383 0 790
120 118 4383 0 791
120 118 4389 0 792
120 118 4389 0 793
120 118 4389 0 794
120 118 4382 0 795
120 118 4382 0 796
120 118 4388 0 797
120 118 4388 0 798
120 118 4388 0 799
120 119 4385 0 800
120 119 4385 0 801
120 118 4372 0 802
120 118 4372 0 803
120 118 4372 0 804
120 119 4374 0 805
120 119 4374 0 806
120 119 4338 0 807
120 119 4338 0 808
120 119 4338 0 809
120 120 4348 0 810
120 120 4348 0 811
120 119 4316 0 812
120 119 4316 0 813
120 119 4316 0 814
120 120 4320 0 815
120 120 4320 0 816
120 119 4316 0 817
120 119 4316 0 818
120 119 4316 0 819
120 120 4316 0 820
120 120 4316 0 821
120 119 4312 0 822
120 119 4312 0 823
120 119 4312 0 824
120 120 4307 0 825
120 120 4307 0 826
120 120 4312 0 827
120 120 4312 0 828
120 120 4312 0 829
120 120 4312 0 830
120 120 4312 0 831
120 119 4322 0 832
120 119 4322 0 833
120 119 4322 0 834
120 120 4332 0 835
120 120 4332 0 836
120 119 4323 0 837
120 119 4323 0 838
120 119 4323 0 839
120 120 4329 0 840
120 120 4329 0 841
120 119 4329 0 842
120 119 4329 0 843
120 119 4329 0 844
120 120 4335 0 845
120 120 4335 0 846
120 119 4359 0 847
120 119 4359 0 848
120 119 4359 0 849
120 119 4356 0 850
120 119 4356 0 851
120 119 4366 0 852
120 119 4366 0 853
120 119 4366 0 854
120 119 4377 0 855
120 119 4377 0 856
120 119 4379 0 857
120 119 4379 0 858
120 119 4379 0 859
120 119 4371 0 860
120 119 4371 0 861
120 119 4387 0 862
120 119 4387 0 863
120 119 4387 0 864
120 119 4375 0 865
120 119 4375 0 866
120 119 4390 0 867
120 119 4390 0 868
120 119 4390 0 869
120 120 4369 0 870
120 120 4369 0 871
120 119 4380 0 872
120 119 4380 0 873
120 119 4380 0 874
120 120 4358 0 875
120 120 4358 0 876
120 119 4364 0 877
120 119 4364 0 878
120 119 4364 0 879
120 120 4347 0 880
120 120 4347 0 881
120 120 4339 0 882
120 120 4339 0 883
120 120 4339 0 884
120 121 4331 0 885
120 121 4331 0 886
120 120 4309 0 887
120 120 4309 0 888
120 120 4309 0 889
120 121 4305 0 890
120 121 4305 0 891
120 120 4296 0 892
120 120 4296 0 893
120 120 4296 0 894
120 121 4302 0 895
120 121 4302 0 896
120 120 4293 0 897
120 120 4293 0 898
120 120 4293 0 899
120 121 4290 0 900
120 121 4290 0 901
120 120 4300 0 902
120 120 4300 0 903
120 120 4300 0 904
120 121 4301 0 905
120 121 4301 0 906
120 120 4297 0 907
120 120 4297 0 908
120 120 4297 0 909
120 121 4299 0 910
120 121 4299 0 911
120 120 4296 0 912
120 120 4296 0 913
120 120 4296 0 914
120 121 4297 0 915
120 121 4297 0 916
120 120 4312 0 917
120 120 4312 0 918
120 120 4312 0 919
120 120 4314 0 920
120 120 4314 0 921
120 120 4335 0 922
120 120 4335 0 923
120 120 4335 0 924
120 120 4328 0 925
120 120 4328 0 926
120 119 4348 0 927
120 119 4348 0 928
120 119 4348 0 929
120 120 4337 0 930
120 120 4337 0 931
120 119 4358 0 932
120 119 4358 0 933
120 119 4358 0 934
120 120 4347 0 935
120 120 4347 0 936
120 119 4382 0 937
120 119 4382 0 938
120 119 4382 0 939
120 120 4353 0 940
120 120 4353 0 941
120 119 4379 0 942
120 119 4379 0 943
120 119 4379 0 944
120 120 4349 0 945
120 120 4349 0 946
120 119 4375 0 947
120 119 4375 0 948
120 119 4375 0 949
120 120 4350 0 950
120 120 4350 0 951
120 120 4353 0 952
120 120 4353 0 953
120 120 4353 0 954
120 120 4337 0 955
120 120 4337 0 956
120 120 4321 0 957
120 120 4321 0 958
120 120 4321 0 959
120 121 4319 0 960
120 121 4319 0 961
120 120 4284 0 962
120 120 4284 0 963
120 120 4284 0 964
120 121 4286 0 965
120 121 4286 0 966
120 121 4269 0 967
120 121 4269 0 968
120 121 4269 0 969
120 121 4270 0 970
120 121 4270 0 971
120 120 4277 0 972
120 120 4277 0 973
120 120 4277 0 974
120 121 4274 0 975
120 121 4274 0 976
120 120 4290 0 977
120 120 4290 0 978
120 120 4290 0 979
120 121 4288 0 980
120 121 4288 0 981
120 120 4295 0 982
120 120 4295 0 983
120 120 4295 0 984
120 121 4297 0 985
120 121 4297 0 986
120 120 4295 0 987
120 120 4295 0 988
120 120 4295 0 989
120 120 4303 0 990
120 120 4303 0 991
120 119 4333 0 992
120 119 4333 0 993
120 119 4333 0 994
120 120 4332 0 995
120 120 4332 0 996
120 119 4354 0 997
120 119 4354 0 998
120 119 4354 0 999
120 119 4344 0 1000
120 119 4344 0 1001
120 119 4370 0 1002
120 119 4370 0 1003
120 119 4370 0 1004
120 119 4356 0 1005
120 119 4356 0 1006
120 119 4383 0 1007
120 119 4383 0 1008
120 119 4383 0 1009
120 119 4364 0 1010
120 119 4364 0 1011
120 119 4391 0 1012
120 119 4391 0 1013
120 119 4391 0 1014
120 119 4367 0 1015
120 119 4367 0 1016
120 119 4380 0 1017
120 119 4380 0 1018
120 119 4380 0 1019
120 120 4366 0 1020
120 120 4366 0 1021
120 119 4374 0 1022
120 119 4374 0 1023
120 119 4374 0 1024
120 120 4355 0 1025
120 120 4355 0 1026
120 120 4344 0 1027
120 120 4344 0 1028
120 120 4344 0 1029
120 120 4347 0 1030
120 120 4347 0 1031
120 120 4351 0 1032
120 120 4351 0 1033
120 120 4351 0 1034
120 120 4354 0 1035
120 120 4354 0 1036
120 120 4358 0 1037
120 120 4358 0 1038
120 120 4358 0 1039
120 120 4361 0 1040
120 120 4361 0 1041
120 120 4360 0 1042
120 120 4360 0 1043
120 120 4360 0 1044
120 120 4359 0 1045
120 120 4359 0 1046
120 120 4363 0 1047
120 120 4363 0 1048
120 120 4363 0 1049
120 120 4366 0 1050
120 120 4366 0 1051
120 120 4361 0 1052
120 120 4361 0 1053
120 120 4361 0 1054
120 120 4355 0 1055
120 120 4355 0 1056
120 120 4354 0 1057
120 120 4354 0 1058
120 120 4354 0 1059
120 120 4348 0 1060
120 120 4348 0 1061
120 120 4324 0 1062
120 120 4324 0 1063
120 120 4324 0 1064
120 120 4336 0 1065
120 120 4336 0 1066
120 120 4344 0 1067
120 120 4344 0 1068
120 120 4344 0 1069
120 120 4352 0 1070
120 120 4352 0 1071
120 120 4356 0 1072
120 120 4356 0 1073
120 120 4356 0 1074
120 120 4360 0 1075
120 120 4360 0 1076
120 119 4382 0 1077
120 119 4382 0 1078
120 119 4382 0 1079
120 120 4377 0 1080
120 120 4377 0 1081
120 119 4390 0 1082
120 119 4390 0 1083
120 119 4390 0 1084
120 119 4385 0 1085
120 119 4385 0 1086
120 119 4394 0 1087
120 119 4394 0 1088
120 119 4394 0 1089
120 120 4389 0 1090
120 120 4389 0 1091
120 119 4393 0 1092
120 119 4393 0 1093
120 119 4393 0 1094
120 120 4379 0 1095
120 120 4379 0 1096
120 120 4378 0 1097
120 120 4378 0 1098
120 120 4378 0 1099
120 120 4373 0 1100
120 120 4373 0 1101
120 120 4349 0 1102
120 120 4349 0 1103
120 120 4349 0 1104
120 120 4357 0 1105
120 120 4357 0 1106
120 120 4342 0 1107
120 120 4342 0 1108
120 120 4342 0 1109
120 120 4350 0 1110
120 120 4350 0 1111
120 120 4353 0 1112
120 120 4353 0 1113
120 120 4353 0 1114
120 120 4357 0 1115
120 120 4357 0 1116
120 120 4347 0 1117
120 120 4347 0 1118
120 120 4347 0 1119
120 120 4355 0 1120
120 120 4355 0 1121
120 120 4363 0 1122
120 120 4363 0 1123
120 120 4363 0 1124
120 120 4367 0 1125
120 120 4367 0 1126
120 119 4381 0 1127
120 119 4381 0 1128
120 119 4381 0 1129
120 120 4380 0 1130
120 120 4380 0 1131
120 119 4389 0 1132
120 119 4389 0 1133
120 119 4389 0 1134
120 120 4393 0 1135
120 120 4393 0 1136
120 119 4393 0 1137
120 119 4393 0 1138
120 119 4393 0 1139
120 120 4397 0 1140
120 120 4397 0 1141
120 119 4406 0 1142
120 119 4406 0 1143
120 119 4406 0 1144
120 120 4406 0 1145
120 120 4406 0 1146
120 119 4397 0 1147
120 119 4397 0 1148
120 119 4397 0 1149
120 120 4406 0 1150
120 120 4406 0 1151
120 120 4392 0 1152
120 120 4392 0 1153
120 120 4392 0 1154
120 120 4400 0 1155
120 120 4400 0 1156
120 120 4386 0 1157
120 120 4386 0 1158
120 120 4386 0 1159
120 120 4395 0 1160
120 120 4395 0 1161
120 120 4385 0 1162
120 120 4385 0 1163
120 120 4385 0 1164
120 120 4394 0 1165
120 120 4394 0 1166
120 120 4380 0 1167
120 120 4380 0 1168
120 120 4380 0 1169
120 120 4388 0 1170
120 120 4388 0 1171
120 120 4374 0 1172
120 120 4374 0 1173
120 120 4374 0 1174
120 120 4387 0 1175
120 120 4387 0 1176
120 120 4372 0 1177
120 120 4372 0 1178
120 120 4372 0 1179
120 120 4385 0 1180
120 120 4385 0 1181
120 120 4366 0 1182
120 120 4366 0 1183
120 120 4366 0 1184
120 120 4375 0 1185
120 120 4375 0 1186
120 120 4383 0 1187
120 120 4383 0 1188
120 120 4383 0 1189
120 120 4397 0 1190
120 120 4397 0 1191
120 119 4392 0 1192
120 119 4392 0 1193
120 119 4392 0 1194
120 120 4405 0 1195
120 120 4405 0 1196
120 119 4405 0 1197
120 119 4405 0 1198
120 119 4405 0 1199
120 120 4419 0 1200
120 120 4419 0 1201
120 119 4424 0 1202
120 119 4424 0 1203
120 119 4424 0 1204
120 120 4433 0 1205
120 120 4433 0 1206
120 119 4438 0 1207
120 119 4438 0 1208
120 119 4438 0 1209
120 120 4443 0 1210
120 120 4443 0 1211
120 119 4429 0 1212
120 119 4429 0 1213
120 119 4429 0 1214
120 120 4443 0 1215
120 120 4443 0 1216
120 119 4443 0 1217
120 119 4443 0 1218
120 119 4443 0 1219
120 120 4452 0 1220
120 120 4452 0 1221
120 119 4425 0 1222
120 119 4425 0 1223
120 119 4425 0 1224
120 120 4443 0 1225
120 120 4443 0 1226
120 120 4420 0 1227
120 120 4420 0 1228
120 120 4420 0 1229
120 120 4434 0 1230
120 120 4434 0 1231
120 119 4429 0 1232
120 119 4429 0 1233
120 119 4429 0 1234
120 120 4442 0 1235
120 120 4442 0 1236
120 120 4433 0 1237
120 120 4433 0 1238
120 120 4433 0 1239
120 120 4451 0 1240
120 120 4451 0 1241
120 119 4433 0 1242
120 119 4433 0 1243
120 119 4433 0 1244
120 120 4442 0 1245
120 120 4442 0 1246
120 119 4442 0 1247
120 119 4442 0 1248
120 119 4442 0 1249
120 120 4456 0 1250
120 120 4456 0 1251
120 119 4446 0 1252
120 119 4446 0 1253
120 119 4446 0 1254
120 120 4465 0 1255
120 120 4465 0 1256
120 119 4465 0 1257
120 119 4465 0 1258
120 119 4465 0 1259
120 120 4479 0 1260
120 120 4479 0 1261
120 119 4461 0 1262
120 119 4461 0 1263
120 119 4461 0 1264
120 120 4470 0 1265
120 120 4470 0 1266
120 119 4456 0 1267
120 119 4456 0 1268
120 119 4456 0 1269
120 120 4475 0 1270
120 120 4475 0 1271
120 119 4479 0 1272
120 119 4479 0 1273
120 119 4479 0 1274
120 120 4498 0 1275
120 120 4498 0 1276
120 119 4475 0 1277
120 119 4475 0 1278
120 119 4475 0 1279
120 120 4498 0 1280
120 120 4498 0 1281
120 119 4499 0 1282
120 119 4499 0 1283
120 119 4499 0 1284
120 120 4513 0 1285
120 120 4513 0 1286
120 119 4509 0 1287
120 119 4509 0 1288
120 119 4509 0 1289
120 120 4523 0 1290
120 120 4523 0 1291
120 119 4519 0 1292
120 119 4519 0 1293
120 119 4519 0 1294
120 120 4529 0 1295
120 120 4529 0 1296
120 119 4525 0 1297
120 119 4525 0 1298
120 119 4525 0 1299
120 120 4534 0 1300
120 120 4534 0 1301
120 119 4507 0 1302
120 119 4507 0 1303
120 119 4507 0 1304
120 120 4521 0 1305
120 120 4521 0 1306
120 120 4488 0 1307
120 120 4488 0 1308
120 120 4488 0 1309
120 120 4502 0 1310
120 120 4502 0 1311
120 119 4506 0 1312
120 119 4506 0 1313
120 119 4506 0 1314
120 120 4511 0 1315
120 120 4511 0 1316
120 119 4534 0 1317
120 119 4534 0 1318
120 119 4534 0 1319
120 120 4539 0 1320
120 120 4539 0 1321
120 119 4562 0 1322
120 119 4562 0 1323
120 119 4562 0 1324
120 120 4558 0 1325
120 120 4558 0 1326
120 119 4568 0 1327
120 119 4568 0 1328
120 119 4568 0 1329
120 120 4564 0 1330
120 120 4564 0 1331
120 119 4555 0 1332
120 119 4555 0 1333
120 119 4555 0 1334
120 119 4565 0 1335
120 119 4565 0 1336
120 119 4551 0 1337
120 119 4551 0 1338
120 119 4551 0 1339
120 120 4561 0 1340
120 120 4561 0 1341
120 119 4547 0 1342
120 119 4547 0 1343
120 119 4547 0 1344
120 120 4570 0 1345
120 120 4570 0 1346
120 119 4538 0 1347
120 119 4538 0 1348
120 119 4538 0 1349
120 120 4556 0 1350
120 120 4556 0 1351
120 119 4551 0 1352
120 119 4551 0 1353
120 119 4551 0 1354
120 120 4565 0 1355
120 120 4565 0 1356
120 119 4561 0 1357
120 119 4561 0 1358
120 119 4561 0 1359
120 120 4570 0 1360
120 120 4570 0 1361
120 119 4575 0 1362
120 119 4575 0 1363
120 119 4575 0 1364
120 120 4584 0 1365
120 120 4584 0 1366
120 119 4580 0 1367
120 119 4580 0 1368
120 119 4580 0 1369
120 120 4598 0 1370
120 120 4598 0 1371
120 119 4585 0 1372
120 119 4585 0 1373
120 119 4585 0 1374
120 120 4599 0 1375
120 120 4599 0 1376
120 119 4571 0 1377
120 119 4571 0 1378
120 119 4571 0 1379
120 120 4585 0 1380
120 120 4585 0 1381
120 119 4580 0 1382
120 119 4580 0 1383
120 119 4580 0 1384
120 120 4590 0 1385
120 120 4590 0 1386
120 119 4590 0 1387
120 119 4590 0 1388
120 119 4590 0 1389
120 120 4608 0 1390
120 120 4608 0 1391
120 119 4585 0 1392
120 119 4585 0 1393
120 119 4585 0 1394
120 120 4594 0 1395
120 120 4594 0 1396
120 119 4581 0 1397
120 119 4581 0 1398
120 119 4581 0 1399
120 120 4603 0 1400
120 120 4603 0 1401
120 119 4594 0 1402
120 119 4594 0 1403
120 119 4594 0 1404
120 120 4617 0 1405
120 120 4617 0 1406
120 119 4613 0 1407
120 119 4613 0 1408
120 119 4613 0 1409
120 120 4627 0 1410
120 120 4627 0 1411
120 119 4627 0 1412
120 119 4627 0 1413
120 119 4627 0 1414
120 120 4637 0 1415
120 120 4637 0 1416
120 119 4628 0 1417
120 119 4628 0 1418
120 119 4628 0 1419
120 120 4642 0 1420
120 120 4642 0 1421
120 119 4624 0 1422
120 119 4624 0 1423
120 119 4624 0 1424
120 120 4638 0 1425
120 120 4638 0 1426
120 119 4615 0 1427
120 119 4615 0 1428
120 119 4615 0 1429
120 120 4638 0 1430
120 120 4638 0 1431
120 119 4615 0 1432
120 119 4615 0 1433
120 119 4615 0 1434
120 120 4633 0 1435
120 120 4633 0 1436
120 119 4629 0 1437
120 119 4629 0 1438
120 119 4629 0 1439
120 120 4642 0 1440
120 120 4642 0 1441
120 119 4656 0 1442
120 119 4656 0 1443
120 119 4656 0 1444
120 120 4661 0 1445
120 120 4661 0 1446
120 119 4662 0 1447
120 119 4662 0 1448
120 119 4662 0 1449
120 120 4671 0 1450
120 120 4671 0 1451
120 119 4653 0 1452
120 119 4653 0 1453
120 119 4653 0 1454
120 120 4667 0 1455
120 120 4667 0 1456
120 119 4644 0 1457
120 119 4644 0 1458
120 119 4644 0 1459
120 120 4663 0 1460
120 120 4663 0 1461
120 119 4649 0 1462
120 119 4649 0 1463
120 119 4649 0 1464
120 120 4667 0 1465
120 120 4667 0 1466
120 119 4672 0 1467
120 119 4672 0 1468
120 119 4672 0 1469
120 120 4681 0 1470
120 120 4681 0 1471
120 119 4696 0 1472
120 119 4696 0 1473
120 119 4696 0 1474
120 120 4701 0 1475
120 120 4701 0 1476
120 119 4697 0 1477
120 119 4697 0 1478
120 119 4697 0 1479
120 120 4706 0 1480
120 120 4706 0 1481
120 119 4688 0 1482
120 119 4688 0 1483
120 119 4688 0 1484
120 120 4707 0 1485
120 120 4707 0 1486
120 119 4698 0 1487
120 119 4698 0 1488
120 119 4698 0 1489
120 120 4712 0 1490
120 120 4712 0 1491
120 119 4689 0 1492
120 119 4689 0 1493
120 119 4689 0 1494
120 120 4712 0 1495
120 120 4712 0 1496
120 119 4703 0 1497
120 119 4703 0 1498
120 119 4703 0 1499
120 120 4713 0 1500
120 120 4713 0 1501
120 119 4690 0 1502
120 119 4690 0 1503
120 119 4690 0 1504
120 120 4708 0 1505
120 120 4708 0 1506
120 119 4704 0 1507
120 119 4704 0 1508
120 119 4704 0 1509
120 120 4713 0 1510
120 120 4713 0 1511
120 119 4717 0 1512
120 119 4717 0 1513
120 119 4717 0 1514
120 120 4727 0 1515
120 120 4727 0 1516
120 119 4736 0 1517
120 119 4736 0 1518
120 119 4736 0 1519
120 120 4751 0 1520
120 120 4751 0 1521
120 119 4751 0 1522
120 119 4751 0 1523
120 119 4751 0 1524
120 120 4761 0 1525
120 120 4761 0 1526
120 119 4757 0 1527
120 119 4757 0 1528
120 119 4757 0 1529
120 120 4766 0 1530
120 120 4766 0 1531
120 119 4767 0 1532
120 119 4767 0 1533
120 119 4767 0 1534
120 120 4772 0 1535
120 120 4772 0 1536
120 119 4763 0 1537
120 119 4763 0 1538
120 119 4763 0 1539
120 120 4777 0 1540
120 120 4777 0 1541
120 119 4759 0 1542
120 119 4759 0 1543
120 119 4759 0 1544
120 120 4773 0 1545
120 120 4773 0 1546
120 119 4760 0 1547
120 119 4760 0 1548
120 119 4760 0 1549
120 120 4774 0 1550
120 120 4774 0 1551
120 119 4783 0 1552
120 119 4783 0 1553
120 119 4783 0 1554
120 120 4793 0 1555
120 120 4793 0 1556
120 119 4798 0 1557
120 119 4798 0 1558
120 119 4798 0 1559
120 120 4803 0 1560
120 120 4803 0 1561
120 119 4789 0 1562
120 119 4789 0 1563
120 119 4789 0 1564
120 120 4803 0 1565
120 120 4803 0 1566
120 119 4799 0 1567
120 119 4799 0 1568
120 119 4799 0 1569
120 120 4813 0 1570
120 120 4813 0 1571
120 119 4809 0 1572
120 119 4809 0 1573
120 119 4809 0 1574
120 120 4819 0 1575
120 120 4819 0 1576
120 119 4838 0 1577
120 119 4838 0 1578
120 119 4838 0 1579
120 119 4838 0 1580
120 119 4838 0 1581
120 119 4857 0 1582
120 119 4857 0 1583
120 119 4857 0 1584
120 119 4849 0 1585
120 119 4849 0 1586
120 119 4863 0 1587
120 119 4863 0 1588
120 119 4863 0 1589
120 119 4859 0 1590
120 119 4859 0 1591
120 119 4874 0 1592
120 119 4874 0 1593
120 119 4874 0 1594
120 119 4865 0 1595
120 119 4865 0 1596
120 119 4866 0 1597
120 119 4866 0 1598
120 119 4866 0 1599
120 119 4866 0 1600
120 119 4866 0 1601
120 119 4867 0 1602
120 119 4867 0 1603
120 119 4867 0 1604
120 119 4867 0 1605
120 119 4867 0 1606
120 119 4872 0 1607
120 119 4872 0 1608
120 119 4872 0 1609
120 120 4872 0 1610
120 120 4872 0 1611
120 119 4868 0 1612
120 119 4868 0 1613
120 119 4868 0 1614
120 120 4868 0 1615
120 120 4868 0 1616
120 119 4873 0 1617
120 119 4873 0 1618
120 119 4873 0 1619
120 120 4877 0 1620
120 120 4877 0 1621
120 119 4882 0 1622
120 119 4882 0 1623
120 119 4882 0 1624
120 119 4878 0 1625
120 119 4878 0 1626
120 118 4966 0 1627
120 118 4966 0 1628
120 118 4966 0 1629
120 119 4921 0 1630
120 119 4921 0 1631
120 118 4940 0 1632
120 118 4940 0 1633
120 118 4940 0 1634
120 119 4918 0 1635
120 119 4918 0 1636
120 119 4913 0 1637
120 119 4913 0 1638
120 119 4913 0 1639
120 120 4909 0 1640
120 120 4909 0 1641
120 119 4914 0 1642
120 119 4914 0 1643
120 119 4914 0 1644
120 120 4909 0 1645
120 120 4909 0 1646
120 119 4914 0 1647
120 119 4914 0 1648
120 119 4914 0 1649
120 120 4914 0 1650
120 120 4914 0 1651
120 119 4918 0 1652
120 119 4918 0 1653
120 119 4918 0 1654
120 120 4918 0 1655
120 120 4918 0 1656
120 119 4928 0 1657
120 119 4928 0 1658
120 119 4928 0 1659
120 120 4923 0 1660
120 120 4923 0 1661
120 119 4928 0 1662
120 119 4928 0 1663
120 119 4928 0 1664
120 120 4928 0 1665
120 120 4928 0 1666
120 119 4932 0 1667
120 119 4932 0 1668
120 119 4932 0 1669
120 120 4932 0 1670
120 120 4932 0 1671
120 119 4937 0 1672
120 119 4937 0 1673
120 119 4937 0 1674
120 120 4937 0 1675
120 120 4937 0 1676
120 119 4937 0 1677
120 119 4937 0 1678
120 119 4937 0 1679
120 120 4941 0 1680
120 120 4941 0 1681
120 119 4955 0 1682
120 119 4955 0 1683
120 119 4955 0 1684
120 120 4955 0 1685
120 120 4955 0 1686
120 119 4965 0 1687
120 119 4965 0 1688
120 119 4965 0 1689
120 120 4965 0 1690
120 120 4965 0 1691
120 119 4975 0 1692
120 119 4975 0 1693
120 119 4975 0 1694
120 120 4970 0 1695
120 120 4970 0 1696
120 119 4975 0 1697
120 119 4975 0 1698
120 119 4975 0 1699
120 120 4971 0 1700
120 120 4971 0 1701
120 118 5040 0 1702
120 118 5040 0 1703
120 118 5040 0 1704
120 120 4995 0 1705
120 120 4995 0 1706
120 119 5009 0 1707
120 119 5009 0 1708
120 119 5009 0 1709
120 120 4991 0 1710
120 120 4991 0 1711
120 119 5005 0 1712
120 119 5005 0 1713
120 119 5005 0 1714
120 120 4996 0 1715
120 120 4996 0 1716
120 119 5006 0 1717
120 119 5006 0 1718
120 119 5006 0 1719
120 120 4997 0 1720
120 120 4997 0 1721
120 119 5010 0 1722
120 119 5010 0 1723
120 119 5010 0 1724
120 120 5006 0 1725
120 120 5006 0 1726
120 119 5015 0 1727
120 119 5015 0 1728
120 119 5015 0 1729
120 120 5011 0 1730
120 120 5011 0 1731
120 119 5025 0 1732
120 119 5025 0 1733
120 119 5025 0 1734
120 120 5016 0 1735
120 120 5016 0 1736
120 119 5034 0 1737
120 119 5034 0 1738
120 119 5034 0 1739
120 120 5021 0 1740
120 120 5021 0 1741
120 119 5035 0 1742
120 119 5035 0 1743
120 119 5035 0 1744
120 120 5030 0 1745
120 120 5030 0 1746
120 119 5040 0 1747
120 119 5040 0 1748
120 119 5040 0 1749
120 120 5031 0 1750
120 120 5031 0 1751
120 119 5049 0 1752
120 119 5049 0 1753
120 119 5049 0 1754
120 120 5040 0 1755
120 120 5040 0 1756
120 119 5049 0 1757
120 119 5049 0 1758
120 119 5049 0 1759
120 120 5045 0 1760
120 120 5045 0 1761
120 119 5050 0 1762
120 119 5050 0 1763
120 119 5050 0 1764
120 120 5045 0 1765
120 120 5045 0 1766
120 119 5059 0 1767
120 119 5059 0 1768
120 119 5059 0 1769
120 120 5050 0 1770
120 120 5050 0 1771
120 119 5064 0 1772
120 119 5064 0 1773
120 119 5064 0 1774
120 120 5059 0 1775
120 120 5059 0 1776
120 119 5073 0 1777
120 119 5073 0 1778
120 119 5073 0 1779
120 120 5064 0 1780
120 120 5064 0 1781
120 119 5082 0 1782
120 119 5082 0 1783
120 119 5082 0 1784
120 120 5069 0 1785
120 120 5069 0 1786
120 119 5078 0 1787
120 119 5078 0 1788
120 119 5078 0 1789
120 120 5074 0 1790
120 120 5074 0 1791
120 119 5087 0 1792
120 119 5087 0 1793
120 119 5087 0 1794
120 120 5078 0 1795
120 120 5078 0 1796
120 119 5088 0 1797
120 119 5088 0 1798
120 119 5088 0 1799
120 120 5083 0 1800
120 120 5083 0 1801
120 119 5092 0 1802
120 119 5092 0 1803
120 119 5092 0 1804
120 120 5088 0 1805
120 120 5088 0 1806
120 119 5097 0 1807
120 119 5097 0 1808
120 119 5097 0 1809
120 120 5093 0 1810
120 120 5093 0 1811
120 119 5102 0 1812
120 119 5102 0 1813
120 119 5102 0 1814
120 120 5097 0 1815
120 120 5097 0 1816
120 119 5106 0 1817
120 119 5106 0 1818
120 119 5106 0 1819
120 120 5102 0 1820
120 120 5102 0 1821
120 119 5116 0 1822
120 119 5116 0 1823
120 119 5116 0 1824
120 120 5107 0 1825
120 120 5107 0 1826
120 119 5130 0 1827
120 119 5130 0 1828
120 119 5130 0 1829
120 120 5121 0 1830
120 120 5121 0 1831
120 119 5135 0 1832
120 119 5135 0 1833
120 119 5135 0 1834
120 120 5126 0 1835
120 120 5126 0 1836
120 119 5140 0 1837
120 119 5140 0 1838
120 119 5140 0 1839
120 120 5136 0 1840
120 120 5136 0 1841
120 119 5140 0 1842
120 119 5140 0 1843
120 119 5140 0 1844
120 120 5131 0 1845
120 120 5131 0 1846
120 119 5145 0 1847
120 119 5145 0 1848
120 119 5145 0 1849
120 120 5136 0 1850
120 120 5136 0 1851
120 119 5150 0 1852
120 119 5150 0 1853
120 119 5150 0 1854
120 120 5146 0 1855
120 120 5146 0 1856
120 119 5155 0 1857
120 119 5155 0 1858
120 119 5155 0 1859
120 120 5150 0 1860
120 120 5150 0 1861
120 119 5160 0 1862
120 119 5160 0 1863
120 119 5160 0 1864
120 120 5151 0 1865
120 120 5151 0 1866
120 119 5164 0 1867
120 119 5164 0 1868
120 119 5164 0 1869
120 120 5155 0 1870
120 120 5155 0 1871
120 119 5165 0 1872
120 119 5165 0 1873
120 119 5165 0 1874
120 120 5155 0 1875
120 120 5155 0 1876
120 119 5165 0 1877
120 119 5165 0 1878
120 119 5165 0 1879
120 120 5160 0 1880
120 120 5160 0 1881
120 119 5169 0 1882
120 119 5169 0 1883
120 119 5169 0 1884
120 120 5164 0 1885
120 120 5164 0 1886
120 119 5174 0 1887
120 119 5174 0 1888
120 119 5174 0 1889
120 120 5169 0 1890
120 120 5169 0 1891
120 119 5183 0 1892
120 119 5183 0 1893
120 119 5183 0 1894
120 120 5178 0 1895
120 120 5178 0 1896
120 119 5188 0 1897
120 119 5188 0 1898
120 119 5188 0 1899
120 120 5178 0 1900
120 120 5178 0 1901
120 119 5192 0 1902
120 119 5192 0 1903
120 119 5192 0 1904
120 120 5183 0 1905
120 120 5183 0 1906
120 119 5197 0 1907
120 119 5197 0 1908
120 119 5197 0 1909
120 120 5192 0 1910
120 120 5192 0 1911
120 119 5202 0 1912
120 119 5202 0 1913
120 119 5202 0 1914
120 120 5193 0 1915
120 120 5193 0 1916
120 119 5197 0 1917
120 119 5197 0 1918
120 119 5197 0 1919
120 120 5193 0 1920
120 120 5193 0 1921
120 119 5202 0 1922
120 119 5202 0 1923
120 119 5202 0 1924
120 120 5197 0 1925
120 120 5197 0 1926
120 119 5211 0 1927
120 119 5211 0 1928
120 119 5211 0 1929
120 120 5202 0 1930
120 120 5202 0 1931
120 119 5215 0 1932
120 119 5215 0 1933
120 119 5215 0 1934
120 120 5206 0 1935
120 120 5206 0 1936
120 119 5215 0 1937
120 119 5215 0 1938
120 119 5215 0 1939
120 120 5206 0 1940
120 120 5206 0 1941
120 119 5220 0 1942
120 119 5220 0 1943
120 119 5220 0 1944
120 120 5211 0 1945
120 120 5211 0 1946
120 119 5225 0 1947
120 119 5225 0 1948
120 119 5225 0 1949
120 120 5220 0 1950
120 120 5220 0 1951
120 119 5229 0 1952
120 119 5229 0 1953
120 119 5229 0 1954
120 120 5229 0 1955
120 120 5229 0 1956
120 119 5239 0 1957
120 119 5239 0 1958
120 119 5239 0 1959
120 120 5234 0 1960
120 120 5234 0 1961
120 119 5243 0 1962
120 119 5243 0 1963
120 119 5243 0 1964
120 120 5234 0 1965
120 120 5234 0 1966
120 119 5248 0 1967
120 119 5248 0 1968
120 119 5248 0 1969
120 120 5239 0 1970
120 120 5239 0 1971
120 119 5248 0 1972
120 119 5248 0 1973
120 119 5248 0 1974
120 120 5239 0 1975
120 120 5239 0 1976
120 119 5248 0 1977
120 119 5248 0 1978
120 119 5248 0 1979
120 120 5239 0 1980
120 120 5239 0 1981
120 119 5253 0 1982
120 119 5253 0 1983
120 119 5253 0 1984
120 120 5248 0 1985
120 120 5248 0 1986
120 119 5262 0 1987
120 119 5262 0 1988
120 119 5262 0 1989
120 119 5253 0 1990
120 119 5253 0 1991
120 119 5262 0 1992
120 119 5262 0 1993
120 119 5262 0 1994
120 119 5258 0 1995
120 119 5258 0 1996
120 119 5272 0 1997
120 119 5272 0 1998
120 119 5272 0 1999