0 0 1000 0 0
0 0 1000 0 1
0 0 1000 0 2
0 0 1000 0 3
0 0 1000 0 4
0 3 1000 0 5
0 3 1000 0 6
0 6 1000 0 7
0 6 1000 0 8
0 6 1000 0 9
0 9 1000 0 10
0 9 1000 0 11
0 13 1000 0 12
0 13 1000 0 13
0 13 1000 0 14
0 16 1000 0 15
0 16 1000 0 16
0 18 1000 0 17
0 18 1000 0 18
0 18 1000 0 19
0 21 1000 0 20
0 21 1000 0 21
0 24 1000 0 22
0 24 1000 0 23
0 24 1000 0 24
0 27 1000 0 25
0 27 1000 0 26
0 29 1000 0 27
0 29 1000 0 28
0 29 1000 0 29
0 31 1000 0 30
0 31 1000 0 31
0 34 1000 0 32
0 34 1000 0 33
0 34 1000 0 34
61 36 1366 0 35
61 36 1366 0 36
62 37 1418 0 37
62 37 1418 0 38
62 37 1418 0 39
63 40 1428 0 40
63 40 1428 0 41
64 43 1389 0 42
64 43 1389 0 43
64 43 1389 0 44
65 44 1436 0 45
65 44 1436 0 46
66 46 1454 0 47
66 46 1454 0 48
66 46 1454 0 49
67 49 1416 0 50
67 49 1416 0 51
68 51 1440 0 52
68 51 1440 0 53
68 51 1440 0 54
69 52 1491 0 55
69 52 1491 0 56
70 54 1504 0 57
70 54 1504 0 58
70 54 1504 0 59
71 56 1484 0 60
71 56 1484 0 61
72 57 1537 0 62
72 57 1537 0 63
72 57 1537 0 64
73 59 1575 0 65
73 59 1575 0 66
74 61 1557 0 67
74 61 1557 0 68
74 61 1557 0 69
75 62 1622 0 70
75 62 1622 0 71
76 63 1667 0 72
76 63 1667 0 73
76 63 1667 0 74
77 65 1648 0 75
77 65 1648 0 76
78 66 1701 0 77
78 66 1701 0 78
78 66 1701 0 79
79 67 1769 0 80
79 67 1769 0 81
80 69 1771 0 82
80 69 1771 0 83
80 69 1771 0 84
81 70 1810 0 85
81 70 1810 0 86
82 71 1881 0 87
82 71 1881 0 88
82 71 1881 0 89
83 73 1906 0 90
83 73 1906 0 91
84 74 1930 0 92
84 74 1930 0 93
84 74 1930 0 94
85 74 2000 0 95
85 74 2000 0 96
86 76 2034 0 97
86 76 2034 0 98
86 76 2034 0 99
87 77 2062 0 100
87 77 2062 0 101
88 78 2136 0 102
88 78 2136 0 103
88 78 2136 0 104
89 79 2165 0 105
89 79 2165 0 106
90 80 2160 0 107
90 80 2160 0 108
90 80 2160 0 109
91 82 2182 0 110
91 82 2182 0 111
92 84 2130 0 112
92 84 2130 0 113
92 84 2130 0 114
93 85 2150 0 115
93 85 2150 0 116
94 87 2151 0 117
94 87 2151 0 118
94 87 2151 0 119
95 89 2124 0 120
95 89 2124 0 121
96 89 2165 0 122
96 89 2165 0 123
96 89 2165 0 124
97 91 2137 0 125
97 91 2137 0 126
98 92 2172 0 127
98 92 2172 0 128
98 92 2172 0 129
99 93 2185 0 130
99 93 2185 0 131
100 95 2188 0 132
100 95 2188 0 133
100 95 2188 0 134
101 96 2236 0 135
101 96 2236 0 136
102 97 2211 0 137
102 97 2211 0 138
102 97 2211 0 139
103 98 2278 0 140
103 98 2278 0 141
104 99 2267 0 142
104 99 2267 0 143
104 99 2267 0 144
105 100 2310 0 145
105 100 2310 0 146
106 101 2349 0 147
106 101 2349 0 148
106 101 2349 0 149
107 102 2342 0 150
107 102 2342 0 151
108 103 2413 0 152
108 103 2413 0 153
108 103 2413 0 154
109 104 2411 0 155
109 104 2411 0 156
110 104 2482 0 157
110 104 2482 0 158
110 104 2482 0 159
111 106 2485 0 160
111 106 2485 0 161
112 107 2510 0 162
112 107 2510 0 163
112 107 2510 0 164
113 108 2494 0 165
113 108 2494 0 166
114 110 2485 0 167
114 110 2485 0 168
114 110 2485 0 169
115 111 2477 0 170
115 111 2477 0 171
116 112 2472 0 172
116 112 2472 0 173
116 112 2472 0 174
117 114 2481 0 175
117 114 2481 0 176
118 115 2476 0 177
118 115 2476 0 178
118 115 2476 0 179
119 116 2507 0 180
119 116 2507 0 181
120 117 2497 0 182
120 117 2497 0 183
120 117 2497 0 184
120 118 2451 0 185
120 118 2451 0 186
120 119 2363 0 187
120 119 2363 0 188
120 119 2363 0 189
120 120 2321 0 190
120 120 2321 0 191
120 121 2266 0 192
120 121 2266 0 193
120 121 2266 0 194
120 121 2238 0 195
120 121 2238 0 196
120 122 2174 0 197
120 122 2174 0 198
120 122 2174 0 199
120 122 2174 0 200
120 122 2174 0 201
120 122 2130 0 202
120 122 2130 0 203
120 122 2130 0 204
120 122 2146 0 205
120 122 2146 0 206
120 122 2099 0 207
120 122 2099 0 208
120 122 2099 0 209
120 122 2117 0 210
120 122 2117 0 211
120 123 2067 0 212
120 123 2067 0 213
120 123 2067 0 214
120 122 2086 0 215
120 122 2086 0 216
120 122 2061 0 217
120 122 2061 0 218
120 122 2061 0 219
120 122 2069 0 220
120 122 2069 0 221
120 122 2088 0 222
120 122 2088 0 223
120 122 2088 0 224
120 122 2057 0 225
120 122 2057 0 226
120 122 2086 0 227
120 122 2086 0 228
120 122 2086 0 229
120 122 2053 0 230
120 122 2053 0 231
120 121 2089 0 232
120 121 2089 0 233
120 121 2089 0 234
120 122 2071 0 235
120 122 2071 0 236
120 121 2100 0 237
120 121 2100 0 238
120 121 2100 0 239
120 121 2085 0 240
120 121 2085 0 241
120 121 2107 0 242
120 121 2107 0 243
120 121 2107 0 244
120 121 2116 0 245
120 121 2116 0 246
120 121 2108 0 247
120 121 2108 0 248
120 121 2108 0 249
120 121 2137 0 250
120 121 2137 0 251
120 121 2108 0 252
120 121 2108 0 253
120 121 2108 0 254
120 120 2167 0 255
120 120 2167 0 256
120 121 2126 0 257
120 121 2126 0 258
120 121 2126 0 259
120 120 2168 0 260
120 120 2168 0 261
120 120 2142 0 262
120 120 2142 0 263
120 120 2142 0 264
120 119 2209 0 265
120 119 2209 0 266
120 120 2217 0 267
120 120 2217 0 268
120 120 2217 0 269
120 119 2222 0 270
120 119 2222 0 271
120 120 2232 0 272
120 120 2232 0 273
120 120 2232 0 274
120 120 2206 0 275
120 120 2206 0 276
120 120 2235 0 277
120 120 2235 0 278
120 120 2235 0 279
120 120 2210 0 280
120 120 2210 0 281
120 119 2263 0 282
120 119 2263 0 283
120 119 2263 0 284
120 120 2221 0 285
120 120 2221 0 286
120 119 2257 0 287
120 119 2257 0 288
120 119 2257 0 289
120 120 2226 0 290
120 120 2226 0 291
120 119 2272 0 292
120 119 2272 0 293
120 119 2272 0 294
120 120 2237 0 295
120 120 2237 0 296
120 119 2275 0 297
120 119 2275 0 298
120 119 2275 0 299
120 119 2264 0 300
120 119 2264 0 301
120 119 2277 0 302
120 119 2277 0 303
120 119 2277 0 304
120 119 2303 0 305
120 119 2303 0 306
120 119 2289 0 307
120 119 2289 0 308
120 119 2289 0 309
120 119 2303 0 310
120 119 2303 0 311
120 120 2272 0 312
120 120 2272 0 313
120 120 2272 0 314
120 119 2305 0 315
120 119 2305 0 316
120 120 2269 0 317
120 120 2269 0 318
120 120 2269 0 319
120 119 2317 0 320
120 119 2317 0 321
120 119 2283 0 322
120 119 2283 0 323
120 119 2283 0 324
120 119 2322 0 325
120 119 2322 0 326
120 120 2289 0 327
120 120 2289 0 328
120 120 2289 0 329
120 119 2334 0 330
120 119 2334 0 331
120 120 2306 0 332
120 120 2306 0 333
120 120 2306 0 334
120 119 2352 0 335
120 119 2352 0 336
120 120 2316 0 337
120 120 2316 0 338
120 120 2316 0 339
120 119 2340 0 340
120 119 2340 0 341
120 120 2314 0 342
120 120 2314 0 343
120 120 2314 0 344
120 119 2329 0 345
120 119 2329 0 346
120 120 2331 0 347
120 120 2331 0 348
120 120 2331 0 349
120 119 2328 0 350
120 119 2328 0 351
120 119 2340 0 352
120 119 2340 0 353
120 119 2340 0 354
120 120 2329 0 355
120 120 2329 0 356
120 120 2347 0 357
120 120 2347 0 358
120 120 2347 0 359
120 120 2332 0 360
120 120 2332 0 361
120 120 2345 0 362
120 120 2345 0 363
120 120 2345 0 364
120 120 2327 0 365
120 120 2327 0 366
120 119 2354 0 367
120 119 2354 0 368
120 119 2354 0 369
120 120 2332 0 370
120 120 2332 0 371
120 119 2365 0 372
120 119 2365 0 373
120 119 2365 0 374
120 120 2330 0 375
120 120 2330 0 376
120 119 2405 0 377
120 119 2405 0 378
120 119 2405 0 379
120 119 2375 0 380
120 119 2375 0 381
120 119 2401 0 382
120 119 2401 0 383
120 119 2401 0 384
120 119 2385 0 385
120 119 2385 0 386
120 119 2412 0 387
120 119 2412 0 388
120 119 2412 0 389
120 119 2383 0 390
120 119 2383 0 391
120 119 2438 0 392
120 119 2438 0 393
120 119 2438 0 394
120 119 2410 0 395
120 119 2410 0 396
120 119 2438 0 397
120 119 2438 0 398
120 119 2438 0 399
120 119 2420 0 400
120 119 2420 0 401
120 119 2439 0 402
120 119 2439 0 403
120 119 2439 0 404
120 119 2440 0 405
120 119 2440 0 406
120 119 2441 0 407
120 119 2441 0 408
120 119 2441 0 409
120 119 2437 0 410
120 119 2437 0 411
120 119 2430 0 412
120 119 2430 0 413
120 119 2430 0 414
120 119 2436 0 415
120 119 2436 0 416
120 119 2424 0 417
120 119 2424 0 418
120 119 2424 0 419
120 119 2440 0 420
120 119 2440 0 421
120 120 2410 0 422
120 120 2410 0 423
120 120 2410 0 424
120 120 2426 0 425
120 120 2426 0 426
120 120 2400 0 427
120 120 2400 0 428
120 120 2400 0 429
120 120 2403 0 430
120 120 2403 0 431
120 120 2387 0 432
120 120 2387 0 433
120 120 2387 0 434
120 120 2422 0 435
120 120 2422 0 436
120 120 2402 0 437
120 120 2402 0 438
120 120 2402 0 439
120 120 2438 0 440
120 120 2438 0 441
120 120 2405 0 442
120 120 2405 0 443
120 120 2405 0 444
120 119 2473 0 445
120 119 2473 0 446
120 120 2432 0 447
120 120 2432 0 448
120 120 2432 0 449
120 119 2492 0 450
120 119 2492 0 451
120 119 2461 0 452
120 119 2461 0 453
120 119 2461 0 454
120 119 2508 0 455
120 119 2508 0 456
120 119 2468 0 457
120 119 2468 0 458
120 119 2468 0 459
120 119 2506 0 460
120 119 2506 0 461
120 119 2476 0 462
120 119 2476 0 463
120 119 2476 0 464
120 119 2491 0 465
120 119 2491 0 466
120 120 2470 0 467
120 120 2470 0 468
120 120 2470 0 469
120 119 2499 0 470
120 119 2499 0 471
120 120 2469 0 472
120 120 2469 0 473
120 120 2469 0 474
120 119 2494 0 475
120 119 2494 0 476
120 120 2474 0 477
120 120 2474 0 478
120 120 2474 0 479
120 120 2490 0 480
120 120 2490 0 481
120 120 2455 0 482
120 120 2455 0 483
120 120 2455 0 484
120 120 2481 0 485
120 120 2481 0 486
120 120 2442 0 487
120 120 2442 0 488
120 120 2442 0 489
120 120 2463 0 490
120 120 2463 0 491
120 120 2443 0 492
120 120 2443 0 493
120 120 2443 0 494
120 119 2501 0 495
120 119 2501 0 496
120 120 2481 0 497
120 120 2481 0 498
120 120 2481 0 499
120 119 2513 0 500
120 119 2513 0 501
120 120 2489 0 502
120 120 2489 0 503
120 120 2489 0 504
120 119 2521 0 505
120 119 2521 0 506
120 120 2512 0 507
120 120 2512 0 508
120 120 2512 0 509
120 119 2530 0 510
120 119 2530 0 511
120 119 2517 0 512
120 119 2517 0 513
120 119 2517 0 514
120 119 2526 0 515
120 119 2526 0 516
120 120 2517 0 517
120 120 2517 0 518
120 120 2517 0 519
120 119 2527 0 520
120 119 2527 0 521
120 120 2523 0 522
120 120 2523 0 523
120 120 2523 0 524
120 119 2528 0 525
120 119 2528 0 526
120 119 2557 0 527
120 119 2557 0 528
120 119 2557 0 529
120 119 2545 0 530
120 119 2545 0 531
120 119 2555 0 532
120 119 2555 0 533
120 119 2555 0 534
120 120 2538 0 535
120 120 2538 0 536
120 120 2539 0 537
120 120 2539 0 538
120 120 2539 0 539
120 120 2527 0 540
120 120 2527 0 541
120 120 2551 0 542
120 120 2551 0 543
120 120 2551 0 544
120 120 2535 0 545
120 120 2535 0 546
120 120 2555 0 547
120 120 2555 0 548
120 120 2555 0 549
120 120 2552 0 550
120 120 2552 0 551
120 119 2586 0 552
120 119 2586 0 553
120 119 2586 0 554
120 119 2575 0 555
120 119 2575 0 556
120 118 2642 0 557
120 118 2642 0 558
120 118 2642 0 559
120 119 2646 0 560
120 119 2646 0 561
120 118 2729 0 562
120 118 2729 0 563
120 118 2729 0 564
120 118 2724 0 565
120 118 2724 0 566
120 117 2794 0 567
120 117 2794 0 568
120 117 2794 0 569
120 117 2819 0 570
120 117 2819 0 571
120 116 2913 0 572
120 116 2913 0 573
120 116 2913 0 574
120 115 2971 0 575
120 115 2971 0 576
120 114 3035 0 577
120 114 3035 0 578
120 114 3035 0 579
120 114 3118 0 580
120 114 3118 0 581
120 114 3165 0 582
120 114 3165 0 583
120 114 3165 0 584
120 112 3314 0 585
120 112 3314 0 586
120 112 3341 0 587
120 112 3341 0 588
120 112 3341 0 589
120 111 3455 0 590
120 111 3455 0 591
120 111 3510 0 592
120 111 3510 0 593
120 111 3510 0 594
120 110 3607 0 595
120 110 3607 0 596
120 110 3686 0 597
120 110 3686 0 598
120 110 3686 0 599
120 110 3743 0 600
120 110 3743 0 601
120 108 3915 0 602
120 108 3915 0 603
120 108 3915 0 604
120 109 3928 0 605
120 109 3928 0 606
120 107 4092 0 607
120 107 4092 0 608
120 107 4092 0 609
120 108 4134 0 610
120 108 4134 0 611
120 107 4202 0 612
120 107 4202 0 613
120 107 4202 0 614
120 108 4230 0 615
120 108 4230 0 616
120 108 4265 0 617
120 108 4265 0 618
120 108 4265 0 619
120 109 4287 0 620
120 109 4287 0 621
120 109 4307 0 622
120 109 4307 0 623
120 109 4307 0 624
120 110 4309 0 625
120 110 4309 0 626
120 110 4328 0 627
120 110 4328 0 628
120 110 4328 0 629
120 111 4324 0 630
120 111 4324 0 631
120 111 4332 0 632
120 111 4332 0 633
120 111 4332 0 634
120 112 4326 0 635
120 112 4326 0 636
120 112 4338 0 637
120 112 4338 0 638
120 112 4338 0 639
120 113 4339 0 640
120 113 4339 0 641
120 113 4331 0 642
120 113 4331 0 643
120 113 4331 0 644
120 114 4304 0 645
120 114 4304 0 646
120 114 4318 0 647
120 114 4318 0 648
120 114 4318 0 649
120 115 4289 0 650
120 115 4289 0 651
120 115 4301 0 652
120 115 4301 0 653
120 115 4301 0 654
120 116 4281 0 655
120 116 4281 0 656
120 116 4269 0 657
120 116 4269 0 658
120 116 4269 0 659
120 117 4262 0 660
120 117 4262 0 661
120 117 4231 0 662
120 117 4231 0 663
120 117 4231 0 664
120 118 4226 0 665
120 118 4226 0 666
120 118 4194 0 667
120 118 4194 0 668
120 118 4194 0 669
120 119 4180 0 670
120 119 4180 0 671
120 118 4165 0 672
120 118 4165 0 673
120 118 4165 0 674
120 119 4146 0 675
120 119 4146 0 676
120 119 4135 0 677
120 119 4135 0 678
120 119 4135 0 679
120 120 4101 0 680
120 120 4101 0 681
120 119 4094 0 682
120 119 4094 0 683
120 119 4094 0 684
120 120 4046 0 685
120 120 4046 0 686
120 120 4071 0 687
120 120 4071 0 688
120 120 4071 0 689
120 121 4008 0 690
120 121 4008 0 691
120 120 4042 0 692
120 120 4042 0 693
120 120 4042 0 694
120 121 3988 0 695
120 121 3988 0 696
120 120 4017 0 697
120 120 4017 0 698
120 120 4017 0 699
120 121 3964 0 700
120 121 3964 0 701
120 120 4007 0 702
120 120 4007 0 703
120 120 4007 0 704
120 121 3963 0 705
120 121 3963 0 706
120 121 3978 0 707
120 121 3978 0 708
120 121 3978 0 709
120 121 3939 0 710
120 121 3939 0 711
120 120 4033 0 712
120 120 4033 0 713
120 120 4033 0 714
120 120 3999 0 715
120 120 3999 0 716
120 119 4053 0 717
120 119 4053 0 718
120 119 4053 0 719
120 120 4029 0 720
120 120 4029 0 721
120 119 4051 0 722
120 119 4051 0 723
120 119 4051 0 724
120 120 4028 0 725
120 120 4028 0 726
120 118 4166 0 727
120 118 4166 0 728
120 118 4166 0 729
120 119 4162 0 730
120 119 4162 0 731
120 118 4182 0 732
120 118 4182 0 733
120 118 4182 0 734
120 119 4170 0 735
120 119 4170 0 736
120 118 4199 0 737
120 118 4199 0 738
120 118 4199 0 739
120 118 4206 0 740
120 118 4206 0 741
120 118 4226 0 742
120 118 4226 0 743
120 118 4226 0 744
120 118 4228 0 745
120 118 4228 0 746
120 118 4249 0 747
120 118 4249 0 748
120 118 4249 0 749
120 118 4270 0 750
120 118 4270 0 751
120 118 4272 0 752
120 118 4272 0 753
120 118 4272 0 754
120 118 4302 0 755
120 118 4302 0 756
120 118 4296 0 757
120 118 4296 0 758
120 118 4296 0 759
120 118 4331 0 760
120 118 4331 0 761
120 118 4315 0 762
120 118 4315 0 763
120 118 4315 0 764
120 117 4420 0 765
120 117 4420 0 766
120 118 4401 0 767
120 118 4401 0 768
120 118 4401 0 769
120 116 4488 0 770
120 116 4488 0 771
120 117 4442 0 772
120 117 4442 0 773
120 117 4442 0 774
120 117 4483 0 775
120 117 4483 0 776
120 118 4441 0 777
120 118 4441 0 778
120 118 4441 0 779
120 118 4463 0 780
120 118 4463 0 781
120 118 4429 0 782
120 118 4429 0 783
120 118 4429 0 784
120 118 4464 0 785
120 118 4464 0 786
120 119 4431 0 787
120 119 4431 0 788
120 119 4431 0 789
120 118 4456 0 790
120 118 4456 0 791
120 119 4427 0 792
120 119 4427 0 793
120 119 4427 0 794
120 118 4480 0 795
120 118 4480 0 796
120 119 4437 0 797
120 119 4437 0 798
120 119 4437 0 799
120 118 4499 0 800
120 118 4499 0 801
120 119 4456 0 802
120 119 4456 0 803
120 119 4456 0 804
120 118 4500 0 805
120 118 4500 0 806
120 119 4457 0 807
120 119 4457 0 808
120 119 4457 0 809
120 118 4491 0 810
120 118 4491 0 811
120 119 4457 0 812
120 119 4457 0 813
120 119 4457 0 814
120 119 4496 0 815
120 119 4496 0 816
120 119 4461 0 817
120 119 4461 0 818
120 119 4461 0 819
120 119 4491 0 820
120 119 4491 0 821
120 119 4456 0 822
120 119 4456 0 823
120 119 4456 0 824
120 119 4472 0 825
120 119 4472 0 826
120 120 4437 0 827
120 120 4437 0 828
120 120 4437 0 829
120 120 4457 0 830
120 120 4457 0 831
120 120 4431 0 832
120 120 4431 0 833
120 120 4431 0 834
120 119 4460 0 835
120 119 4460 0 836
120 120 4429 0 837
120 120 4429 0 838
120 120 4429 0 839
120 119 4481 0 840
120 119 4481 0 841
120 120 4442 0 842
120 120 4442 0 843
120 120 4442 0 844
120 119 4499 0 845
120 119 4499 0 846
120 119 4460 0 847
120 119 4460 0 848
120 119 4460 0 849
120 119 4522 0 850
120 119 4522 0 851
120 119 4478 0 852
120 119 4478 0 853
120 119 4478 0 854
120 119 4522 0 855
120 119 4522 0 856
120 119 4497 0 857
120 119 4497 0 858
120 119 4497 0 859
120 119 4541 0 860
120 119 4541 0 861
120 119 4493 0 862
120 119 4493 0 863
120 119 4493 0 864
120 118 4578 0 865
120 118 4578 0 866
120 119 4549 0 867
120 119 4549 0 868
120 119 4549 0 869
120 118 4566 0 870
120 118 4566 0 871
120 119 4505 0 872
120 119 4505 0 873
120 119 4505 0 874
120 119 4544 0 875
120 119 4544 0 876
120 120 4486 0 877
120 120 4486 0 878
120 120 4486 0 879
120 119 4525 0 880
120 119 4525 0 881
120 120 4467 0 882
120 120 4467 0 883
120 120 4467 0 884
120 119 4515 0 885
120 119 4515 0 886
120 120 4471 0 887
120 120 4471 0 888
120 120 4471 0 889
120 120 4501 0 890
120 120 4501 0 891
120 121 4456 0 892
120 121 4456 0 893
120 121 4456 0 894
120 120 4499 0 895
120 120 4499 0 896
120 121 4455 0 897
120 121 4455 0 898
120 121 4455 0 899
120 120 4480 0 900
120 120 4480 0 901
120 121 4445 0 902
120 121 4445 0 903
120 121 4445 0 904
120 120 4479 0 905
120 120 4479 0 906
120 121 4430 0 907
120 121 4430 0 908
120 121 4430 0 909
120 120 4459 0 910
120 120 4459 0 911
120 121 4429 0 912
120 121 4429 0 913
120 121 4429 0 914
120 120 4509 0 915
120 120 4509 0 916
120 120 4447 0 917
120 120 4447 0 918
120 120 4447 0 919
120 120 4490 0 920
120 120 4490 0 921
120 120 4447 0 922
120 120 4447 0 923
120 120 4447 0 924
120 120 4472 0 925
120 120 4472 0 926
120 121 4432 0 927
120 121 4432 0 928
120 121 4432 0 929
120 119 4499 0 930
120 119 4499 0 931
120 120 4451 0 932
120 120 4451 0 933
120 120 4451 0 934
120 120 4486 0 935
120 120 4486 0 936
120 120 4447 0 937
120 120 4447 0 938
120 120 4447 0 939
120 119 4509 0 940
120 119 4509 0 941
120 120 4457 0 942
120 120 4457 0 943
120 120 4457 0 944
120 119 4524 0 945
120 119 4524 0 946
120 120 4472 0 947
120 120 4472 0 948
120 120 4472 0 949
120 120 4498 0 950
120 120 4498 0 951
120 120 4464 0 952
120 120 4464 0 953
120 120 4464 0 954
120 120 4508 0 955
120 120 4508 0 956
120 120 4465 0 957
120 120 4465 0 958
120 120 4465 0 959
120 120 4510 0 960
120 120 4510 0 961
120 120 4467 0 962
120 120 4467 0 963
120 120 4467 0 964
120 120 4502 0 965
120 120 4502 0 966
120 120 4464 0 967
120 120 4464 0 968
120 120 4464 0 969
120 120 4503 0 970
120 120 4503 0 971
120 120 4465 0 972
120 120 4465 0 973
120 120 4465 0 974
120 120 4491 0 975
120 120 4491 0 976
120 120 4457 0 977
120 120 4457 0 978
120 120 4457 0 979
120 120 4483 0 980
120 120 4483 0 981
120 121 4444 0 982
120 121 4444 0 983
120 121 4444 0 984
120 120 4479 0 985
120 120 4479 0 986
120 121 4445 0 987
120 121 4445 0 988
120 121 4445 0 989
120 120 4466 0 990
120 120 4466 0 991
120 121 4437 0 992
120 121 4437 0 993
120 121 4437 0 994
120 120 4500 0 995
120 120 4500 0 996
120 120 4453 0 997
120 120 4453 0 998
120 120 4453 0 999
120 119 4492 0 1000
120 119 4492 0 1001
120 120 4450 0 1002
120 120 4450 0 1003
120 120 4450 0 1004
120 120 4480 0 1005
120 120 4480 0 1006
120 121 4442 0 1007
120 121 4442 0 1008
120 121 4442 0 1009
120 120 4464 0 1010
120 120 4464 0 1011
120 121 4439 0 1012
120 121 4439 0 1013
120 121 4439 0 1014
120 120 4470 0 1015
120 120 4470 0 1016
120 120 4441 0 1017
120 120 4441 0 1018
120 120 4441 0 1019
120 120 4490 0 1020
120 120 4490 0 1021
120 120 4457 0 1022
120 120 4457 0 1023
120 120 4457 0 1024
120 119 4506 0 1025
120 119 4506 0 1026
120 120 4464 0 1027
120 120 4464 0 1028
120 120 4464 0 1029
120 119 4495 0 1030
120 119 4495 0 1031
120 120 4458 0 1032
120 120 4458 0 1033
120 120 4458 0 1034
120 120 4489 0 1035
120 120 4489 0 1036
120 120 4456 0 1037
120 120 4456 0 1038
120 120 4456 0 1039
120 119 4533 0 1040
120 119 4533 0 1041
120 120 4482 0 1042
120 120 4482 0 1043
120 120 4482 0 1044
120 119 4523 0 1045
120 119 4523 0 1046
120 120 4490 0 1047
120 120 4490 0 1048
120 120 4490 0 1049
120 119 4526 0 1050
120 119 4526 0 1051
120 120 4494 0 1052
120 120 4494 0 1053
120 120 4494 0 1054
120 119 4525 0 1055
120 119 4525 0 1056
120 120 4497 0 1057
120 120 4497 0 1058
120 120 4497 0 1059
120 119 4534 0 1060
120 119 4534 0 1061
120 120 4496 0 1062
120 120 4496 0 1063
120 120 4496 0 1064
120 118 4593 0 1065
120 118 4593 0 1066
120 119 4547 0 1067
120 119 4547 0 1068
120 119 4547 0 1069
120 119 4598 0 1070
120 119 4598 0 1071
120 119 4543 0 1072
120 119 4543 0 1073
120 119 4543 0 1074
120 119 4580 0 1075
120 119 4580 0 1076
120 120 4548 0 1077
120 120 4548 0 1078
120 120 4548 0 1079
120 119 4584 0 1080
120 119 4584 0 1081
120 119 4552 0 1082
120 119 4552 0 1083
120 119 4552 0 1084
120 119 4594 0 1085
120 119 4594 0 1086
120 119 4557 0 1087
120 119 4557 0 1088
120 119 4557 0 1089
120 119 4598 0 1090
120 119 4598 0 1091
120 119 4557 0 1092
120 119 4557 0 1093
120 119 4557 0 1094
120 119 4584 0 1095
120 119 4584 0 1096
120 120 4547 0 1097
120 120 4547 0 1098
120 120 4547 0 1099
120 119 4565 0 1100
120 119 4565 0 1101
120 120 4537 0 1102
120 120 4537 0 1103
120 120 4537 0 1104
120 120 4549 0 1105
120 120 4549 0 1106
120 121 4516 0 1107
120 121 4516 0 1108
120 121 4516 0 1109
120 120 4548 0 1110
120 120 4548 0 1111
120 120 4514 0 1112
120 120 4514 0 1113
120 120 4514 0 1114
120 120 4550 0 1115
120 120 4550 0 1116
120 120 4513 0 1117
120 120 4513 0 1118
120 120 4513 0 1119
120 119 4585 0 1120
120 119 4585 0 1121
120 120 4539 0 1122
120 120 4539 0 1123
120 120 4539 0 1124
120 119 4575 0 1125
120 119 4575 0 1126
120 120 4538 0 1127
120 120 4538 0 1128
120 120 4538 0 1129
120 119 4579 0 1130
120 119 4579 0 1131
120 120 4542 0 1132
120 120 4542 0 1133
120 120 4542 0 1134
120 120 4569 0 1135
120 120 4569 0 1136
120 120 4531 0 1137
120 120 4531 0 1138
120 120 4531 0 1139
120 119 4581 0 1140
120 119 4581 0 1141
120 120 4549 0 1142
120 120 4549 0 1143
120 120 4549 0 1144
120 120 4576 0 1145
120 120 4576 0 1146
120 120 4543 0 1147
120 120 4543 0 1148
120 120 4543 0 1149
120 120 4570 0 1150
120 120 4570 0 1151
120 120 4542 0 1152
120 120 4542 0 1153
120 120 4542 0 1154
120 119 4588 0 1155
120 119 4588 0 1156
120 120 4551 0 1157
120 120 4551 0 1158
120 120 4551 0 1159
120 119 4582 0 1160
120 119 4582 0 1161
120 120 4555 0 1162
120 120 4555 0 1163
120 120 4555 0 1164
120 119 4600 0 1165
120 119 4600 0 1166
120 120 4568 0 1167
120 120 4568 0 1168
120 120 4568 0 1169
120 119 4614 0 1170
120 119 4614 0 1171
120 120 4582 0 1172
120 120 4582 0 1173
120 120 4582 0 1174
120 119 4628 0 1175
120 119 4628 0 1176
120 119 4600 0 1177
120 119 4600 0 1178
120 119 4600 0 1179
120 119 4628 0 1180
120 119 4628 0 1181
120 120 4601 0 1182
120 120 4601 0 1183
120 120 4601 0 1184
120 119 4628 0 1185
120 119 4628 0 1186
120 120 4596 0 1187
120 120 4596 0 1188
120 120 4596 0 1189
120 119 4642 0 1190
120 119 4642 0 1191
120 120 4601 0 1192
120 120 4601 0 1193
120 120 4601 0 1194
120 119 4624 0 1195
120 119 4624 0 1196
120 120 4596 0 1197
120 120 4596 0 1198
120 120 4596 0 1199
120 119 4619 0 1200
120 119 4619 0 1201
120 120 4591 0 1202
120 120 4591 0 1203
120 120 4591 0 1204
120 120 4604 0 1205
120 120 4604 0 1206
120 120 4581 0 1207
120 120 4581 0 1208
120 120 4581 0 1209
120 119 4626 0 1210
120 119 4626 0 1211
120 120 4594 0 1212
120 120 4594 0 1213
120 120 4594 0 1214
120 119 4649 0 1215
120 119 4649 0 1216
120 120 4608 0 1217
120 120 4608 0 1218
120 120 4608 0 1219
120 119 4635 0 1220
120 119 4635 0 1221
120 120 4603 0 1222
120 120 4603 0 1223
120 120 4603 0 1224
120 119 4639 0 1225
120 119 4639 0 1226
120 120 4612 0 1227
120 120 4612 0 1228
120 120 4612 0 1229
120 119 4639 0 1230
120 119 4639 0 1231
120 120 4612 0 1232
120 120 4612 0 1233
120 120 4612 0 1234
120 119 4653 0 1235
120 119 4653 0 1236
120 120 4621 0 1237
120 120 4621 0 1238
120 120 4621 0 1239
120 119 4653 0 1240
120 119 4653 0 1241
120 120 4625 0 1242
120 120 4625 0 1243
120 120 4625 0 1244
120 120 4657 0 1245
120 120 4657 0 1246
120 120 4625 0 1247
120 120 4625 0 1248
120 120 4625 0 1249
120 119 4671 0 1250
120 119 4671 0 1251
120 120 4634 0 1252
120 120 4634 0 1253
120 120 4634 0 1254
120 119 4676 0 1255
120 119 4676 0 1256
120 120 4644 0 1257
120 120 4644 0 1258
120 120 4644 0 1259
120 119 4671 0 1260
120 119 4671 0 1261
120 120 4648 0 1262
120 120 4648 0 1263
120 120 4648 0 1264
120 119 4690 0 1265
120 119 4690 0 1266
120 120 4658 0 1267
120 120 4658 0 1268
120 120 4658 0 1269
120 119 4695 0 1270
120 119 4695 0 1271
120 120 4668 0 1272
120 120 4668 0 1273
120 120 4668 0 1274
120 119 4705 0 1275
120 119 4705 0 1276
120 119 4677 0 1277
120 119 4677 0 1278
120 119 4677 0 1279
120 119 4715 0 1280
120 119 4715 0 1281
120 119 4692 0 1282
120 119 4692 0 1283
120 119 4692 0 1284
120 119 4711 0 1285
120 119 4711 0 1286
120 120 4688 0 1287
120 120 4688 0 1288
120 120 4688 0 1289
120 119 4707 0 1290
120 119 4707 0 1291
120 120 4679 0 1292
120 120 4679 0 1293
120 120 4679 0 1294
120 120 4693 0 1295
120 120 4693 0 1296
120 120 4674 0 1297
120 120 4674 0 1298
120 120 4674 0 1299
120 119 4715 0 1300
120 119 4715 0 1301
120 120 4683 0 1302
120 120 4683 0 1303
120 120 4683 0 1304
120 119 4748 0 1305
120 119 4748 0 1306
120 120 4698 0 1307
120 120 4698 0 1308
120 120 4698 0 1309
120 119 4739 0 1310
120 119 4739 0 1311
120 120 4703 0 1312
120 120 4703 0 1313
120 120 4703 0 1314
120 119 4735 0 1315
120 119 4735 0 1316
120 120 4703 0 1317
120 120 4703 0 1318
120 120 4703 0 1319
120 119 4740 0 1320
120 119 4740 0 1321
120 120 4708 0 1322
120 120 4708 0 1323
120 120 4708 0 1324
120 120 4731 0 1325
120 120 4731 0 1326
120 120 4712 0 1327
120 120 4712 0 1328
120 120 4712 0 1329
120 119 4772 0 1330
120 119 4772 0 1331
120 120 4732 0 1332
120 120 4732 0 1333
120 120 4732 0 1334
120 119 4755 0 1335
120 119 4755 0 1336
120 120 4723 0 1337
120 120 4723 0 1338
120 120 4723 0 1339
120 119 4787 0 1340
120 119 4787 0 1341
120 119 4751 0 1342
120 119 4751 0 1343
120 119 4751 0 1344
120 119 4779 0 1345
120 119 4779 0 1346
120 120 4752 0 1347
120 120 4752 0 1348
120 120 4752 0 1349
120 119 4780 0 1350
120 119 4780 0 1351
120 120 4757 0 1352
120 120 4757 0 1353
120 120 4757 0 1354
120 119 4785 0 1355
120 119 4785 0 1356
120 120 4757 0 1357
120 120 4757 0 1358
120 120 4757 0 1359
120 119 4785 0 1360
120 119 4785 0 1361
120 120 4762 0 1362
120 120 4762 0 1363
120 120 4762 0 1364
120 119 4795 0 1365
120 119 4795 0 1366
120 120 4767 0 1367
120 120 4767 0 1368
120 120 4767 0 1369
120 119 4818 0 1370
120 119 4818 0 1371
120 120 4782 0 1372
120 120 4782 0 1373
120 120 4782 0 1374
120 118 4875 0 1375
120 118 4875 0 1376
120 119 4834 0 1377
120 119 4834 0 1378
120 119 4834 0 1379
120 118 4905 0 1380
120 118 4905 0 1381
120 119 4869 0 1382
120 119 4869 0 1383
120 119 4869 0 1384
120 118 4908 0 1385
120 118 4908 0 1386
120 119 4872 0 1387
120 119 4872 0 1388
120 119 4872 0 1389
120 119 4850 0 1390
120 119 4850 0 1391
120 120 4818 0 1392
120 120 4818 0 1393
120 120 4818 0 1394
120 119 4882 0 1395
120 119 4882 0 1396
120 119 4842 0 1397
120 119 4842 0 1398
120 119 4842 0 1399
120 119 4888 0 1400
120 119 4888 0 1401
120 119 4861 0 1402
120 119 4861 0 1403
120 119 4861 0 1404
120 118 4917 0 1405
120 118 4917 0 1406
120 119 4895 0 1407
120 119 4895 0 1408
120 119 4895 0 1409
120 118 4946 0 1410
120 118 4946 0 1411
120 118 4934 0 1412
120 118 4934 0 1413
120 118 4934 0 1414
120 118 4963 0 1415
120 118 4963 0 1416
120 119 4955 0 1417
120 119 4955 0 1418
120 119 4955 0 1419
120 119 4937 0 1420
120 119 4937 0 1421
120 119 4896 0 1422
120 119 4896 0 1423
120 119 4896 0 1424
120 119 4901 0 1425
120 119 4901 0 1426
120 120 4864 0 1427
120 120 4864 0 1428
120 120 4864 0 1429
120 120 4863 0 1430
120 120 4863 0 1431
120 121 4830 0 1432
120 121 4830 0 1433
120 121 4830 0 1434
120 120 4852 0 1435
120 120 4852 0 1436
120 121 4828 0 1437
120 121 4828 0 1438
120 121 4828 0 1439
120 119 4910 0 1440
120 119 4910 0 1441
120 120 4864 0 1442
120 120 4864 0 1443
120 120 4864 0 1444
120 119 4942 0 1445
120 119 4942 0 1446
120 120 4896 0 1447
120 120 4896 0 1448
120 120 4896 0 1449
120 119 4915 0 1450
120 119 4915 0 1451
120 120 4892 0 1452
120 120 4892 0 1453
120 120 4892 0 1454
120 120 4905 0 1455
120 120 4905 0 1456
120 120 4887 0 1457
120 120 4887 0 1458
120 120 4887 0 1459
120 120 4905 0 1460
120 120 4905 0 1461
120 120 4877 0 1462
120 120 4877 0 1463
120 120 4877 0 1464
120 120 4895 0 1465
120 120 4895 0 1466
120 120 4867 0 1467
120 120 4867 0 1468
120 120 4867 0 1469
120 120 4880 0 1470
120 120 4880 0 1471
120 120 4861 0 1472
120 120 4861 0 1473
120 120 4861 0 1474
120 119 4920 0 1475
120 119 4920 0 1476
120 120 4883 0 1477
120 120 4883 0 1478
120 120 4883 0 1479
120 120 4906 0 1480
120 120 4906 0 1481
120 120 4878 0 1482
120 120 4878 0 1483
120 120 4878 0 1484
120 120 4896 0 1485
120 120 4896 0 1486
120 120 4877 0 1487
120 120 4877 0 1488
120 120 4877 0 1489
120 119 4941 0 1490
120 119 4941 0 1491
120 119 4909 0 1492
120 119 4909 0 1493
120 119 4909 0 1494
120 119 4951 0 1495
120 119 4951 0 1496
120 119 4923 0 1497
120 119 4923 0 1498
120 119 4923 0 1499
120 119 4942 0 1500
120 119 4942 0 1501
120 120 4919 0 1502
120 120 4919 0 1503
120 120 4919 0 1504
120 120 4933 0 1505
120 120 4933 0 1506
120 120 4905 0 1507
120 120 4905 0 1508
120 120 4905 0 1509
120 120 4909 0 1510
120 120 4909 0 1511
120 120 4895 0 1512
120 120 4895 0 1513
120 120 4895 0 1514
120 120 4927 0 1515
120 120 4927 0 1516
120 120 4904 0 1517
120 120 4904 0 1518
120 120 4904 0 1519
120 119 4963 0 1520
120 119 4963 0 1521
120 120 4922 0 1522
120 120 4922 0 1523
120 120 4922 0 1524
120 120 4945 0 1525
120 120 4945 0 1526
120 120 4922 0 1527
120 120 4922 0 1528
120 120 4922 0 1529
120 120 4945 0 1530
120 120 4945 0 1531
120 120 4926 0 1532
120 120 4926 0 1533
120 120 4926 0 1534
120 119 4963 0 1535
120 119 4963 0 1536
120 120 4936 0 1537
120 120 4936 0 1538
120 120 4936 0 1539
120 119 4959 0 1540
120 119 4959 0 1541
120 120 4936 0 1542
120 120 4936 0 1543
120 120 4936 0 1544
120 120 4954 0 1545
120 120 4954 0 1546
120 120 4936 0 1547
120 120 4936 0 1548
120 120 4936 0 1549
120 120 4954 0 1550
120 120 4954 0 1551
120 120 4940 0 1552
120 120 4940 0 1553
120 120 4940 0 1554
120 120 4968 0 1555
120 120 4968 0 1556
120 120 4940 0 1557
120 120 4940 0 1558
120 120 4940 0 1559
120 119 4986 0 1560
120 119 4986 0 1561
120 120 4954 0 1562
120 120 4954 0 1563
120 120 4954 0 1564
120 119 4982 0 1565
120 119 4982 0 1566
120 120 4954 0 1567
120 120 4954 0 1568
120 120 4954 0 1569
120 119 4986 0 1570
120 119 4986 0 1571
120 120 4964 0 1572
120 120 4964 0 1573
120 120 4964 0 1574
120 119 4987 0 1575
120 119 4987 0 1576
120 120 4968 0 1577
120 120 4968 0 1578
120 120 4968 0 1579
120 119 4991 0 1580
120 119 4991 0 1581
120 120 4969 0 1582
120 120 4969 0 1583
120 120 4969 0 1584
120 120 4987 0 1585
120 120 4987 0 1586
120 120 4964 0 1587
120 120 4964 0 1588
120 120 4964 0 1589
120 119 4996 0 1590
120 119 4996 0 1591
120 120 4978 0 1592
120 120 4978 0 1593
120 120 4978 0 1594
120 119 5001 0 1595
120 119 5001 0 1596
120 120 4978 0 1597
120 120 4978 0 1598
120 120 4978 0 1599
120 119 5010 0 1600
120 119 5010 0 1601
120 120 4983 0 1602
120 120 4983 0 1603
120 120 4983 0 1604
120 119 5010 0 1605
120 119 5010 0 1606
120 120 4988 0 1607
120 120 4988 0 1608
120 120 4988 0 1609
120 119 5024 0 1610
120 119 5024 0 1611
120 120 4993 0 1612
120 120 4993 0 1613
120 120 4993 0 1614
120 119 5015 0 1615
120 119 5015 0 1616
120 120 4997 0 1617
120 120 4997 0 1618
120 120 4997 0 1619
120 119 5025 0 1620
120 119 5025 0 1621
120 120 5002 0 1622
120 120 5002 0 1623
120 120 5002 0 1624
120 119 5030 0 1625
120 119 5030 0 1626
120 120 5007 0 1627
120 120 5007 0 1628
120 120 5007 0 1629
120 119 5067 0 1630
120 119 5067 0 1631
120 120 5026 0 1632
120 120 5026 0 1633
120 120 5026 0 1634
120 118 5124 0 1635
120 118 5124 0 1636
120 119 5070 0 1637
120 119 5070 0 1638
120 119 5070 0 1639
120 118 5117 0 1640
120 118 5117 0 1641
120 119 5081 0 1642
120 119 5081 0 1643
120 119 5081 0 1644
120 118 5114 0 1645
120 118 5114 0 1646
120 119 5078 0 1647
120 119 5078 0 1648
120 119 5078 0 1649
120 119 5116 0 1650
120 119 5116 0 1651
120 119 5084 0 1652
120 119 5084 0 1653
120 119 5084 0 1654
120 119 5117 0 1655
120 119 5117 0 1656
120 119 5081 0 1657
120 119 5081 0 1658
120 119 5081 0 1659
120 119 5085 0 1660
120 119 5085 0 1661
120 120 5067 0 1662
120 120 5067 0 1663
120 120 5067 0 1664
120 120 5072 0 1665
120 120 5072 0 1666
120 120 5053 0 1667
120 120 5053 0 1668
120 120 5053 0 1669
120 120 5062 0 1670
120 120 5062 0 1671
120 120 5047 0 1672
120 120 5047 0 1673
120 120 5047 0 1674
120 119 5116 0 1675
120 119 5116 0 1676
120 120 5075 0 1677
120 120 5075 0 1678
120 120 5075 0 1679
120 119 5112 0 1680
120 119 5112 0 1681
120 120 5080 0 1682
120 120 5080 0 1683
120 120 5080 0 1684
120 119 5112 0 1685
120 119 5112 0 1686
120 120 5080 0 1687
120 120 5080 0 1688
120 120 5080 0 1689
120 119 5099 0 1690
120 119 5099 0 1691
120 120 5076 0 1692
120 120 5076 0 1693
120 120 5076 0 1694
120 119 5103 0 1695
120 119 5103 0 1696
120 120 5085 0 1697
120 120 5085 0 1698
120 120 5085 0 1699
120 120 5098 0 1700
120 120 5098 0 1701
120 120 5084 0 1702
120 120 5084 0 1703
120 120 5084 0 1704
120 120 5098 0 1705
120 120 5098 0 1706
120 120 5084 0 1707
120 120 5084 0 1708
120 120 5084 0 1709
120 120 5116 0 1710
120 120 5116 0 1711
120 120 5093 0 1712
120 120 5093 0 1713
120 120 5093 0 1714
120 120 5111 0 1715
120 120 5111 0 1716
120 120 5088 0 1717
120 120 5088 0 1718
120 120 5088 0 1719
120 119 5148 0 1720
120 119 5148 0 1721
120 120 5116 0 1722
120 120 5116 0 1723
120 120 5116 0 1724
120 119 5144 0 1725
120 119 5144 0 1726
120 120 5108 0 1727
120 120 5108 0 1728
120 120 5108 0 1729
120 120 5126 0 1730
120 120 5126 0 1731
120 120 5112 0 1732
120 120 5112 0 1733
120 120 5112 0 1734
120 120 5135 0 1735
120 120 5135 0 1736
120 120 5117 0 1737
120 120 5117 0 1738
120 120 5117 0 1739
120 120 5135 0 1740
120 120 5135 0 1741
120 120 5121 0 1742
120 120 5121 0 1743
120 120 5121 0 1744
120 119 5144 0 1745
120 119 5144 0 1746
120 120 5126 0 1747
120 120 5126 0 1748
120 120 5126 0 1749
120 119 5149 0 1750
120 119 5149 0 1751
120 120 5126 0 1752
120 120 5126 0 1753
120 120 5126 0 1754
120 119 5154 0 1755
120 119 5154 0 1756
120 120 5135 0 1757
120 120 5135 0 1758
120 120 5135 0 1759
120 119 5159 0 1760
120 119 5159 0 1761
120 120 5140 0 1762
120 120 5140 0 1763
120 120 5140 0 1764
120 119 5159 0 1765
120 119 5159 0 1766
120 120 5145 0 1767
120 120 5145 0 1768
120 120 5145 0 1769
120 119 5168 0 1770
120 119 5168 0 1771
120 120 5150 0 1772
120 120 5150 0 1773
120 120 5150 0 1774
120 119 5168 0 1775
120 119 5168 0 1776
120 120 5155 0 1777
120 120 5155 0 1778
120 120 5155 0 1779
120 120 5169 0 1780
120 120 5169 0 1781
120 120 5155 0 1782
120 120 5155 0 1783
120 120 5155 0 1784
120 120 5173 0 1785
120 120 5173 0 1786
120 120 5160 0 1787
120 120 5160 0 1788
120 120 5160 0 1789
120 119 5183 0 1790
120 119 5183 0 1791
120 120 5169 0 1792
120 120 5169 0 1793
120 120 5169 0 1794
120 120 5183 0 1795
120 120 5183 0 1796
120 120 5169 0 1797
120 120 5169 0 1798
120 120 5169 0 1799
120 119 5192 0 1800
120 119 5192 0 1801
120 120 5174 0 1802
120 120 5174 0 1803
120 120 5174 0 1804
120 119 5230 0 1805
120 119 5230 0 1806
120 119 5198 0 1807
120 119 5198 0 1808
120 119 5198 0 1809
120 119 5221 0 1810
120 119 5221 0 1811
120 119 5199 0 1812
120 119 5199 0 1813
120 119 5199 0 1814
120 119 5222 0 1815
120 119 5222 0 1816
120 119 5204 0 1817
120 119 5204 0 1818
120 119 5204 0 1819
120 119 5218 0 1820
120 119 5218 0 1821
120 120 5200 0 1822
120 120 5200 0 1823
120 120 5200 0 1824
120 120 5209 0 1825
120 120 5209 0 1826
120 120 5200 0 1827
120 120 5200 0 1828
120 120 5200 0 1829
120 120 5214 0 1830
120 120 5214 0 1831
120 120 5205 0 1832
120 120 5205 0 1833
120 120 5205 0 1834
120 120 5219 0 1835
120 120 5219 0 1836
120 120 5209 0 1837
120 120 5209 0 1838
120 120 5209 0 1839
120 119 5256 0 1840
120 119 5256 0 1841
120 119 5229 0 1842
120 119 5229 0 1843
120 119 5229 0 1844
120 119 5252 0 1845
120 119 5252 0 1846
120 120 5225 0 1847
120 120 5225 0 1848
120 120 5225 0 1849
120 119 5243 0 1850
120 119 5243 0 1851
120 120 5225 0 1852
120 120 5225 0 1853
120 120 5225 0 1854
120 119 5266 0 1855
120 119 5266 0 1856
120 119 5244 0 1857
120 119 5244 0 1858
120 119 5244 0 1859
120 118 5309 0 1860
120 118 5309 0 1861
120 119 5282 0 1862
120 119 5282 0 1863
120 119 5282 0 1864
120 118 5320 0 1865
120 118 5320 0 1866
120 119 5298 0 1867
120 119 5298 0 1868
120 119 5298 0 1869
120 119 5303 0 1870
120 119 5303 0 1871
120 119 5286 0 1872
120 119 5286 0 1873
120 119 5286 0 1874
120 119 5295 0 1875
120 119 5295 0 1876
120 119 5277 0 1877
120 119 5277 0 1878
120 119 5277 0 1879
120 120 5286 0 1880
120 120 5286 0 1881
120 120 5268 0 1882
120 120 5268 0 1883
120 120 5268 0 1884
120 120 5277 0 1885
120 120 5277 0 1886
120 120 5272 0 1887
120 120 5272 0 1888
120 120 5272 0 1889
120 120 5286 0 1890
120 120 5286 0 1891
120 120 5272 0 1892
120 120 5272 0 1893
120 120 5272 0 1894
120 119 5318 0 1895
120 119 5318 0 1896
120 120 5287 0 1897
120 120 5287 0 1898
120 120 5287 0 1899
120 120 5300 0 1900
120 120 5300 0 1901
120 120 5287 0 1902
120 120 5287 0 1903
120 120 5287 0 1904
120 119 5310 0 1905
120 119 5310 0 1906
120 120 5291 0 1907
120 120 5291 0 1908
120 120 5291 0 1909
120 119 5351 0 1910
120 119 5351 0 1911
120 119 5334 0 1912
120 119 5334 0 1913
120 119 5334 0 1914
120 119 5339 0 1915
120 119 5339 0 1916
120 119 5321 0 1917
120 119 5321 0 1918
120 119 5321 0 1919
120 120 5316 0 1920
120 120 5316 0 1921
120 120 5298 0 1922
120 120 5298 0 1923
120 120 5298 0 1924
120 120 5311 0 1925
120 120 5311 0 1926
120 120 5297 0 1927
120 120 5297 0 1928
120 120 5297 0 1929
120 119 5362 0 1930
120 119 5362 0 1931
120 120 5330 0 1932
120 120 5330 0 1933
120 120 5330 0 1934
120 118 5409 0 1935
120 118 5409 0 1936
120 119 5364 0 1937
120 119 5364 0 1938
120 119 5364 0 1939
120 119 5378 0 1940
120 119 5378 0 1941
120 119 5347 0 1942
120 119 5347 0 1943
120 119 5347 0 1944
120 120 5342 0 1945
120 120 5342 0 1946
120 120 5319 0 1947
120 120 5319 0 1948
120 120 5319 0 1949
120 120 5332 0 1950
120 120 5332 0 1951
120 120 5318 0 1952
120 120 5318 0 1953
120 120 5318 0 1954
120 119 5345 0 1955
120 119 5345 0 1956
120 120 5322 0 1957
120 120 5322 0 1958
120 120 5322 0 1959
120 120 5345 0 1960
120 120 5345 0 1961
120 120 5336 0 1962
120 120 5336 0 1963
120 120 5336 0 1964
120 120 5349 0 1965
120 120 5349 0 1966
120 120 5340 0 1967
120 120 5340 0 1968
120 120 5340 0 1969
120 120 5349 0 1970
120 120 5349 0 1971
120 120 5340 0 1972
120 120 5340 0 1973
120 120 5340 0 1974
120 119 5386 0 1975
120 119 5386 0 1976
120 120 5358 0 1977
120 120 5358 0 1978
120 120 5358 0 1979
120 119 5368 0 1980
120 119 5368 0 1981
120 120 5349 0 1982
120 120 5349 0 1983
120 120 5349 0 1984
120 120 5358 0 1985
120 120 5358 0 1986
120 120 5349 0 1987
120 120 5349 0 1988
120 120 5349 0 1989
120 120 5362 0 1990
120 120 5362 0 1991
120 120 5353 0 1992
120 120 5353 0 1993
120 120 5353 0 1994
120 120 5367 0 1995
120 120 5367 0 1996
120 120 5358 0 1997
120 120 5358 0 1998
120 120 5358 0 1999