0 0 1000 0 0
0 0 1000 0 1
0 1 1000 0 2
0 1 1000 0 3
0 1 1000 0 4
0 3 1000 0 5
0 3 1000 0 6
0 5 1000 0 7
0 5 1000 0 8
0 5 1000 0 9
0 6 1000 0 10
0 6 1000 0 11
0 9 1000 0 12
0 9 1000 0 13
0 9 1000 0 14
0 13 1000 0 15
0 13 1000 0 16
0 16 1000 0 17
0 16 1000 0 18
0 16 1000 0 19
0 18 1000 0 20
0 18 1000 0 21
0 20 1000 0 22
0 20 1000 0 23
0 20 1000 0 24
0 24 1000 0 25
0 24 1000 0 26
0 26 1000 0 27
0 26 1000 0 28
0 26 1000 0 29
0 28 1000 0 30
0 28 1000 0 31
0 29 1000 0 32
0 29 1000 0 33
0 29 1000 0 34
0 32 1000 0 35
0 32 1000 0 36
0 35 1000 0 37
0 35 1000 0 38
0 35 1000 0 39
61 36 1429 0 40
61 36 1429 0 41
62 37 1506 0 42
62 37 1506 0 43
62 37 1506 0 44
63 40 1489 0 45
63 40 1489 0 46
64 43 1452 0 47
64 43 1452 0 48
64 43 1452 0 49
65 44 1510 0 50
65 44 1510 0 51
66 46 1543 0 52
66 46 1543 0 53
66 46 1543 0 54
67 49 1493 0 55
67 49 1493 0 56
68 50 1546 0 57
68 50 1546 0 58
68 50 1546 0 59
69 52 1599 0 60
69 52 1599 0 61
70 55 1568 0 62
70 55 1568 0 63
70 55 1568 0 64
71 56 1585 0 65
71 56 1585 0 66
72 57 1658 0 67
72 57 1658 0 68
72 57 1658 0 69
73 59 1679 0 70
73 59 1679 0 71
74 61 1649 0 72
74 61 1649 0 73
74 61 1649 0 74
75 62 1719 0 75
75 62 1719 0 76
76 63 1761 0 77
76 63 1761 0 78
76 63 1761 0 79
77 65 1739 0 80
77 65 1739 0 81
78 66 1811 0 82
78 66 1811 0 83
78 66 1811 0 84
79 67 1870 0 85
79 67 1870 0 86
80 69 1846 0 87
80 69 1846 0 88
80 69 1846 0 89
81 70 1908 0 90
81 70 1908 0 91
82 71 1985 0 92
82 71 1985 0 93
82 71 1985 0 94
83 73 1964 0 95
83 73 1964 0 96
84 73 2030 0 97
84 73 2030 0 98
84 73 2030 0 99
85 74 2106 0 100
85 74 2106 0 101
86 76 2094 0 102
86 76 2094 0 103
86 76 2094 0 104
87 77 2159 0 105
87 77 2159 0 106
88 77 2229 0 107
88 77 2229 0 108
88 77 2229 0 109
89 80 2226 0 110
89 80 2226 0 111
90 80 2281 0 112
90 80 2281 0 113
90 80 2281 0 114
91 82 2291 0 115
91 82 2291 0 116
92 84 2202 0 117
92 84 2202 0 118
92 84 2202 0 119
93 85 2241 0 120
93 85 2241 0 121
94 87 2191 0 122
94 87 2191 0 123
94 87 2191 0 124
95 89 2191 0 125
95 89 2191 0 126
96 90 2218 0 127
96 90 2218 0 128
96 90 2218 0 129
97 92 2162 0 130
97 92 2162 0 131
98 92 2234 0 132
98 92 2234 0 133
98 92 2234 0 134
99 94 2191 0 135
99 94 2191 0 136
100 95 2234 0 137
100 95 2234 0 138
100 95 2234 0 139
101 96 2274 0 140
101 96 2274 0 141
102 97 2248 0 142
102 97 2248 0 143
102 97 2248 0 144
103 98 2329 0 145
103 98 2329 0 146
104 100 2285 0 147
104 100 2285 0 148
104 100 2285 0 149
105 100 2360 0 150
105 100 2360 0 151
106 101 2376 0 152
106 101 2376 0 153
106 101 2376 0 154
107 102 2401 0 155
107 102 2401 0 156
108 103 2449 0 157
108 103 2449 0 158
108 103 2449 0 159
109 104 2429 0 160
109 104 2429 0 161
110 104 2527 0 162
110 104 2527 0 163
110 104 2527 0 164
111 106 2511 0 165
111 106 2511 0 166
112 106 2564 0 167
112 106 2564 0 168
112 106 2564 0 169
113 109 2525 0 170
113 109 2525 0 171
114 109 2553 0 172
114 109 2553 0 173
114 109 2553 0 174
115 111 2508 0 175
115 111 2508 0 176
116 112 2536 0 177
116 112 2536 0 178
116 112 2536 0 179
117 114 2499 0 180
117 114 2499 0 181
118 115 2535 0 182
118 115 2535 0 183
118 115 2535 0 184
119 116 2530 0 185
119 116 2530 0 186
120 117 2556 0 187
120 117 2556 0 188
120 117 2556 0 189
120 118 2488 0 190
120 118 2488 0 191
120 119 2446 0 192
120 119 2446 0 193
120 119 2446 0 194
120 120 2382 0 195
120 120 2382 0 196
120 120 2340 0 197
120 120 2340 0 198
120 120 2340 0 199
120 121 2299 0 200
120 121 2299 0 201
120 121 2254 0 202
120 121 2254 0 203
120 121 2254 0 204
120 122 2246 0 205
120 122 2246 0 206
120 122 2184 0 207
120 122 2184 0 208
120 122 2184 0 209
120 122 2181 0 210
120 122 2181 0 211
120 123 2115 0 212
120 123 2115 0 213
120 123 2115 0 214
120 122 2161 0 215
120 122 2161 0 216
120 123 2087 0 217
120 123 2087 0 218
120 123 2087 0 219
120 122 2139 0 220
120 122 2139 0 221
120 123 2096 0 222
120 123 2096 0 223
120 123 2096 0 224
120 122 2113 0 225
120 122 2113 0 226
120 122 2085 0 227
120 122 2085 0 228
120 122 2085 0 229
120 122 2100 0 230
120 122 2100 0 231
120 122 2120 0 232
120 122 2120 0 233
120 122 2120 0 234
120 122 2086 0 235
120 122 2086 0 236
120 122 2118 0 237
120 122 2118 0 238
120 122 2118 0 239
120 122 2068 0 240
120 122 2068 0 241
120 121 2129 0 242
120 121 2129 0 243
120 121 2129 0 244
120 122 2071 0 245
120 122 2071 0 246
120 121 2130 0 247
120 121 2130 0 248
120 121 2130 0 249
120 122 2097 0 250
120 122 2097 0 251
120 121 2135 0 252
120 121 2135 0 253
120 121 2135 0 254
120 121 2127 0 255
120 121 2127 0 256
120 121 2130 0 257
120 121 2130 0 258
120 121 2130 0 259
120 121 2161 0 260
120 121 2161 0 261
120 121 2129 0 262
120 121 2129 0 263
120 121 2129 0 264
120 120 2170 0 265
120 120 2170 0 266
120 121 2126 0 267
120 121 2126 0 268
120 121 2126 0 269
120 120 2202 0 270
120 120 2202 0 271
120 121 2150 0 272
120 121 2150 0 273
120 121 2150 0 274
120 120 2199 0 275
120 120 2199 0 276
120 120 2167 0 277
120 120 2167 0 278
120 120 2167 0 279
120 120 2218 0 280
120 120 2218 0 281
120 120 2197 0 282
120 120 2197 0 283
120 120 2197 0 284
120 120 2199 0 285
120 120 2199 0 286
120 120 2225 0 287
120 120 2225 0 288
120 120 2225 0 289
120 120 2196 0 290
120 120 2196 0 291
120 120 2223 0 292
120 120 2223 0 293
120 120 2223 0 294
120 120 2186 0 295
120 120 2186 0 296
120 120 2223 0 297
120 120 2223 0 298
120 120 2223 0 299
120 120 2183 0 300
120 120 2183 0 301
120 119 2272 0 302
120 119 2272 0 303
120 119 2272 0 304
120 120 2233 0 305
120 120 2233 0 306
120 119 2269 0 307
120 119 2269 0 308
120 119 2269 0 309
120 120 2240 0 310
120 120 2240 0 311
120 119 2291 0 312
120 119 2291 0 313
120 119 2291 0 314
120 120 2259 0 315
120 120 2259 0 316
120 119 2287 0 317
120 119 2287 0 318
120 119 2287 0 319
120 119 2293 0 320
120 119 2293 0 321
120 119 2286 0 322
120 119 2286 0 323
120 119 2286 0 324
120 119 2307 0 325
120 119 2307 0 326
120 119 2282 0 327
120 119 2282 0 328
120 119 2282 0 329
120 119 2303 0 330
120 119 2303 0 331
120 120 2270 0 332
120 120 2270 0 333
120 120 2270 0 334
120 119 2319 0 335
120 119 2319 0 336
120 120 2269 0 337
120 120 2269 0 338
120 120 2269 0 339
120 119 2310 0 340
120 119 2310 0 341
120 120 2269 0 342
120 120 2269 0 343
120 120 2269 0 344
120 119 2339 0 345
120 119 2339 0 346
120 120 2290 0 347
120 120 2290 0 348
120 120 2290 0 349
120 119 2351 0 350
120 119 2351 0 351
120 120 2322 0 352
120 120 2322 0 353
120 120 2322 0 354
120 119 2352 0 355
120 119 2352 0 356
120 120 2319 0 357
120 120 2319 0 358
120 120 2319 0 359
120 119 2349 0 360
120 119 2349 0 361
120 120 2326 0 362
120 120 2326 0 363
120 120 2326 0 364
120 119 2357 0 365
120 119 2357 0 366
120 119 2339 0 367
120 119 2339 0 368
120 119 2339 0 369
120 119 2358 0 370
120 119 2358 0 371
120 119 2372 0 372
120 119 2372 0 373
120 119 2372 0 374
120 119 2364 0 375
120 119 2364 0 376
120 119 2389 0 377
120 119 2389 0 378
120 119 2389 0 379
120 120 2354 0 380
120 120 2354 0 381
120 120 2370 0 382
120 120 2370 0 383
120 120 2370 0 384
120 120 2339 0 385
120 120 2339 0 386
120 120 2365 0 387
120 120 2365 0 388
120 120 2365 0 389
120 120 2330 0 390
120 120 2330 0 391
120 120 2361 0 392
120 120 2361 0 393
120 120 2361 0 394
120 120 2322 0 395
120 120 2322 0 396
120 119 2381 0 397
120 119 2381 0 398
120 119 2381 0 399
120 120 2329 0 400
120 120 2329 0 401
120 119 2393 0 402
120 119 2393 0 403
120 119 2393 0 404
120 120 2342 0 405
120 120 2342 0 406
120 119 2402 0 407
120 119 2402 0 408
120 119 2402 0 409
120 120 2348 0 410
120 120 2348 0 411
120 119 2403 0 412
120 119 2403 0 413
120 119 2403 0 414
120 120 2382 0 415
120 120 2382 0 416
120 119 2434 0 417
120 119 2434 0 418
120 119 2434 0 419
120 120 2395 0 420
120 120 2395 0 421
120 119 2438 0 422
120 119 2438 0 423
120 119 2438 0 424
120 119 2409 0 425
120 119 2409 0 426
120 119 2448 0 427
120 119 2448 0 428
120 119 2448 0 429
120 119 2424 0 430
120 119 2424 0 431
120 119 2455 0 432
120 119 2455 0 433
120 119 2455 0 434
120 119 2449 0 435
120 119 2449 0 436
120 119 2462 0 437
120 119 2462 0 438
120 119 2462 0 439
120 119 2466 0 440
120 119 2466 0 441
120 119 2462 0 442
120 119 2462 0 443
120 119 2462 0 444
120 119 2471 0 445
120 119 2471 0 446
120 119 2457 0 447
120 119 2457 0 448
120 119 2457 0 449
120 119 2476 0 450
120 119 2476 0 451
120 120 2444 0 452
120 120 2444 0 453
120 120 2444 0 454
120 120 2467 0 455
120 120 2467 0 456
120 120 2431 0 457
120 120 2431 0 458
120 120 2431 0 459
120 120 2449 0 460
120 120 2449 0 461
120 120 2422 0 462
120 120 2422 0 463
120 120 2422 0 464
120 120 2441 0 465
120 120 2441 0 466
120 120 2405 0 467
120 120 2405 0 468
120 120 2405 0 469
120 120 2415 0 470
120 120 2415 0 471
120 121 2384 0 472
120 121 2384 0 473
120 121 2384 0 474
120 120 2407 0 475
120 120 2407 0 476
120 121 2376 0 477
120 121 2376 0 478
120 121 2376 0 479
120 120 2400 0 480
120 120 2400 0 481
120 121 2365 0 482
120 121 2365 0 483
120 121 2365 0 484
120 120 2403 0 485
120 120 2403 0 486
120 121 2372 0 487
120 121 2372 0 488
120 121 2372 0 489
120 120 2402 0 490
120 120 2402 0 491
120 120 2377 0 492
120 120 2377 0 493
120 120 2377 0 494
120 120 2407 0 495
120 120 2407 0 496
120 120 2377 0 497
120 120 2377 0 498
120 120 2377 0 499
120 120 2440 0 500
120 120 2440 0 501
120 120 2402 0 502
120 120 2402 0 503
120 120 2402 0 504
120 119 2475 0 505
120 119 2475 0 506
120 120 2419 0 507
120 120 2419 0 508
120 120 2419 0 509
120 119 2488 0 510
120 119 2488 0 511
120 120 2442 0 512
120 120 2442 0 513
120 120 2442 0 514
120 119 2502 0 515
120 119 2502 0 516
120 119 2485 0 517
120 119 2485 0 518
120 119 2485 0 519
120 119 2527 0 520
120 119 2527 0 521
120 119 2501 0 522
120 119 2501 0 523
120 119 2501 0 524
120 119 2525 0 525
120 119 2525 0 526
120 120 2485 0 527
120 120 2485 0 528
120 120 2485 0 529
120 119 2527 0 530
120 119 2527 0 531
120 120 2492 0 532
120 120 2492 0 533
120 120 2492 0 534
120 119 2516 0 535
120 119 2516 0 536
120 120 2486 0 537
120 120 2486 0 538
120 120 2486 0 539
120 119 2528 0 540
120 119 2528 0 541
120 120 2498 0 542
120 120 2498 0 543
120 120 2498 0 544
120 119 2527 0 545
120 119 2527 0 546
120 120 2488 0 547
120 120 2488 0 548
120 120 2488 0 549
120 119 2554 0 550
120 119 2554 0 551
120 119 2524 0 552
120 119 2524 0 553
120 119 2524 0 554
120 119 2563 0 555
120 119 2563 0 556
120 119 2538 0 557
120 119 2538 0 558
120 119 2538 0 559
120 119 2559 0 560
120 119 2559 0 561
120 119 2544 0 562
120 119 2544 0 563
120 119 2544 0 564
120 119 2556 0 565
120 119 2556 0 566
120 120 2540 0 567
120 120 2540 0 568
120 120 2540 0 569
120 119 2566 0 570
120 119 2566 0 571
120 120 2546 0 572
120 120 2546 0 573
120 120 2546 0 574
120 119 2567 0 575
120 119 2567 0 576
120 119 2557 0 577
120 119 2557 0 578
120 119 2557 0 579
120 119 2574 0 580
120 119 2574 0 581
120 119 2554 0 582
120 119 2554 0 583
120 119 2554 0 584
120 119 2571 0 585
120 119 2571 0 586
120 119 2570 0 587
120 119 2570 0 588
120 119 2570 0 589
120 119 2574 0 590
120 119 2574 0 591
120 119 2587 0 592
120 119 2587 0 593
120 119 2587 0 594
120 119 2581 0 595
120 119 2581 0 596
120 119 2571 0 597
120 119 2571 0 598
120 119 2571 0 599
120 119 2570 0 600
120 119 2570 0 601
120 120 2569 0 602
120 120 2569 0 603
120 120 2569 0 604
120 119 2564 0 605
120 119 2564 0 606
120 120 2563 0 607
120 120 2563 0 608
120 120 2563 0 609
120 119 2562 0 610
120 119 2562 0 611
120 120 2562 0 612
120 120 2562 0 613
120 120 2562 0 614
120 120 2552 0 615
120 120 2552 0 616
120 120 2560 0 617
120 120 2560 0 618
120 120 2560 0 619
120 120 2545 0 620
120 120 2545 0 621
120 120 2559 0 622
120 120 2559 0 623
120 120 2559 0 624
120 120 2540 0 625
120 120 2540 0 626
120 120 2553 0 627
120 120 2553 0 628
120 120 2553 0 629
120 120 2543 0 630
120 120 2543 0 631
120 120 2547 0 632
120 120 2547 0 633
120 120 2547 0 634
120 120 2542 0 635
120 120 2542 0 636
120 120 2542 0 637
120 120 2542 0 638
120 120 2542 0 639
120 120 2537 0 640
120 120 2537 0 641
120 120 2546 0 642
120 120 2546 0 643
120 120 2546 0 644
120 120 2527 0 645
120 120 2527 0 646
120 120 2541 0 647
120 120 2541 0 648
120 120 2541 0 649
120 120 2527 0 650
120 120 2527 0 651
120 120 2545 0 652
120 120 2545 0 653
120 120 2545 0 654
120 120 2532 0 655
120 120 2532 0 656
120 120 2541 0 657
120 120 2541 0 658
120 120 2541 0 659
120 120 2523 0 660
120 120 2523 0 661
120 120 2546 0 662
120 120 2546 0 663
120 120 2546 0 664
119 120 2451 0 665
119 120 2451 0 666
118 120 2388 0 667
118 120 2388 0 668
118 120 2388 0 669
117 120 2307 0 670
117 120 2307 0 671
116 120 2253 0 672
116 120 2253 0 673
116 120 2253 0 674
115 119 2154 0 675
115 119 2154 0 676
114 119 2128 0 677
114 119 2128 0 678
114 119 2128 0 679
113 119 2015 0 680
113 119 2015 0 681
112 117 2014 0 682
112 117 2014 0 683
112 117 2014 0 684
111 117 1902 0 685
111 117 1902 0 686
110 116 1920 0 687
110 116 1920 0 688
110 116 1920 0 689
109 116 1829 0 690
109 116 1829 0 691
108 114 1821 0 692
108 114 1821 0 693
108 114 1821 0 694
107 113 1815 0 695
107 113 1815 0 696
106 113 1718 0 697
106 113 1718 0 698
106 113 1718 0 699
105 111 1740 0 700
105 111 1740 0 701
104 111 1640 0 702
104 111 1640 0 703
104 111 1640 0 704
103 109 1646 0 705
103 109 1646 0 706
102 109 1622 0 707
102 109 1622 0 708
102 109 1622 0 709
101 108 1543 0 710
101 108 1543 0 711
100 106 1571 0 712
100 106 1571 0 713
100 106 1571 0 714
99 106 1480 0 715
99 106 1480 0 716
98 104 1477 0 717
98 104 1477 0 718
98 104 1477 0 719
97 103 1541 0 720
97 103 1541 0 721
96 102 1473 0 722
96 102 1473 0 723
96 102 1473 0 724
95 100 1534 0 725
95 100 1534 0 726
94 98 1594 0 727
94 98 1594 0 728
94 98 1594 0 729
93 98 1517 0 730
93 98 1517 0 731
92 95 1578 0 732
92 95 1578 0 733
92 95 1578 0 734
91 94 1605 0 735
91 94 1605 0 736
90 94 1513 0 737
90 94 1513 0 738
90 94 1513 0 739
89 92 1550 0 740
89 92 1550 0 741
88 91 1589 0 742
88 91 1589 0 743
88 91 1589 0 744
87 91 1472 0 745
87 91 1472 0 746
86 89 1502 0 747
86 89 1502 0 748
86 89 1502 0 749
85 88 1515 0 750
85 88 1515 0 751
84 88 1409 0 752
84 88 1409 0 753
84 88 1409 0 754
83 86 1436 0 755
83 86 1436 0 756
82 85 1460 0 757
82 85 1460 0 758
82 85 1460 0 759
81 85 1347 0 760
81 85 1347 0 761
80 84 1353 0 762
80 84 1353 0 763
80 84 1353 0 764
79 82 1392 0 765
79 82 1392 0 766
78 83 1272 0 767
78 83 1272 0 768
78 83 1272 0 769
77 81 1275 0 770
77 81 1275 0 771
76 79 1316 0 772
76 79 1316 0 773
76 79 1316 0 774
75 80 1220 0 775
75 80 1220 0 776
74 79 1119 0 777
74 79 1119 0 778
74 79 1119 0 779
73 79 1063 0 780
73 79 1063 0 781
72 79 919 0 782
72 79 919 0 783
72 79 919 0 784
71 79 853 0 785
71 79 853 0 786
70 77 828 0 787
70 77 828 0 788
70 77 828 0 789
69 78 712 0 790
69 78 712 0 791
68 77 627 0 792
68 77 627 0 793
68 77 627 0 794
67 75 630 0 795
67 75 630 0 796
66 74 640 0 797
66 74 640 0 798
66 74 640 0 799
65 74 512 0 800
65 74 512 0 801
64 72 485 0 802
64 72 485 0 803
64 72 485 0 804
63 70 523 0 805
63 70 523 0 806
62 69 563 0 807
62 69 563 0 808
62 69 563 0 809
61 69 439 0 810
61 69 439 0 811
60 68 425 0 812
60 68 425 0 813
60 68 425 0 814
60 65 517 0 815
60 65 517 0 816
60 63 721 0 817
60 63 721 0 818
60 63 721 0 819
60 63 720 0 820
60 63 720 0 821
60 63 683 0 822
60 63 683 0 823
60 63 683 0 824
60 62 745 0 825
60 62 745 0 826
60 61 804 0 827
60 61 804 0 828
60 61 804 0 829
60 63 711 0 830
60 63 711 0 831
60 62 722 0 832
60 62 722 0 833
60 62 722 0 834
60 61 770 0 835
60 61 770 0 836
60 62 721 0 837
60 62 721 0 838
60 62 721 0 839
60 62 671 0 840
60 62 671 0 841
60 61 725 0 842
60 61 725 0 843
60 61 725 0 844
60 61 772 0 845
60 61 772 0 846
60 62 689 0 847
60 62 689 0 848
60 62 689 0 849
60 62 696 0 850
60 62 696 0 851
60 61 763 0 852
60 61 763 0 853
60 61 763 0 854
60 62 697 0 855
60 62 697 0 856
60 62 662 0 857
60 62 662 0 858
60 62 662 0 859
60 61 709 0 860
60 61 709 0 861
60 61 761 0 862
60 61 761 0 863
60 61 761 0 864
60 62 675 0 865
60 62 675 0 866
60 61 684 0 867
60 61 684 0 868
60 61 684 0 869
60 60 744 0 870
60 60 744 0 871
60 61 683 0 872
60 61 683 0 873
60 61 683 0 874
60 62 631 0 875
60 62 631 0 876
60 61 684 0 877
60 61 684 0 878
60 61 684 0 879
60 60 751 0 880
60 60 751 0 881
60 61 653 0 882
60 61 653 0 883
60 61 653 0 884
60 61 668 0 885
60 61 668 0 886
60 60 710 0 887
60 60 710 0 888
60 60 710 0 889
60 61 712 0 890
60 61 712 0 891
60 61 630 0 892
60 61 630 0 893
60 61 630 0 894
60 61 684 0 895
60 61 684 0 896
60 60 735 0 897
60 60 735 0 898
60 60 735 0 899
60 61 633 0 900
60 61 633 0 901
60 61 641 0 902
60 61 641 0 903
60 61 641 0 904
60 60 667 0 905
60 60 667 0 906
60 60 706 0 907
60 60 706 0 908
60 60 706 0 909
60 61 617 0 910
60 61 617 0 911
60 61 641 0 912
60 61 641 0 913
60 61 641 0 914
60 60 716 0 915
60 60 716 0 916
60 61 649 0 917
60 61 649 0 918
60 61 649 0 919
60 61 608 0 920
60 61 608 0 921
60 60 649 0 922
60 60 649 0 923
60 60 649 0 924
60 60 728 0 925
60 60 728 0 926
60 61 632 0 927
60 61 632 0 928
60 61 632 0 929
60 61 631 0 930
60 61 631 0 931
60 60 676 0 932
60 60 676 0 933
60 60 676 0 934
60 60 685 0 935
60 60 685 0 936
60 61 592 0 937
60 61 592 0 938
60 61 592 0 939
60 60 640 0 940
60 60 640 0 941
60 59 707 0 942
60 59 707 0 943
60 59 707 0 944
60 61 636 0 945
60 61 636 0 946
60 61 601 0 947
60 61 601 0 948
60 61 601 0 949
60 60 629 0 950
60 60 629 0 951
60 60 704 0 952
60 60 704 0 953
60 60 704 0 954
60 61 609 0 955
60 61 609 0 956
60 61 614 0 957
60 61 614 0 958
60 61 614 0 959
60 60 651 0 960
60 60 651 0 961
60 60 675 0 962
60 60 675 0 963
60 60 675 0 964
60 61 583 0 965
60 61 583 0 966
60 60 609 0 967
60 60 609 0 968
60 60 609 0 969
60 60 687 0 970
60 60 687 0 971
60 61 636 0 972
60 61 636 0 973
60 61 636 0 974
60 61 574 0 975
60 61 574 0 976
60 60 628 0 977
60 60 628 0 978
60 60 628 0 979
60 59 704 0 980
60 59 704 0 981
60 61 611 0 982
60 61 611 0 983
60 61 611 0 984
60 61 590 0 985
60 61 590 0 986
60 60 624 0 987
60 60 624 0 988
60 60 624 0 989
60 60 695 0 990
60 60 695 0 991
60 61 592 0 992
60 61 592 0 993
60 61 592 0 994
60 61 597 0 995
60 61 597 0 996
60 59 654 0 997
60 59 654 0 998
60 59 654 0 999
60 60 664 0 1000
60 60 664 0 1001
60 61 564 0 1002
60 61 564 0 1003
60 61 564 0 1004
60 60 601 0 1005
60 60 601 0 1006
60 59 679 0 1007
60 59 679 0 1008
60 59 679 0 1009
60 60 630 0 1010
60 60 630 0 1011
60 61 560 0 1012
60 61 560 0 1013
60 61 560 0 1014
60 60 614 0 1015
60 60 614 0 1016
60 59 697 0 1017
60 59 697 0 1018
60 59 697 0 1019
60 61 601 0 1020
60 61 601 0 1021
60 61 567 0 1022
60 61 567 0 1023
60 61 567 0 1024
60 60 611 0 1025
60 60 611 0 1026
60 59 693 0 1027
60 59 693 0 1028
60 59 693 0 1029
60 61 591 0 1030
60 61 591 0 1031
60 61 580 0 1032
60 61 580 0 1033
60 61 580 0 1034
60 59 615 0 1035
60 59 615 0 1036
60 60 664 0 1037
60 60 664 0 1038
60 60 664 0 1039
61 61 638 0 1040
61 61 638 0 1041
62 60 739 0 1042
62 60 739 0 1043
62 60 739 0 1044
63 60 869 0 1045
63 60 869 0 1046
64 61 871 0 1047
64 61 871 0 1048
64 61 871 0 1049
65 62 889 0 1050
65 62 889 0 1051
66 62 985 0 1052
66 62 985 0 1053
66 62 985 0 1054
67 63 1016 0 1055
67 63 1016 0 1056
68 64 999 0 1057
68 64 999 0 1058
68 64 999 0 1059
69 64 1083 0 1060
69 64 1083 0 1061
70 66 1093 0 1062
70 66 1093 0 1063
70 66 1093 0 1064
71 67 1082 0 1065
71 67 1082 0 1066
72 67 1167 0 1067
72 67 1167 0 1068
72 67 1167 0 1069
73 69 1155 0 1070
73 69 1155 0 1071
74 70 1178 0 1072
74 70 1178 0 1073
74 70 1178 0 1074
75 70 1256 0 1075
75 70 1256 0 1076
76 72 1232 0 1077
76 72 1232 0 1078
76 72 1232 0 1079
77 72 1284 0 1080
77 72 1284 0 1081
78 73 1345 0 1082
78 73 1345 0 1083
78 73 1345 0 1084
79 75 1313 0 1085
79 75 1313 0 1086
80 75 1372 0 1087
80 75 1372 0 1088
80 75 1372 0 1089
81 76 1420 0 1090
81 76 1420 0 1091
82 77 1399 0 1092
82 77 1399 0 1093
82 77 1399 0 1094
83 77 1483 0 1095
83 77 1483 0 1096
84 79 1469 0 1097
84 79 1469 0 1098
84 79 1469 0 1099
85 80 1519 0 1100
85 80 1519 0 1101
86 80 1577 0 1102
86 80 1577 0 1103
86 80 1577 0 1104
87 82 1584 0 1105
87 82 1584 0 1106
88 81 1733 0 1107
88 81 1733 0 1108
88 81 1733 0 1109
89 81 1841 0 1110
89 81 1841 0 1111
90 83 1834 0 1112
90 83 1834 0 1113
90 83 1834 0 1114
91 82 1979 0 1115
91 82 1979 0 1116
92 84 2013 0 1117
92 84 2013 0 1118
92 84 2013 0 1119
93 84 2059 0 1120
93 84 2059 0 1121
94 85 2156 0 1122
94 85 2156 0 1123
94 85 2156 0 1124
95 86 2147 0 1125
95 86 2147 0 1126
96 86 2260 0 1127
96 86 2260 0 1128
96 86 2260 0 1129
97 88 2282 0 1130
97 88 2282 0 1131
98 89 2325 0 1132
98 89 2325 0 1133
98 89 2325 0 1134
99 90 2395 0 1135
99 90 2395 0 1136
100 91 2386 0 1137
100 91 2386 0 1138
100 91 2386 0 1139
100 91 2418 0 1140
100 91 2418 0 1141
100 93 2340 0 1142
100 93 2340 0 1143
100 93 2340 0 1144
100 93 2352 0 1145
100 93 2352 0 1146
100 94 2313 0 1147
100 94 2313 0 1148
100 94 2313 0 1149
100 95 2279 0 1150
100 95 2279 0 1151
100 95 2275 0 1152
100 95 2275 0 1153
100 95 2275 0 1154
100 97 2193 0 1155
100 97 2193 0 1156
100 96 2230 0 1157
100 96 2230 0 1158
100 96 2230 0 1159
100 97 2165 0 1160
100 97 2165 0 1161
100 97 2174 0 1162
100 97 2174 0 1163
100 97 2174 0 1164
100 98 2183 0 1165
100 98 2183 0 1166
100 98 2118 0 1167
100 98 2118 0 1168
100 98 2118 0 1169
100 98 2168 0 1170
100 98 2168 0 1171
100 99 2099 0 1172
100 99 2099 0 1173
100 99 2099 0 1174
100 98 2135 0 1175
100 98 2135 0 1176
100 99 2135 0 1177
100 99 2135 0 1178
100 99 2135 0 1179
100 99 2085 0 1180
100 99 2085 0 1181
100 99 2135 0 1182
100 99 2135 0 1183
100 99 2135 0 1184
100 100 2076 0 1185
100 100 2076 0 1186
100 99 2108 0 1187
100 99 2108 0 1188
100 99 2108 0 1189
100 99 2119 0 1190
100 99 2119 0 1191
100 100 2074 0 1192
100 100 2074 0 1193
100 100 2074 0 1194
100 99 2121 0 1195
100 99 2121 0 1196
100 100 2058 0 1197
100 100 2058 0 1198
100 100 2058 0 1199
100 99 2101 0 1200
100 99 2101 0 1201
100 100 2108 0 1202
100 100 2108 0 1203
100 100 2108 0 1204
100 100 2065 0 1205
100 100 2065 0 1206
100 99 2127 0 1207
100 99 2127 0 1208
100 99 2127 0 1209
100 100 2066 0 1210
100 100 2066 0 1211
100 99 2101 0 1212
100 99 2101 0 1213
100 99 2101 0 1214
100 100 2123 0 1215
100 100 2123 0 1216
100 100 2072 0 1217
100 100 2072 0 1218
100 100 2072 0 1219
100 99 2127 0 1220
100 99 2127 0 1221
100 100 2076 0 1222
100 100 2076 0 1223
100 100 2076 0 1224
100 99 2113 0 1225
100 99 2113 0 1226
100 100 2123 0 1227
100 100 2123 0 1228
100 100 2123 0 1229
100 100 2082 0 1230
100 100 2082 0 1231
100 99 2134 0 1232
100 99 2134 0 1233
100 99 2134 0 1234
100 100 2080 0 1235
100 100 2080 0 1236
100 99 2132 0 1237
100 99 2132 0 1238
100 99 2132 0 1239
100 100 2139 0 1240
100 100 2139 0 1241
100 100 2095 0 1242
100 100 2095 0 1243
100 100 2095 0 1244
100 99 2143 0 1245
100 99 2143 0 1246
100 100 2086 0 1247
100 100 2086 0 1248
100 100 2086 0 1249
100 99 2135 0 1250
100 99 2135 0 1251
100 100 2124 0 1252
100 100 2124 0 1253
100 100 2124 0 1254
100 100 2100 0 1255
100 100 2100 0 1256
100 99 2144 0 1257
100 99 2144 0 1258
100 99 2144 0 1259
100 100 2075 0 1260
100 100 2075 0 1261
100 99 2138 0 1262
100 99 2138 0 1263
100 99 2138 0 1264
100 100 2115 0 1265
100 100 2115 0 1266
100 100 2110 0 1267
100 100 2110 0 1268
100 100 2110 0 1269
100 99 2151 0 1270
100 99 2151 0 1271
100 100 2091 0 1272
100 100 2091 0 1273
100 100 2091 0 1274
100 99 2147 0 1275
100 99 2147 0 1276
100 100 2120 0 1277
100 100 2120 0 1278
100 100 2120 0 1279
100 99 2135 0 1280
100 99 2135 0 1281
100 99 2173 0 1282
100 99 2173 0 1283
100 99 2173 0 1284
100 100 2105 0 1285
100 100 2105 0 1286
100 99 2162 0 1287
100 99 2162 0 1288
100 99 2162 0 1289
100 100 2131 0 1290
100 100 2131 0 1291
100 99 2152 0 1292
100 99 2152 0 1293
100 99 2152 0 1294
100 99 2186 0 1295
100 99 2186 0 1296
100 100 2120 0 1297
100 100 2120 0 1298
100 100 2120 0 1299
100 99 2173 0 1300
100 99 2173 0 1301
100 100 2129 0 1302
100 100 2129 0 1303
100 100 2129 0 1304
100 99 2155 0 1305
100 99 2155 0 1306
100 99 2176 0 1307
100 99 2176 0 1308
100 99 2176 0 1309
100 100 2120 0 1310
100 100 2120 0 1311
100 99 2196 0 1312
100 99 2196 0 1313
100 99 2196 0 1314
100 100 2154 0 1315
100 100 2154 0 1316
100 99 2181 0 1317
100 99 2181 0 1318
100 99 2181 0 1319
100 99 2199 0 1320
100 99 2199 0 1321
100 100 2153 0 1322
100 100 2153 0 1323
100 100 2153 0 1324
100 99 2203 0 1325
100 99 2203 0 1326
100 100 2152 0 1327
100 100 2152 0 1328
100 100 2152 0 1329
100 99 2193 0 1330
100 99 2193 0 1331
100 100 2189 0 1332
100 100 2189 0 1333
100 100 2189 0 1334
100 100 2161 0 1335
100 100 2161 0 1336
100 99 2203 0 1337
100 99 2203 0 1338
100 99 2203 0 1339
100 100 2139 0 1340
100 100 2139 0 1341
100 99 2185 0 1342
100 99 2185 0 1343
100 99 2185 0 1344
100 100 2167 0 1345
100 100 2167 0 1346
100 100 2177 0 1347
100 100 2177 0 1348
100 100 2177 0 1349
100 99 2205 0 1350
100 99 2205 0 1351
100 100 2142 0 1352
100 100 2142 0 1353
100 100 2142 0 1354
100 99 2207 0 1355
100 99 2207 0 1356
100 100 2158 0 1357
100 100 2158 0 1358
100 100 2158 0 1359
100 100 2177 0 1360
100 100 2177 0 1361
100 100 2202 0 1362
100 100 2202 0 1363
100 100 2202 0 1364
100 100 2148 0 1365
100 100 2148 0 1366
100 99 2204 0 1367
100 99 2204 0 1368
100 99 2204 0 1369
100 100 2165 0 1370
100 100 2165 0 1371
100 99 2190 0 1372
100 99 2190 0 1373
100 99 2190 0 1374
100 100 2196 0 1375
100 100 2196 0 1376
100 100 2157 0 1377
100 100 2157 0 1378
100 100 2157 0 1379
100 99 2205 0 1380
100 99 2205 0 1381
100 100 2157 0 1382
100 100 2157 0 1383
100 100 2157 0 1384
100 99 2205 0 1385
100 99 2205 0 1386
100 100 2194 0 1387
100 100 2194 0 1388
100 100 2194 0 1389
100 100 2192 0 1390
100 100 2192 0 1391
100 100 2218 0 1392
100 100 2218 0 1393
100 100 2218 0 1394
100 100 2156 0 1395
100 100 2156 0 1396
100 99 2228 0 1397
100 99 2228 0 1398
100 99 2228 0 1399
100 100 2171 0 1400
100 100 2171 0 1401
100 100 2206 0 1402
100 100 2206 0 1403
100 100 2206 0 1404
100 100 2228 0 1405
100 100 2228 0 1406
100 100 2172 0 1407
100 100 2172 0 1408
100 100 2172 0 1409
100 99 2235 0 1410
100 99 2235 0 1411
100 100 2188 0 1412
100 100 2188 0 1413
100 100 2188 0 1414
100 99 2220 0 1415
100 99 2220 0 1416
100 100 2233 0 1417
100 100 2233 0 1418
100 100 2233 0 1419
100 100 2200 0 1420
100 100 2200 0 1421
100 100 2241 0 1422
100 100 2241 0 1423
100 100 2241 0 1424
100 100 2180 0 1425
100 100 2180 0 1426
100 99 2258 0 1427
100 99 2258 0 1428
100 99 2258 0 1429
100 100 2249 0 1430
100 100 2249 0 1431
100 100 2240 0 1432
100 100 2240 0 1433
100 100 2240 0 1434
100 99 2272 0 1435
100 99 2272 0 1436
100 100 2199 0 1437
100 100 2199 0 1438
100 100 2199 0 1439
100 99 2263 0 1440
100 99 2263 0 1441
100 100 2208 0 1442
100 100 2208 0 1443
100 100 2208 0 1444
100 100 2231 0 1445
100 100 2231 0 1446
100 100 2254 0 1447
100 100 2254 0 1448
100 100 2254 0 1449
100 100 2208 0 1450
100 100 2208 0 1451
100 99 2254 0 1452
100 99 2254 0 1453
100 99 2254 0 1454
100 100 2204 0 1455
100 100 2204 0 1456
100 99 2245 0 1457
100 99 2245 0 1458
100 99 2245 0 1459
100 100 2236 0 1460
100 100 2236 0 1461
100 100 2218 0 1462
100 100 2218 0 1463
100 100 2218 0 1464
100 100 2251 0 1465
100 100 2251 0 1466
100 100 2196 0 1467
100 100 2196 0 1468
100 100 2196 0 1469
100 99 2261 0 1470
100 99 2261 0 1471
100 100 2211 0 1472
100 100 2211 0 1473
100 100 2211 0 1474
100 100 2225 0 1475
100 100 2225 0 1476
100 100 2249 0 1477
100 100 2249 0 1478
100 100 2249 0 1479
100 100 2199 0 1480
100 100 2199 0 1481
100 99 2255 0 1482
100 99 2255 0 1483
100 99 2255 0 1484
100 100 2205 0 1485
100 100 2205 0 1486
100 100 2247 0 1487
100 100 2247 0 1488
100 100 2247 0 1489
100 100 2244 0 1490
100 100 2244 0 1491
100 100 2217 0 1492
100 100 2217 0 1493
100 100 2217 0 1494
100 100 2251 0 1495
100 100 2251 0 1496
100 101 2192 0 1497
100 101 2192 0 1498
100 101 2192 0 1499
100 100 2239 0 1500
100 100 2239 0 1501
100 100 2207 0 1502
100 100 2207 0 1503
100 100 2207 0 1504
100 100 2222 0 1505
100 100 2222 0 1506
100 100 2237 0 1507
100 100 2237 0 1508
100 100 2237 0 1509
100 100 2188 0 1510
100 100 2188 0 1511
100 100 2239 0 1512
100 100 2239 0 1513
100 100 2239 0 1514
100 100 2195 0 1515
100 100 2195 0 1516
100 100 2233 0 1517
100 100 2233 0 1518
100 100 2233 0 1519
100 100 2239 0 1520
100 100 2239 0 1521
100 100 2204 0 1522
100 100 2204 0 1523
100 100 2204 0 1524
100 100 2251 0 1525
100 100 2251 0 1526
100 100 2193 0 1527
100 100 2193 0 1528
100 100 2193 0 1529
100 100 2245 0 1530
100 100 2245 0 1531
100 100 2215 0 1532
100 100 2215 0 1533
100 100 2215 0 1534
100 100 2235 0 1535
100 100 2235 0 1536
100 100 2251 0 1537
100 100 2251 0 1538
100 100 2251 0 1539
100 100 2193 0 1540
100 100 2193 0 1541
100 99 2259 0 1542
100 99 2259 0 1543
100 99 2259 0 1544
100 100 2211 0 1545
100 100 2211 0 1546
100 100 2245 0 1547
100 100 2245 0 1548
100 100 2245 0 1549
100 100 2261 0 1550
100 100 2261 0 1551
100 100 2218 0 1552
100 100 2218 0 1553
100 100 2218 0 1554
100 99 2275 0 1555
100 99 2275 0 1556
100 100 2218 0 1557
100 100 2218 0 1558
100 100 2218 0 1559
100 99 2276 0 1560
100 99 2276 0 1561
100 100 2246 0 1562
100 100 2246 0 1563
100 100 2246 0 1564
100 100 2249 0 1565
100 100 2249 0 1566
100 100 2270 0 1567
100 100 2270 0 1568
100 100 2270 0 1569
100 100 2212 0 1570
100 100 2212 0 1571
100 99 2261 0 1572
100 99 2261 0 1573
100 99 2261 0 1574
100 100 2208 0 1575
100 100 2208 0 1576
100 100 2247 0 1577
100 100 2247 0 1578
100 100 2247 0 1579
100 100 2259 0 1580
100 100 2259 0 1581
100 100 2220 0 1582
100 100 2220 0 1583
100 100 2220 0 1584
100 100 2259 0 1585
100 100 2259 0 1586
100 100 2197 0 1587
100 100 2197 0 1588
100 100 2197 0 1589
100 99 2255 0 1590
100 99 2255 0 1591
100 100 2230 0 1592
100 100 2230 0 1593
100 100 2230 0 1594
100 100 2237 0 1595
100 100 2237 0 1596
100 100 2253 0 1597
100 100 2253 0 1598
100 100 2253 0 1599
100 100 2201 0 1600
100 100 2201 0 1601
100 99 2263 0 1602
100 99 2263 0 1603
100 99 2263 0 1604
100 100 2206 0 1605
100 100 2206 0 1606
100 99 2246 0 1607
100 99 2246 0 1608
100 99 2246 0 1609
100 100 2262 0 1610
100 100 2262 0 1611
100 100 2224 0 1612
100 100 2224 0 1613
100 100 2224 0 1614
100 99 2268 0 1615
100 99 2268 0 1616
100 100 2226 0 1617
100 100 2226 0 1618
100 100 2226 0 1619
100 99 2270 0 1620
100 99 2270 0 1621
100 100 2232 0 1622
100 100 2232 0 1623
100 100 2232 0 1624
100 100 2244 0 1625
100 100 2244 0 1626
100 100 2265 0 1627
100 100 2265 0 1628
100 100 2265 0 1629
100 100 2213 0 1630
100 100 2213 0 1631
100 99 2271 0 1632
100 99 2271 0 1633
100 99 2271 0 1634
100 100 2220 0 1635
100 100 2220 0 1636
100 99 2264 0 1637
100 99 2264 0 1638
100 99 2264 0 1639
100 100 2272 0 1640
100 100 2272 0 1641
100 100 2234 0 1642
100 100 2234 0 1643
100 100 2234 0 1644
100 100 2265 0 1645
100 100 2265 0 1646
100 100 2208 0 1647
100 100 2208 0 1648
100 100 2208 0 1649
100 99 2266 0 1650
100 99 2266 0 1651
100 100 2238 0 1652
100 100 2238 0 1653
100 100 2238 0 1654
100 100 2268 0 1655
100 100 2268 0 1656
100 99 2295 0 1657
100 99 2295 0 1658
100 99 2295 0 1659
100 100 2225 0 1660
100 100 2225 0 1661
100 99 2284 0 1662
100 99 2284 0 1663
100 99 2284 0 1664
100 100 2242 0 1665
100 100 2242 0 1666
100 100 2263 0 1667
100 100 2263 0 1668
100 100 2263 0 1669
100 100 2281 0 1670
100 100 2281 0 1671
100 100 2243 0 1672
100 100 2243 0 1673
100 100 2243 0 1674
100 100 2288 0 1675
100 100 2288 0 1676
100 100 2236 0 1677
100 100 2236 0 1678
100 100 2236 0 1679
100 100 2277 0 1680
100 100 2277 0 1681
100 100 2239 0 1682
100 100 2239 0 1683
100 100 2239 0 1684
100 100 2256 0 1685
100 100 2256 0 1686
100 100 2269 0 1687
100 100 2269 0 1688
100 100 2269 0 1689
100 101 2222 0 1690
100 101 2222 0 1691
100 100 2285 0 1692
100 100 2285 0 1693
100 100 2285 0 1694
100 101 2233 0 1695
100 101 2233 0 1696
100 100 2269 0 1697
100 100 2269 0 1698
100 100 2269 0 1699
100 100 2277 0 1700
100 100 2277 0 1701
100 100 2249 0 1702
100 100 2249 0 1703
100 100 2249 0 1704
100 100 2285 0 1705
100 100 2285 0 1706
100 101 2224 0 1707
100 101 2224 0 1708
100 101 2224 0 1709
100 100 2283 0 1710
100 100 2283 0 1711
100 101 2231 0 1712
100 101 2231 0 1713
100 101 2231 0 1714
100 100 2248 0 1715
100 100 2248 0 1716
100 100 2266 0 1717
100 100 2266 0 1718
100 100 2266 0 1719
100 101 2223 0 1720
100 101 2223 0 1721
100 100 2277 0 1722
100 100 2277 0 1723
100 100 2277 0 1724
100 101 2226 0 1725
100 101 2226 0 1726
100 100 2266 0 1727
100 100 2266 0 1728
100 100 2266 0 1729
100 100 2252 0 1730
100 100 2252 0 1731
100 100 2246 0 1732
100 100 2246 0 1733
100 100 2246 0 1734
100 100 2287 0 1735
100 100 2287 0 1736
100 101 2227 0 1737
100 101 2227 0 1738
100 101 2227 0 1739
100 100 2276 0 1740
100 100 2276 0 1741
100 101 2229 0 1742
100 101 2229 0 1743
100 101 2229 0 1744
100 100 2251 0 1745
100 100 2251 0 1746
100 100 2278 0 1747
100 100 2278 0 1748
100 100 2278 0 1749
100 100 2236 0 1750
100 100 2236 0 1751
100 99 2286 0 1752
100 99 2286 0 1753
100 99 2286 0 1754
100 100 2240 0 1755
100 100 2240 0 1756
100 100 2280 0 1757
100 100 2280 0 1758
100 100 2280 0 1759
100 100 2266 0 1760
100 100 2266 0 1761
100 100 2270 0 1762
100 100 2270 0 1763
100 100 2270 0 1764
100 100 2293 0 1765
100 100 2293 0 1766
100 100 2233 0 1767
100 100 2233 0 1768
100 100 2233 0 1769
100 100 2291 0 1770
100 100 2291 0 1771
100 100 2236 0 1772
100 100 2236 0 1773
100 100 2236 0 1774
100 100 2263 0 1775
100 100 2263 0 1776
100 100 2276 0 1777
100 100 2276 0 1778
100 100 2276 0 1779
100 100 2238 0 1780
100 100 2238 0 1781
100 100 2284 0 1782
100 100 2284 0 1783
100 100 2284 0 1784
100 101 2228 0 1785
100 101 2228 0 1786
100 100 2278 0 1787
100 100 2278 0 1788
100 100 2278 0 1789
100 100 2245 0 1790
100 100 2245 0 1791
100 100 2258 0 1792
100 100 2258 0 1793
100 100 2258 0 1794
100 100 2285 0 1795
100 100 2285 0 1796
100 101 2230 0 1797
100 101 2230 0 1798
100 101 2230 0 1799
100 99 2298 0 1800
100 99 2298 0 1801
100 100 2247 0 1802
100 100 2247 0 1803
100 100 2247 0 1804
100 100 2279 0 1805
100 100 2279 0 1806
100 100 2292 0 1807
100 100 2292 0 1808
100 100 2292 0 1809
100 100 2255 0 1810
100 100 2255 0 1811
100 100 2296 0 1812
100 100 2296 0 1813
100 100 2296 0 1814
100 100 2236 0 1815
100 100 2236 0 1816
100 100 2286 0 1817
100 100 2286 0 1818
100 100 2286 0 1819
100 100 2240 0 1820
100 100 2240 0 1821
100 100 2253 0 1822
100 100 2253 0 1823
100 100 2253 0 1824
100 100 2270 0 1825
100 100 2270 0 1826
100 101 2228 0 1827
100 101 2228 0 1828
100 101 2228 0 1829
100 100 2287 0 1830
100 100 2287 0 1831
100 100 2241 0 1832
100 100 2241 0 1833
100 100 2241 0 1834
100 100 2282 0 1835
100 100 2282 0 1836
100 100 2277 0 1837
100 100 2277 0 1838
100 100 2277 0 1839
100 100 2249 0 1840
100 100 2249 0 1841
100 100 2281 0 1842
100 100 2281 0 1843
100 100 2281 0 1844
100 100 2230 0 1845
100 100 2230 0 1846
100 99 2285 0 1847
100 99 2285 0 1848
100 99 2285 0 1849
100 100 2243 0 1850
100 100 2243 0 1851
100 100 2256 0 1852
100 100 2256 0 1853
100 100 2256 0 1854
100 100 2274 0 1855
100 100 2274 0 1856
100 100 2237 0 1857
100 100 2237 0 1858
100 100 2237 0 1859
100 100 2278 0 1860
100 100 2278 0 1861
100 101 2222 0 1862
100 101 2222 0 1863
100 101 2222 0 1864
100 100 2272 0 1865
100 100 2272 0 1866
100 100 2253 0 1867
100 100 2253 0 1868
100 100 2253 0 1869
100 100 2244 0 1870
100 100 2244 0 1871
100 100 2271 0 1872
100 100 2271 0 1873
100 100 2271 0 1874
100 101 2224 0 1875
100 101 2224 0 1876
100 99 2274 0 1877
100 99 2274 0 1878
100 99 2274 0 1879
100 100 2233 0 1880
100 100 2233 0 1881
100 100 2264 0 1882
100 100 2264 0 1883
100 100 2264 0 1884
100 100 2278 0 1885
100 100 2278 0 1886
100 100 2246 0 1887
100 100 2246 0 1888
100 100 2246 0 1889
100 99 2291 0 1890
100 99 2291 0 1891
100 100 2241 0 1892
100 100 2241 0 1893
100 100 2241 0 1894
100 99 2286 0 1895
100 99 2286 0 1896
100 100 2259 0 1897
100 100 2259 0 1898
100 100 2259 0 1899
100 100 2272 0 1900
100 100 2272 0 1901
100 100 2291 0 1902
100 100 2291 0 1903
100 100 2291 0 1904
100 100 2226 0 1905
100 100 2226 0 1906
100 99 2295 0 1907
100 99 2295 0 1908
100 99 2295 0 1909
100 100 2258 0 1910
100 100 2258 0 1911
100 100 2281 0 1912
100 100 2281 0 1913
100 100 2281 0 1914
100 100 2290 0 1915
100 100 2290 0 1916
100 100 2253 0 1917
100 100 2253 0 1918
100 100 2253 0 1919
100 100 2294 0 1920
100 100 2294 0 1921
100 100 2230 0 1922
100 100 2230 0 1923
100 100 2230 0 1924
100 99 2284 0 1925
100 99 2284 0 1926
100 100 2252 0 1927
100 100 2252 0 1928
100 100 2252 0 1929
100 100 2256 0 1930
100 100 2256 0 1931
100 100 2279 0 1932
100 100 2279 0 1933
100 100 2279 0 1934
100 100 2228 0 1935
100 100 2228 0 1936
100 100 2278 0 1937
100 100 2278 0 1938
100 100 2278 0 1939
100 100 2241 0 1940
100 100 2241 0 1941
100 100 2278 0 1942
100 100 2278 0 1943
100 100 2278 0 1944
100 100 2273 0 1945
100 100 2273 0 1946
100 100 2255 0 1947
100 100 2255 0 1948
100 100 2255 0 1949
100 100 2287 0 1950
100 100 2287 0 1951
100 100 2236 0 1952
100 100 2236 0 1953
100 100 2236 0 1954
100 100 2291 0 1955
100 100 2291 0 1956
100 100 2249 0 1957
100 100 2249 0 1958
100 100 2249 0 1959
100 100 2272 0 1960
100 100 2272 0 1961
100 100 2272 0 1962
100 100 2272 0 1963
100 100 2272 0 1964
100 100 2235 0 1965
100 100 2235 0 1966
100 100 2280 0 1967
100 100 2280 0 1968
100 100 2280 0 1969
100 100 2234 0 1970
100 100 2234 0 1971
100 100 2275 0 1972
100 100 2275 0 1973
100 100 2275 0 1974
100 100 2261 0 1975
100 100 2261 0 1976
100 100 2247 0 1977
100 100 2247 0 1978
100 100 2247 0 1979
100 100 2289 0 1980
100 100 2289 0 1981
100 100 2229 0 1982
100 100 2229 0 1983
100 100 2229 0 1984
100 100 2297 0 1985
100 100 2297 0 1986
100 100 2242 0 1987
100 100 2242 0 1988
100 100 2242 0 1989
100 100 2265 0 1990
100 100 2265 0 1991
100 100 2279 0 1992
100 100 2279 0 1993
100 100 2279 0 1994
100 100 2242 0 1995
100 100 2242 0 1996
100 100 2288 0 1997
100 100 2288 0 1998
100 100 2288 0 1999