0 0 1000 0 0
0 0 1000 0 1
0 0 1000 0 2
0 1 1000 0 3
0 1 1000 0 4
0 1 1000 0 5
0 3 1000 0 6
0 3 1000 0 7
0 3 1000 0 8
0 3 1000 0 9
0 5 1000 0 10
0 5 1000 0 11
0 5 1000 0 12
0 7 1000 0 13
0 7 1000 0 14
0 7 1000 0 15
0 10 1000 0 16
0 10 1000 0 17
0 10 1000 0 18
0 10 1000 0 19
0 14 1000 0 20
0 14 1000 0 21
0 14 1000 0 22
0 17 1000 0 23
0 17 1000 0 24
0 17 1000 0 25
0 19 1000 0 26
0 19 1000 0 27
0 19 1000 0 28
0 19 1000 0 29
0 22 1000 0 30
0 22 1000 0 31
0 22 1000 0 32
0 25 1000 0 33
0 25 1000 0 34
0 25 1000 0 35
0 27 1000 0 36
0 27 1000 0 37
0 27 1000 0 38
0 27 1000 0 39
0 29 1000 0 40
0 29 1000 0 41
0 29 1000 0 42
0 31 1000 0 43
0 31 1000 0 44
0 31 1000 0 45
0 34 1000 0 46
0 34 1000 0 47
0 34 1000 0 48
0 34 1000 0 49
61 36 1400 0 50
61 36 1400 0 51
61 36 1400 0 52
62 37 1467 0 53
62 37 1467 0 54
62 37 1467 0 55
63 40 1468 0 56
63 40 1468 0 57
63 40 1468 0 58
63 40 1468 0 59
64 43 1425 0 60
64 43 1425 0 61
64 43 1425 0 62
65 44 1473 0 63
65 44 1473 0 64
65 44 1473 0 65
66 46 1496 0 66
66 46 1496 0 67
66 46 1496 0 68
66 46 1496 0 69
67 49 1449 0 70
67 49 1449 0 71
67 49 1449 0 72
68 51 1483 0 73
68 51 1483 0 74
68 51 1483 0 75
69 52 1535 0 76
69 52 1535 0 77
69 52 1535 0 78
69 52 1535 0 79
70 55 1530 0 80
70 55 1530 0 81
70 55 1530 0 82
71 56 1520 0 83
71 56 1520 0 84
71 56 1520 0 85
72 57 1577 0 86
72 57 1577 0 87
72 57 1577 0 88
72 57 1577 0 89
73 59 1616 0 90
73 59 1616 0 91
73 59 1616 0 92
74 61 1594 0 93
74 61 1594 0 94
74 61 1594 0 95
75 62 1659 0 96
75 62 1659 0 97
75 62 1659 0 98
75 62 1659 0 99
76 63 1700 0 100
76 63 1700 0 101
76 63 1700 0 102
77 65 1686 0 103
77 65 1686 0 104
77 65 1686 0 105
78 66 1740 0 106
78 66 1740 0 107
78 66 1740 0 108
78 66 1740 0 109
79 67 1803 0 110
79 67 1803 0 111
79 67 1803 0 112
80 69 1787 0 113
80 69 1787 0 114
80 69 1787 0 115
81 70 1835 0 116
81 70 1835 0 117
81 70 1835 0 118
81 70 1835 0 119
82 71 1910 0 120
82 71 1910 0 121
82 71 1910 0 122
83 73 1908 0 123
83 73 1908 0 124
83 73 1908 0 125
84 74 1950 0 126
84 74 1950 0 127
84 74 1950 0 128
84 74 1950 0 129
85 74 2029 0 130
85 74 2029 0 131
85 74 2029 0 132
86 76 2045 0 133
86 76 2045 0 134
86 76 2045 0 135
87 77 2087 0 136
87 77 2087 0 137
87 77 2087 0 138
87 77 2087 0 139
88 77 2175 0 140
88 77 2175 0 141
88 77 2175 0 142
89 79 2180 0 143
89 79 2180 0 144
89 79 2180 0 145
90 80 2199 0 146
90 80 2199 0 147
90 80 2199 0 148
90 80 2199 0 149
91 82 2217 0 150
91 82 2217 0 151
91 82 2217 0 152
92 84 2151 0 153
92 84 2151 0 154
92 84 2151 0 155
93 85 2176 0 156
93 85 2176 0 157
93 85 2176 0 158
93 85 2176 0 159
94 87 2168 0 160
94 87 2168 0 161
94 87 2168 0 162
95 89 2150 0 163
95 89 2150 0 164
95 89 2150 0 165
96 90 2177 0 166
96 90 2177 0 167
96 90 2177 0 168
96 90 2177 0 169
97 92 2130 0 170
97 92 2130 0 171
97 92 2130 0 172
98 92 2179 0 173
98 92 2179 0 174
98 92 2179 0 175
99 94 2173 0 176
99 94 2173 0 177
99 94 2173 0 178
99 94 2173 0 179
100 95 2198 0 180
100 95 2198 0 181
100 95 2198 0 182
101 96 2237 0 183
101 96 2237 0 184
101 96 2237 0 185
102 97 2217 0 186
102 97 2217 0 187
102 97 2217 0 188
102 97 2217 0 189
103 98 2297 0 190
103 98 2297 0 191
103 98 2297 0 192
104 99 2267 0 193
104 99 2267 0 194
104 99 2267 0 195
105 100 2315 0 196
105 100 2315 0 197
105 100 2315 0 198
105 100 2315 0 199
106 101 2354 0 200
106 101 2354 0 201
106 101 2354 0 202
107 102 2357 0 203
107 102 2357 0 204
107 102 2357 0 205
108 103 2418 0 206
108 103 2418 0 207
108 103 2418 0 208
108 103 2418 0 209
109 104 2407 0 210
109 104 2407 0 211
109 104 2407 0 212
110 104 2492 0 213
110 104 2492 0 214
110 104 2492 0 215
111 106 2485 0 216
111 106 2485 0 217
111 106 2485 0 218
111 106 2485 0 219
112 107 2520 0 220
112 107 2520 0 221
112 107 2520 0 222
113 109 2485 0 223
113 109 2485 0 224
113 109 2485 0 225
114 110 2495 0 226
114 110 2495 0 227
114 110 2495 0 228
114 110 2495 0 229
115 111 2472 0 230
115 111 2472 0 231
115 111 2472 0 232
116 112 2481 0 233
116 112 2481 0 234
116 112 2481 0 235
117 114 2476 0 236
117 114 2476 0 237
117 114 2476 0 238
117 114 2476 0 239
118 115 2494 0 240
118 115 2494 0 241
118 115 2494 0 242
119 116 2498 0 243
119 116 2498 0 244
119 116 2498 0 245
120 117 2506 0 246
120 117 2506 0 247
120 117 2506 0 248
120 117 2506 0 249
120 118 2456 0 250
120 118 2456 0 251
120 118 2456 0 252
120 119 2391 0 253
120 119 2391 0 254
120 119 2391 0 255
120 120 2336 0 256
120 120 2336 0 257
120 120 2336 0 258
120 120 2336 0 259
120 121 2271 0 260
120 121 2271 0 261
120 121 2271 0 262
120 121 2252 0 263
120 121 2252 0 264
120 121 2252 0 265
120 122 2193 0 266
120 122 2193 0 267
120 122 2193 0 268
120 122 2193 0 269
120 122 2171 0 270
120 122 2171 0 271
120 122 2171 0 272
120 122 2122 0 273
120 122 2122 0 274
120 122 2122 0 275
120 122 2142 0 276
120 122 2142 0 277
120 122 2142 0 278
120 122 2142 0 279
120 123 2081 0 280
120 123 2081 0 281
120 123 2081 0 282
120 122 2112 0 283
120 122 2112 0 284
120 122 2112 0 285
120 123 2081 0 286
120 123 2081 0 287
120 123 2081 0 288
120 123 2081 0 289
120 122 2092 0 290
120 122 2092 0 291
120 122 2092 0 292
120 122 2071 0 293
120 122 2071 0 294
120 122 2071 0 295
120 122 2093 0 296
120 122 2093 0 297
120 122 2093 0 298
120 122 2093 0 299
120 122 2107 0 300
120 122 2107 0 301
120 122 2107 0 302
120 122 2072 0 303
120 122 2072 0 304
120 122 2072 0 305
120 122 2088 0 306
120 122 2088 0 307
120 122 2088 0 308
120 122 2088 0 309
120 122 2050 0 310
120 122 2050 0 311
120 122 2050 0 312
120 121 2123 0 313
120 121 2123 0 314
120 121 2123 0 315
120 122 2078 0 316
120 122 2078 0 317
120 122 2078 0 318
120 122 2078 0 319
120 121 2107 0 320
120 121 2107 0 321
120 121 2107 0 322
120 121 2073 0 323
120 121 2073 0 324
120 121 2073 0 325
120 121 2118 0 326
120 121 2118 0 327
120 121 2118 0 328
120 121 2118 0 329
120 121 2127 0 330
120 121 2127 0 331
120 121 2127 0 332
120 121 2114 0 333
120 121 2114 0 334
120 121 2114 0 335
120 121 2135 0 336
120 121 2135 0 337
120 121 2135 0 338
120 121 2135 0 339
120 121 2105 0 340
120 121 2105 0 341
120 121 2105 0 342
120 120 2141 0 343
120 120 2141 0 344
120 120 2141 0 345
120 121 2108 0 346
120 121 2108 0 347
120 121 2108 0 348
120 121 2108 0 349
120 120 2159 0 350
120 120 2159 0 351
120 120 2159 0 352
120 121 2120 0 353
120 121 2120 0 354
120 121 2120 0 355
120 120 2158 0 356
120 120 2158 0 357
120 120 2158 0 358
120 120 2158 0 359
120 120 2125 0 360
120 120 2125 0 361
120 120 2125 0 362
120 120 2155 0 363
120 120 2155 0 364
120 120 2155 0 365
120 120 2151 0 366
120 120 2151 0 367
120 120 2151 0 368
120 120 2151 0 369
120 120 2151 0 370
120 120 2151 0 371
120 120 2151 0 372
120 120 2180 0 373
120 120 2180 0 374
120 120 2180 0 375
120 120 2163 0 376
120 120 2163 0 377
120 120 2163 0 378
120 120 2163 0 379
120 120 2189 0 380
120 120 2189 0 381
120 120 2189 0 382
120 120 2160 0 383
120 120 2160 0 384
120 120 2160 0 385
120 119 2210 0 386
120 119 2210 0 387
120 119 2210 0 388
120 119 2210 0 389
120 120 2173 0 390
120 120 2173 0 391
120 120 2173 0 392
120 119 2215 0 393
120 119 2215 0 394
120 119 2215 0 395
120 120 2202 0 396
120 120 2202 0 397
120 120 2202 0 398
120 120 2202 0 399
120 119 2236 0 400
120 119 2236 0 401
120 119 2236 0 402
120 120 2207 0 403
120 120 2207 0 404
120 120 2207 0 405
120 119 2247 0 406
120 119 2247 0 407
120 119 2247 0 408
120 119 2247 0 409
120 119 2227 0 410
120 119 2227 0 411
120 119 2227 0 412
120 119 2241 0 413
120 119 2241 0 414
120 119 2241 0 415
120 119 2264 0 416
120 119 2264 0 417
120 119 2264 0 418
120 119 2264 0 419
120 119 2251 0 420
120 119 2251 0 421
120 119 2251 0 422
120 119 2266 0 423
120 119 2266 0 424
120 119 2266 0 425
120 120 2245 0 426
120 120 2245 0 427
120 120 2245 0 428
120 120 2245 0 429
120 119 2260 0 430
120 119 2260 0 431
120 119 2260 0 432
120 120 2240 0 433
120 120 2240 0 434
120 120 2240 0 435
120 119 2284 0 436
120 119 2284 0 437
120 119 2284 0 438
120 119 2284 0 439
120 120 2250 0 440
120 120 2250 0 441
120 120 2250 0 442
120 119 2310 0 443
120 119 2310 0 444
120 119 2310 0 445
120 120 2268 0 446
120 120 2268 0 447
120 120 2268 0 448
120 120 2268 0 449
120 119 2305 0 450
120 119 2305 0 451
120 119 2305 0 452
120 119 2283 0 453
120 119 2283 0 454
120 119 2283 0 455
120 119 2316 0 456
120 119 2316 0 457
120 119 2316 0 458
120 119 2316 0 459
120 119 2290 0 460
120 119 2290 0 461
120 119 2290 0 462
120 119 2329 0 463
120 119 2329 0 464
120 119 2329 0 465
120 119 2313 0 466
120 119 2313 0 467
120 119 2313 0 468
120 119 2313 0 469
120 119 2334 0 470
120 119 2334 0 471
120 119 2334 0 472
120 119 2319 0 473
120 119 2319 0 474
120 119 2319 0 475
120 119 2327 0 476
120 119 2327 0 477
120 119 2327 0 478
120 119 2327 0 479
120 119 2340 0 480
120 119 2340 0 481
120 119 2340 0 482
120 119 2317 0 483
120 119 2317 0 484
120 119 2317 0 485
120 120 2331 0 486
120 120 2331 0 487
120 120 2331 0 488
120 120 2331 0 489
120 120 2308 0 490
120 120 2308 0 491
120 120 2308 0 492
120 120 2326 0 493
120 120 2326 0 494
120 120 2326 0 495
120 120 2304 0 496
120 120 2304 0 497
120 120 2304 0 498
120 120 2304 0 499
120 120 2328 0 500
120 120 2328 0 501
120 120 2328 0 502
120 120 2301 0 503
120 120 2301 0 504
120 120 2301 0 505
120 119 2339 0 506
120 119 2339 0 507
120 119 2339 0 508
120 119 2339 0 509
120 120 2305 0 510
120 120 2305 0 511
120 120 2305 0 512
120 119 2357 0 513
120 119 2357 0 514
120 119 2357 0 515
120 120 2319 0 516
120 120 2319 0 517
120 120 2319 0 518
120 120 2319 0 519
120 119 2372 0 520
120 119 2372 0 521
120 119 2372 0 522
120 120 2339 0 523
120 120 2339 0 524
120 120 2339 0 525
120 119 2380 0 526
120 119 2380 0 527
120 119 2380 0 528
120 119 2380 0 529
120 120 2356 0 530
120 120 2356 0 531
120 120 2356 0 532
120 119 2384 0 533
120 119 2384 0 534
120 119 2384 0 535
120 120 2352 0 536
120 120 2352 0 537
120 120 2352 0 538
120 120 2352 0 539
120 119 2393 0 540
120 119 2393 0 541
120 119 2393 0 542
120 120 2367 0 543
120 120 2367 0 544
120 120 2367 0 545
120 119 2404 0 546
120 119 2404 0 547
120 119 2404 0 548
120 119 2404 0 549
120 119 2383 0 550
120 119 2383 0 551
120 119 2383 0 552
120 119 2407 0 553
120 119 2407 0 554
120 119 2407 0 555
120 119 2391 0 556
120 119 2391 0 557
120 119 2391 0 558
120 119 2391 0 559
120 119 2402 0 560
120 119 2402 0 561
120 119 2402 0 562
120 119 2404 0 563
120 119 2404 0 564
120 119 2404 0 565
120 119 2407 0 566
120 119 2407 0 567
120 119 2407 0 568
120 119 2407 0 569
120 119 2414 0 570
120 119 2414 0 571
120 119 2414 0 572
120 119 2399 0 573
120 119 2399 0 574
120 119 2399 0 575
120 119 2416 0 576
120 119 2416 0 577
120 119 2416 0 578
120 119 2416 0 579
120 120 2392 0 580
120 120 2392 0 581
120 120 2392 0 582
120 120 2404 0 583
120 120 2404 0 584
120 120 2404 0 585
120 120 2380 0 586
120 120 2380 0 587
120 120 2380 0 588
120 120 2380 0 589
120 120 2407 0 590
120 120 2407 0 591
120 120 2407 0 592
120 120 2383 0 593
120 120 2383 0 594
120 120 2383 0 595
120 120 2410 0 596
120 120 2410 0 597
120 120 2410 0 598
120 120 2410 0 599
120 120 2392 0 600
120 120 2392 0 601
120 120 2392 0 602
120 120 2424 0 603
120 120 2424 0 604
120 120 2424 0 605
120 120 2392 0 606
120 120 2392 0 607
120 120 2392 0 608
120 120 2392 0 609
120 119 2429 0 610
120 119 2429 0 611
120 119 2429 0 612
120 120 2393 0 613
120 120 2393 0 614
120 120 2393 0 615
120 119 2444 0 616
120 119 2444 0 617
120 119 2444 0 618
120 119 2444 0 619
120 120 2418 0 620
120 120 2418 0 621
120 120 2418 0 622
120 119 2475 0 623
120 119 2475 0 624
120 119 2475 0 625
120 119 2431 0 626
120 119 2431 0 627
120 119 2431 0 628
120 119 2431 0 629
120 119 2484 0 630
120 119 2484 0 631
120 119 2484 0 632
120 119 2459 0 633
120 119 2459 0 634
120 119 2459 0 635
120 119 2480 0 636
120 119 2480 0 637
120 119 2480 0 638
120 119 2480 0 639
120 119 2455 0 640
120 119 2455 0 641
120 119 2455 0 642
120 119 2495 0 643
120 119 2495 0 644
120 119 2495 0 645
120 120 2457 0 646
120 120 2457 0 647
120 120 2457 0 648
120 120 2457 0 649
120 119 2483 0 650
120 119 2483 0 651
120 119 2483 0 652
120 120 2449 0 653
120 120 2449 0 654
120 120 2449 0 655
120 119 2470 0 656
120 119 2470 0 657
120 119 2470 0 658
120 119 2470 0 659
120 120 2446 0 660
120 120 2446 0 661
120 120 2446 0 662
120 119 2468 0 663
120 119 2468 0 664
120 119 2468 0 665
120 120 2434 0 666
120 120 2434 0 667
120 120 2434 0 668
120 120 2434 0 669
120 119 2488 0 670
120 119 2488 0 671
120 119 2488 0 672
120 120 2456 0 673
120 120 2456 0 674
120 120 2456 0 675
120 119 2497 0 676
120 119 2497 0 677
120 119 2497 0 678
120 119 2497 0 679
120 120 2460 0 680
120 120 2460 0 681
120 120 2460 0 682
120 119 2492 0 683
120 119 2492 0 684
120 119 2492 0 685
120 120 2464 0 686
120 120 2464 0 687
120 120 2464 0 688
120 120 2464 0 689
120 119 2501 0 690
120 119 2501 0 691
120 119 2501 0 692
120 119 2483 0 693
120 119 2483 0 694
120 119 2483 0 695
120 119 2506 0 696
120 119 2506 0 697
120 119 2506 0 698
120 119 2506 0 699
120 120 2498 0 700
120 120 2498 0 701
120 120 2498 0 702
120 119 2512 0 703
120 119 2512 0 704
120 119 2512 0 705
120 120 2500 0 706
120 120 2500 0 707
120 120 2500 0 708
120 120 2500 0 709
120 119 2510 0 710
120 119 2510 0 711
120 119 2510 0 712
120 119 2511 0 713
120 119 2511 0 714
120 119 2511 0 715
120 119 2512 0 716
120 119 2512 0 717
120 119 2512 0 718
120 119 2512 0 719
120 120 2514 0 720
120 120 2514 0 721
120 120 2514 0 722
120 119 2520 0 723
120 119 2520 0 724
120 119 2520 0 725
120 120 2512 0 726
120 120 2512 0 727
120 120 2512 0 728
120 120 2512 0 729
120 119 2505 0 730
120 119 2505 0 731
120 119 2505 0 732
120 119 2548 0 733
120 119 2548 0 734
120 119 2548 0 735
120 120 2527 0 736
120 120 2527 0 737
120 120 2527 0 738
120 120 2527 0 739
120 120 2515 0 740
120 120 2515 0 741
120 120 2515 0 742
120 120 2508 0 743
120 120 2508 0 744
120 120 2508 0 745
120 120 2505 0 746
120 120 2505 0 747
120 120 2505 0 748
120 120 2505 0 749
120 120 2498 0 750
120 120 2498 0 751
120 120 2498 0 752
120 120 2500 0 753
120 120 2500 0 754
120 120 2500 0 755
120 120 2488 0 756
120 120 2488 0 757
120 120 2488 0 758
120 120 2488 0 759
120 120 2481 0 760
120 120 2481 0 761
120 120 2481 0 762
120 120 2478 0 763
120 120 2478 0 764
120 120 2478 0 765
120 120 2494 0 766
120 120 2494 0 767
120 120 2494 0 768
120 120 2494 0 769
120 120 2478 0 770
120 120 2478 0 771
120 120 2478 0 772
120 120 2485 0 773
120 120 2485 0 774
120 120 2485 0 775
120 120 2474 0 776
120 120 2474 0 777
120 120 2474 0 778
120 120 2474 0 779
120 120 2490 0 780
120 120 2490 0 781
120 120 2490 0 782
120 120 2465 0 783
120 120 2465 0 784
120 120 2465 0 785
120 120 2472 0 786
120 120 2472 0 787
120 120 2472 0 788
120 120 2472 0 789
120 120 2452 0 790
120 120 2452 0 791
120 120 2452 0 792
120 120 2478 0 793
120 120 2478 0 794
120 120 2478 0 795
120 120 2453 0 796
120 120 2453 0 797
120 120 2453 0 798
120 120 2453 0 799
120 120 2470 0 800
120 120 2470 0 801
120 120 2470 0 802
120 120 2445 0 803
120 120 2445 0 804
120 120 2445 0 805
120 120 2457 0 806
120 120 2457 0 807
120 120 2457 0 808
120 120 2457 0 809
120 120 2442 0 810
120 120 2442 0 811
120 120 2442 0 812
120 120 2459 0 813
120 120 2459 0 814
120 120 2459 0 815
120 120 2444 0 816
120 120 2444 0 817
120 120 2444 0 818
120 120 2444 0 819
120 120 2457 0 820
120 120 2457 0 821
120 120 2457 0 822
120 120 2433 0 823
120 120 2433 0 824
120 120 2433 0 825
120 120 2450 0 826
120 120 2450 0 827
120 120 2450 0 828
120 120 2450 0 829
120 120 2431 0 830
120 120 2431 0 831
120 120 2431 0 832
120 120 2453 0 833
120 120 2453 0 834
120 120 2453 0 835
120 120 2434 0 836
120 120 2434 0 837
120 120 2434 0 838
120 120 2434 0 839
120 120 2475 0 840
120 120 2475 0 841
120 120 2475 0 842
120 120 2456 0 843
120 120 2456 0 844
120 120 2456 0 845
120 120 2479 0 846
120 120 2479 0 847
120 120 2479 0 848
120 120 2479 0 849
120 120 2456 0 850
120 120 2456 0 851
120 120 2456 0 852
120 120 2484 0 853
120 120 2484 0 854
120 120 2484 0 855
120 120 2466 0 856
120 120 2466 0 857
120 120 2466 0 858
120 120 2466 0 859
120 120 2494 0 860
120 120 2494 0 861
120 120 2494 0 862
120 120 2476 0 863
120 120 2476 0 864
120 120 2476 0 865
120 119 2509 0 866
120 119 2509 0 867
120 119 2509 0 868
120 119 2509 0 869
120 120 2483 0 870
120 120 2483 0 871
120 120 2483 0 872
120 119 2511 0 873
120 119 2511 0 874
120 119 2511 0 875
120 120 2489 0 876
120 120 2489 0 877
120 120 2489 0 878
120 120 2489 0 879
120 119 2541 0 880
120 119 2541 0 881
120 119 2541 0 882
120 120 2496 0 883
120 120 2496 0 884
120 120 2496 0 885
120 119 2544 0 886
120 119 2544 0 887
120 119 2544 0 888
120 119 2544 0 889
120 120 2495 0 890
120 120 2495 0 891
120 120 2495 0 892
120 119 2542 0 893
120 119 2542 0 894
120 119 2542 0 895
120 120 2516 0 896
120 120 2516 0 897
120 120 2516 0 898
120 120 2516 0 899
120 119 2554 0 900
120 119 2554 0 901
120 119 2554 0 902
120 120 2519 0 903
120 120 2519 0 904
120 120 2519 0 905
120 119 2558 0 906
120 119 2558 0 907
120 119 2558 0 908
120 119 2558 0 909
120 120 2518 0 910
120 120 2518 0 911
120 120 2518 0 912
120 119 2561 0 913
120 119 2561 0 914
120 119 2561 0 915
120 120 2526 0 916
120 120 2526 0 917
120 120 2526 0 918
120 120 2526 0 919
120 119 2560 0 920
120 119 2560 0 921
120 119 2560 0 922
120 120 2526 0 923
120 120 2526 0 924
120 120 2526 0 925
120 119 2606 0 926
120 119 2606 0 927
120 119 2606 0 928
120 119 2606 0 929
120 119 2567 0 930
120 119 2567 0 931
120 119 2567 0 932
120 119 2611 0 933
120 119 2611 0 934
120 119 2611 0 935
120 120 2568 0 936
120 120 2568 0 937
120 120 2568 0 938
120 120 2568 0 939
120 119 2602 0 940
120 119 2602 0 941
120 119 2602 0 942
120 120 2559 0 943
120 120 2559 0 944
120 120 2559 0 945
120 119 2598 0 946
120 119 2598 0 947
120 119 2598 0 948
120 119 2598 0 949
120 120 2554 0 950
120 120 2554 0 951
120 120 2554 0 952
120 119 2593 0 953
120 119 2593 0 954
120 119 2593 0 955
120 120 2544 0 956
120 120 2544 0 957
120 120 2544 0 958
120 120 2544 0 959
120 119 2592 0 960
120 119 2592 0 961
120 119 2592 0 962
120 120 2544 0 963
120 120 2544 0 964
120 120 2544 0 965
120 119 2592 0 966
120 119 2592 0 967
120 119 2592 0 968
120 119 2592 0 969
120 120 2548 0 970
120 120 2548 0 971
120 120 2548 0 972
120 120 2592 0 973
120 120 2592 0 974
120 120 2592 0 975
120 120 2548 0 976
120 120 2548 0 977
120 120 2548 0 978
120 120 2548 0 979
120 120 2587 0 980
120 120 2587 0 981
120 120 2587 0 982
120 120 2548 0 983
120 120 2548 0 984
120 120 2548 0 985
120 119 2596 0 986
120 119 2596 0 987
120 119 2596 0 988
120 119 2596 0 989
120 120 2562 0 990
120 120 2562 0 991
120 120 2562 0 992
120 119 2610 0 993
120 119 2610 0 994
120 119 2610 0 995
120 120 2558 0 996
120 120 2558 0 997
120 120 2558 0 998
120 120 2558 0 999
120 120 2597 0 1000
120 120 2597 0 1001
120 120 2597 0 1002
120 120 2549 0 1003
120 120 2549 0 1004
120 120 2549 0 1005
120 120 2592 0 1006
120 120 2592 0 1007
120 120 2592 0 1008
120 120 2592 0 1009
120 120 2540 0 1010
120 120 2540 0 1011
120 120 2540 0 1012
120 120 2588 0 1013
120 120 2588 0 1014
120 120 2588 0 1015
120 120 2549 0 1016
120 120 2549 0 1017
120 120 2549 0 1018
120 120 2549 0 1019
120 120 2592 0 1020
120 120 2592 0 1021
120 120 2592 0 1022
120 120 2544 0 1023
120 120 2544 0 1024
120 120 2544 0 1025
120 120 2593 0 1026
120 120 2593 0 1027
120 120 2593 0 1028
120 120 2593 0 1029
120 120 2554 0 1030
120 120 2554 0 1031
120 120 2554 0 1032
120 119 2607 0 1033
120 119 2607 0 1034
120 119 2607 0 1035
120 120 2555 0 1036
120 120 2555 0 1037
120 120 2555 0 1038
120 120 2555 0 1039
120 120 2599 0 1040
120 120 2599 0 1041
120 120 2599 0 1042
120 120 2551 0 1043
120 120 2551 0 1044
120 120 2551 0 1045
120 119 2600 0 1046
120 119 2600 0 1047
120 119 2600 0 1048
120 119 2600 0 1049
120 120 2557 0 1050
120 120 2557 0 1051
120 120 2557 0 1052
120 119 2601 0 1053
120 119 2601 0 1054
120 119 2601 0 1055
120 120 2553 0 1056
120 120 2553 0 1057
120 120 2553 0 1058
120 120 2553 0 1059
120 119 2602 0 1060
120 119 2602 0 1061
120 119 2602 0 1062
120 120 2563 0 1063
120 120 2563 0 1064
120 120 2563 0 1065
120 119 2617 0 1066
120 119 2617 0 1067
120 119 2617 0 1068
120 119 2617 0 1069
120 120 2570 0 1070
120 120 2570 0 1071
120 120 2570 0 1072
120 119 2605 0 1073
120 119 2605 0 1074
120 119 2605 0 1075
120 120 2566 0 1076
120 120 2566 0 1077
120 120 2566 0 1078
120 120 2566 0 1079
120 119 2611 0 1080
120 119 2611 0 1081
120 119 2611 0 1082
120 120 2568 0 1083
120 120 2568 0 1084
120 120 2568 0 1085
120 120 2617 0 1086
120 120 2617 0 1087
120 120 2617 0 1088
120 120 2617 0 1089
120 120 2565 0 1090
120 120 2565 0 1091
120 120 2565 0 1092
120 120 2600 0 1093
120 120 2600 0 1094
120 120 2600 0 1095
120 120 2548 0 1096
120 120 2548 0 1097
120 120 2548 0 1098
120 120 2548 0 1099
120 120 2597 0 1100
120 120 2597 0 1101
120 120 2597 0 1102
120 120 2554 0 1103
120 120 2554 0 1104
120 120 2554 0 1105
120 119 2598 0 1106
120 119 2598 0 1107
120 119 2598 0 1108
120 119 2598 0 1109
120 120 2560 0 1110
120 120 2560 0 1111
120 120 2560 0 1112
120 119 2600 0 1113
120 119 2600 0 1114
120 119 2600 0 1115
120 120 2562 0 1116
120 120 2562 0 1117
120 120 2562 0 1118
120 120 2562 0 1119
120 120 2597 0 1120
120 120 2597 0 1121
120 120 2597 0 1122
120 120 2559 0 1123
120 120 2559 0 1124
120 120 2559 0 1125
120 120 2599 0 1126
120 120 2599 0 1127
120 120 2599 0 1128
120 120 2599 0 1129
120 120 2551 0 1130
120 120 2551 0 1131
120 120 2551 0 1132
120 120 2596 0 1133
120 120 2596 0 1134
120 120 2596 0 1135
120 120 2549 0 1136
120 120 2549 0 1137
120 120 2549 0 1138
120 120 2549 0 1139
120 120 2588 0 1140
120 120 2588 0 1141
120 120 2588 0 1142
120 120 2546 0 1143
120 120 2546 0 1144
120 120 2546 0 1145
120 120 2590 0 1146
120 120 2590 0 1147
120 120 2590 0 1148
120 120 2590 0 1149
120 120 2547 0 1150
120 120 2547 0 1151
120 120 2547 0 1152
120 120 2592 0 1153
120 120 2592 0 1154
120 120 2592 0 1155
120 120 2549 0 1156
120 120 2549 0 1157
120 120 2549 0 1158
120 120 2549 0 1159
120 119 2599 0 1160
120 119 2599 0 1161
120 119 2599 0 1162
120 120 2561 0 1163
120 120 2561 0 1164
120 120 2561 0 1165
120 119 2606 0 1166
120 119 2606 0 1167
120 119 2606 0 1168
120 119 2606 0 1169
120 120 2559 0 1170
120 120 2559 0 1171
120 120 2559 0 1172
120 119 2608 0 1173
120 119 2608 0 1174
120 119 2608 0 1175
120 120 2561 0 1176
120 120 2561 0 1177
120 120 2561 0 1178
120 120 2561 0 1179
120 120 2602 0 1180
120 120 2602 0 1181
120 120 2602 0 1182
120 120 2555 0 1183
120 120 2555 0 1184
120 120 2555 0 1185
120 120 2595 0 1186
120 120 2595 0 1187
120 120 2595 0 1188
120 120 2595 0 1189
120 120 2553 0 1190
120 120 2553 0 1191
120 120 2553 0 1192
120 120 2611 0 1193
120 120 2611 0 1194
120 120 2611 0 1195
120 120 2551 0 1196
120 120 2551 0 1197
120 120 2551 0 1198
120 120 2551 0 1199
120 120 2609 0 1200
120 120 2609 0 1201
120 120 2609 0 1202
120 120 2567 0 1203
120 120 2567 0 1204
120 120 2567 0 1205
120 120 2612 0 1206
120 120 2612 0 1207
120 120 2612 0 1208
120 120 2612 0 1209
120 120 2566 0 1210
120 120 2566 0 1211
120 120 2566 0 1212
120 120 2616 0 1213
120 120 2616 0 1214
120 120 2616 0 1215
120 120 2578 0 1216
120 120 2578 0 1217
120 120 2578 0 1218
120 120 2578 0 1219
120 120 2614 0 1220
120 120 2614 0 1221
120 120 2614 0 1222
120 120 2568 0 1223
120 120 2568 0 1224
120 120 2568 0 1225
120 120 2622 0 1226
120 120 2622 0 1227
120 120 2622 0 1228
120 120 2622 0 1229
120 120 2580 0 1230
120 120 2580 0 1231
120 120 2580 0 1232
120 119 2630 0 1233
120 119 2630 0 1234
120 119 2630 0 1235
120 120 2579 0 1236
120 120 2579 0 1237
120 120 2579 0 1238
120 120 2579 0 1239
120 119 2629 0 1240
120 119 2629 0 1241
120 119 2629 0 1242
120 120 2583 0 1243
120 120 2583 0 1244
120 120 2583 0 1245
120 120 2619 0 1246
120 120 2619 0 1247
120 120 2619 0 1248
120 120 2619 0 1249
120 120 2577 0 1250
120 120 2577 0 1251
120 120 2577 0 1252
120 120 2617 0 1253
120 120 2617 0 1254
120 120 2617 0 1255
120 120 2575 0 1256
120 120 2575 0 1257
120 120 2575 0 1258
120 120 2575 0 1259
120 120 2621 0 1260
120 120 2621 0 1261
120 120 2621 0 1262
120 120 2574 0 1263
120 120 2574 0 1264
120 120 2574 0 1265
120 119 2656 0 1266
120 119 2656 0 1267
120 119 2656 0 1268
120 119 2656 0 1269
120 120 2615 0 1270
120 120 2615 0 1271
120 120 2615 0 1272
120 119 2656 0 1273
120 119 2656 0 1274
120 119 2656 0 1275
120 120 2606 0 1276
120 120 2606 0 1277
120 120 2606 0 1278
120 120 2606 0 1279
120 119 2642 0 1280
120 119 2642 0 1281
120 119 2642 0 1282
120 120 2600 0 1283
120 120 2600 0 1284
120 120 2600 0 1285
120 120 2636 0 1286
120 120 2636 0 1287
120 120 2636 0 1288
120 120 2636 0 1289
120 120 2590 0 1290
120 120 2590 0 1291
120 120 2590 0 1292
120 120 2621 0 1293
120 120 2621 0 1294
120 120 2621 0 1295
120 120 2584 0 1296
120 120 2584 0 1297
120 120 2584 0 1298
120 120 2584 0 1299
120 120 2611 0 1300
120 120 2611 0 1301
120 120 2611 0 1302
120 120 2573 0 1303
120 120 2573 0 1304
120 120 2573 0 1305
120 120 2614 0 1306
120 120 2614 0 1307
120 120 2614 0 1308
120 120 2614 0 1309
120 120 2567 0 1310
120 120 2567 0 1311
120 120 2567 0 1312
120 120 2598 0 1313
120 120 2598 0 1314
120 120 2598 0 1315
120 120 2560 0 1316
120 120 2560 0 1317
120 120 2560 0 1318
120 120 2560 0 1319
120 120 2615 0 1320
120 120 2615 0 1321
120 120 2615 0 1322
120 120 2568 0 1323
120 120 2568 0 1324
120 120 2568 0 1325
120 120 2604 0 1326
120 120 2604 0 1327
120 120 2604 0 1328
120 120 2604 0 1329
120 120 2566 0 1330
120 120 2566 0 1331
120 120 2566 0 1332
120 120 2602 0 1333
120 120 2602 0 1334
120 120 2602 0 1335
120 120 2570 0 1336
120 120 2570 0 1337
120 120 2570 0 1338
120 120 2570 0 1339
120 120 2606 0 1340
120 120 2606 0 1341
120 120 2606 0 1342
120 120 2573 0 1343
120 120 2573 0 1344
120 120 2573 0 1345
120 120 2600 0 1346
120 120 2600 0 1347
120 120 2600 0 1348
120 120 2600 0 1349
120 120 2567 0 1350
120 120 2567 0 1351
120 120 2567 0 1352
120 120 2603 0 1353
120 120 2603 0 1354
120 120 2603 0 1355
120 120 2575 0 1356
120 120 2575 0 1357
120 120 2575 0 1358
120 120 2575 0 1359
120 120 2611 0 1360
120 120 2611 0 1361
120 120 2611 0 1362
120 120 2583 0 1363
120 120 2583 0 1364
120 120 2583 0 1365
120 120 2629 0 1366
120 120 2629 0 1367
120 120 2629 0 1368
120 120 2629 0 1369
120 120 2587 0 1370
120 120 2587 0 1371
120 120 2587 0 1372
120 120 2624 0 1373
120 120 2624 0 1374
120 120 2624 0 1375
120 120 2582 0 1376
120 120 2582 0 1377
120 120 2582 0 1378
120 120 2582 0 1379
120 120 2614 0 1380
120 120 2614 0 1381
120 120 2614 0 1382
120 120 2581 0 1383
120 120 2581 0 1384
120 120 2581 0 1385
120 120 2599 0 1386
120 120 2599 0 1387
120 120 2599 0 1388
120 120 2599 0 1389
120 120 2567 0 1390
120 120 2567 0 1391
120 120 2567 0 1392
120 120 2580 0 1393
120 120 2580 0 1394
120 120 2580 0 1395
120 121 2556 0 1396
120 121 2556 0 1397
120 121 2556 0 1398
120 121 2556 0 1399
120 120 2569 0 1400
120 120 2569 0 1401
120 120 2569 0 1402
120 121 2540 0 1403
120 121 2540 0 1404
120 121 2540 0 1405
120 120 2562 0 1406
120 120 2562 0 1407
120 120 2562 0 1408
120 120 2562 0 1409
120 121 2543 0 1410
120 121 2543 0 1411
120 121 2543 0 1412
120 121 2551 0 1413
120 121 2551 0 1414
120 121 2551 0 1415
120 121 2527 0 1416
120 121 2527 0 1417
120 121 2527 0 1418
120 121 2527 0 1419
120 121 2544 0 1420
120 121 2544 0 1421
120 121 2544 0 1422
120 121 2525 0 1423
120 121 2525 0 1424
120 121 2525 0 1425
120 121 2519 0 1426
120 121 2519 0 1427
120 121 2519 0 1428
120 121 2519 0 1429
120 121 2500 0 1430
120 121 2500 0 1431
120 121 2500 0 1432
120 121 2507 0 1433
120 121 2507 0 1434
120 121 2507 0 1435
120 121 2497 0 1436
120 121 2497 0 1437
120 121 2497 0 1438
120 121 2497 0 1439
120 121 2491 0 1440
120 121 2491 0 1441
120 121 2491 0 1442
120 121 2490 0 1443
120 121 2490 0 1444
120 121 2490 0 1445
120 120 2507 0 1446
120 120 2507 0 1447
120 120 2507 0 1448
120 120 2507 0 1449
120 120 2506 0 1450
120 120 2506 0 1451
120 120 2506 0 1452
120 120 2515 0 1453
120 120 2515 0 1454
120 120 2515 0 1455
120 120 2500 0 1456
120 120 2500 0 1457
120 120 2500 0 1458
120 120 2500 0 1459
120 120 2508 0 1460
120 120 2508 0 1461
120 120 2508 0 1462
120 120 2512 0 1463
120 120 2512 0 1464
120 120 2512 0 1465
120 120 2507 0 1466
120 120 2507 0 1467
120 120 2507 0 1468
120 120 2507 0 1469
120 120 2511 0 1470
120 120 2511 0 1471
120 120 2511 0 1472
120 120 2525 0 1473
120 120 2525 0 1474
120 120 2525 0 1475
120 120 2511 0 1476
120 120 2511 0 1477
120 120 2511 0 1478
120 120 2511 0 1479
120 120 2520 0 1480
120 120 2520 0 1481
120 120 2520 0 1482
120 120 2515 0 1483
120 120 2515 0 1484
120 120 2515 0 1485
120 120 2524 0 1486
120 120 2524 0 1487
120 120 2524 0 1488
120 120 2524 0 1489
120 120 2519 0 1490
120 120 2519 0 1491
120 120 2519 0 1492
120 120 2523 0 1493
120 120 2523 0 1494
120 120 2523 0 1495
120 120 2519 0 1496
120 120 2519 0 1497
120 120 2519 0 1498
120 120 2519 0 1499
120 120 2514 0 1500
120 120 2514 0 1501
120 120 2514 0 1502
120 120 2518 0 1503
120 120 2518 0 1504
120 120 2518 0 1505
120 120 2532 0 1506
120 120 2532 0 1507
120 120 2532 0 1508
120 120 2532 0 1509
120 120 2527 0 1510
120 120 2527 0 1511
120 120 2527 0 1512
120 120 2527 0 1513
120 120 2527 0 1514
120 120 2527 0 1515
120 120 2527 0 1516
120 120 2527 0 1517
120 120 2527 0 1518
120 120 2527 0 1519
120 120 2523 0 1520
120 120 2523 0 1521
120 120 2523 0 1522
120 120 2532 0 1523
120 120 2532 0 1524
120 120 2532 0 1525
120 120 2532 0 1526
120 120 2532 0 1527
120 120 2532 0 1528
120 120 2532 0 1529
120 120 2527 0 1530
120 120 2527 0 1531
120 120 2527 0 1532
120 120 2523 0 1533
120 120 2523 0 1534
120 120 2523 0 1535
120 120 2532 0 1536
120 120 2532 0 1537
120 120 2532 0 1538
120 120 2532 0 1539
120 120 2527 0 1540
120 120 2527 0 1541
120 120 2527 0 1542
120 120 2536 0 1543
120 120 2536 0 1544
120 120 2536 0 1545
120 120 2537 0 1546
120 120 2537 0 1547
120 120 2537 0 1548
120 120 2537 0 1549
120 120 2541 0 1550
120 120 2541 0 1551
120 120 2541 0 1552
120 120 2537 0 1553
120 120 2537 0 1554
120 120 2537 0 1555
120 120 2532 0 1556
120 120 2532 0 1557
120 120 2532 0 1558
120 120 2532 0 1559
120 120 2537 0 1560
120 120 2537 0 1561
120 120 2537 0 1562
120 120 2532 0 1563
120 120 2532 0 1564
120 120 2532 0 1565
120 120 2546 0 1566
120 120 2546 0 1567
120 120 2546 0 1568
120 120 2546 0 1569
120 120 2547 0 1570
120 120 2547 0 1571
120 120 2547 0 1572
120 120 2551 0 1573
120 120 2551 0 1574
120 120 2551 0 1575
120 120 2552 0 1576
120 120 2552 0 1577
120 120 2552 0 1578
120 120 2552 0 1579
120 120 2552 0 1580
120 120 2552 0 1581
120 120 2552 0 1582
120 120 2552 0 1583
120 120 2552 0 1584
120 120 2552 0 1585
120 120 2562 0 1586
120 120 2562 0 1587
120 120 2562 0 1588
120 120 2562 0 1589
120 120 2562 0 1590
120 120 2562 0 1591
120 120 2562 0 1592
120 120 2558 0 1593
120 120 2558 0 1594
120 120 2558 0 1595
120 120 2563 0 1596
120 120 2563 0 1597
120 120 2563 0 1598
120 120 2563 0 1599
120 120 2559 0 1600
120 120 2559 0 1601
120 120 2559 0 1602
120 120 2559 0 1603
120 120 2559 0 1604
120 120 2559 0 1605
120 120 2559 0 1606
120 120 2559 0 1607
120 120 2559 0 1608
120 120 2559 0 1609
120 120 2573 0 1610
120 120 2573 0 1611
120 120 2573 0 1612
120 120 2573 0 1613
120 120 2573 0 1614
120 120 2573 0 1615
120 120 2569 0 1616
120 120 2569 0 1617
120 120 2569 0 1618
120 120 2569 0 1619
120 120 2574 0 1620
120 120 2574 0 1621
120 120 2574 0 1622
120 120 2570 0 1623
120 120 2570 0 1624
120 120 2570 0 1625
120 120 2565 0 1626
120 120 2565 0 1627
120 120 2565 0 1628
120 120 2565 0 1629
120 119 2575 0 1630
120 119 2575 0 1631
120 119 2575 0 1632
120 120 2584 0 1633
120 120 2584 0 1634
120 120 2584 0 1635
120 119 2585 0 1636
120 119 2585 0 1637
120 119 2585 0 1638
120 119 2585 0 1639
120 120 2585 0 1640
120 120 2585 0 1641
120 120 2585 0 1642
120 120 2586 0 1643
120 120 2586 0 1644
120 120 2586 0 1645
120 120 2577 0 1646
120 120 2577 0 1647
120 120 2577 0 1648
120 120 2577 0 1649
120 120 2591 0 1650
120 120 2591 0 1651
120 120 2591 0 1652
120 120 2577 0 1653
120 120 2577 0 1654
120 120 2577 0 1655
120 120 2596 0 1656
120 120 2596 0 1657
120 120 2596 0 1658
120 120 2596 0 1659
120 120 2578 0 1660
120 120 2578 0 1661
120 120 2578 0 1662
120 120 2592 0 1663
120 120 2592 0 1664
120 120 2592 0 1665
120 120 2578 0 1666
120 120 2578 0 1667
120 120 2578 0 1668
120 120 2578 0 1669
120 119 2597 0 1670
120 119 2597 0 1671
120 119 2597 0 1672
120 120 2588 0 1673
120 120 2588 0 1674
120 120 2588 0 1675
120 119 2597 0 1676
120 119 2597 0 1677
120 119 2597 0 1678
120 119 2597 0 1679
120 120 2588 0 1680
120 120 2588 0 1681
120 120 2588 0 1682
120 119 2611 0 1683
120 119 2611 0 1684
120 119 2611 0 1685
120 120 2598 0 1686
120 120 2598 0 1687
120 120 2598 0 1688
120 120 2598 0 1689
120 120 2608 0 1690
120 120 2608 0 1691
120 120 2608 0 1692
120 120 2589 0 1693
120 120 2589 0 1694
120 120 2589 0 1695
120 120 2608 0 1696
120 120 2608 0 1697
120 120 2608 0 1698
120 120 2608 0 1699
120 120 2585 0 1700
120 120 2585 0 1701
120 120 2585 0 1702
120 120 2599 0 1703
120 120 2599 0 1704
120 120 2599 0 1705
120 120 2585 0 1706
120 120 2585 0 1707
120 120 2585 0 1708
120 120 2585 0 1709
120 120 2594 0 1710
120 120 2594 0 1711
120 120 2594 0 1712
120 120 2585 0 1713
120 120 2585 0 1714
120 120 2585 0 1715
120 120 2608 0 1716
120 120 2608 0 1717
120 120 2608 0 1718
120 120 2608 0 1719
120 120 2590 0 1720
120 120 2590 0 1721
120 120 2590 0 1722
120 120 2599 0 1723
120 120 2599 0 1724
120 120 2599 0 1725
120 120 2585 0 1726
120 120 2585 0 1727
120 120 2585 0 1728
120 120 2585 0 1729
120 120 2608 0 1730
120 120 2608 0 1731
120 120 2608 0 1732
120 120 2585 0 1733
120 120 2585 0 1734
120 120 2585 0 1735
120 120 2595 0 1736
120 120 2595 0 1737
120 120 2595 0 1738
120 120 2595 0 1739
120 120 2581 0 1740
120 120 2581 0 1741
120 120 2581 0 1742
120 120 2599 0 1743
120 120 2599 0 1744
120 120 2599 0 1745
120 120 2580 0 1746
120 120 2580 0 1747
120 120 2580 0 1748
120 120 2580 0 1749
120 120 2599 0 1750
120 120 2599 0 1751
120 120 2599 0 1752
120 120 2585 0 1753
120 120 2585 0 1754
120 120 2585 0 1755
120 120 2608 0 1756
120 120 2608 0 1757
120 120 2608 0 1758
120 120 2608 0 1759
120 120 2571 0 1760
120 120 2571 0 1761
120 120 2571 0 1762
120 120 2603 0 1763
120 120 2603 0 1764
120 120 2603 0 1765
120 120 2585 0 1766
120 120 2585 0 1767
120 120 2585 0 1768
120 120 2585 0 1769
120 119 2608 0 1770
120 119 2608 0 1771
120 119 2608 0 1772
120 120 2580 0 1773
120 120 2580 0 1774
120 120 2580 0 1775
120 120 2603 0 1776
120 120 2603 0 1777
120 120 2603 0 1778
120 120 2603 0 1779
120 120 2575 0 1780
120 120 2575 0 1781
120 120 2575 0 1782
120 120 2598 0 1783
120 120 2598 0 1784
120 120 2598 0 1785
120 120 2561 0 1786
120 120 2561 0 1787
120 120 2561 0 1788
120 120 2561 0 1789
120 120 2588 0 1790
120 120 2588 0 1791
120 120 2588 0 1792
120 120 2560 0 1793
120 120 2560 0 1794
120 120 2560 0 1795
120 120 2588 0 1796
120 120 2588 0 1797
120 120 2588 0 1798
120 120 2588 0 1799
120 120 2560 0 1800
120 120 2560 0 1801
120 120 2560 0 1802
120 120 2592 0 1803
120 120 2592 0 1804
120 120 2592 0 1805
120 120 2559 0 1806
120 120 2559 0 1807
120 120 2559 0 1808
120 120 2559 0 1809
120 120 2600 0 1810
120 120 2600 0 1811
120 120 2600 0 1812
120 120 2564 0 1813
120 120 2564 0 1814
120 120 2564 0 1815
120 120 2614 0 1816
120 120 2614 0 1817
120 120 2614 0 1818
120 120 2614 0 1819
120 120 2578 0 1820
120 120 2578 0 1821
120 120 2578 0 1822
120 120 2605 0 1823
120 120 2605 0 1824
120 120 2605 0 1825
120 120 2573 0 1826
120 120 2573 0 1827
120 120 2573 0 1828
120 120 2573 0 1829
120 120 2601 0 1830
120 120 2601 0 1831
120 120 2601 0 1832
120 120 2564 0 1833
120 120 2564 0 1834
120 120 2564 0 1835
120 120 2600 0 1836
120 120 2600 0 1837
120 120 2600 0 1838
120 120 2600 0 1839
120 120 2573 0 1840
120 120 2573 0 1841
120 120 2573 0 1842
120 120 2614 0 1843
120 120 2614 0 1844
120 120 2614 0 1845
120 120 2587 0 1846
120 120 2587 0 1847
120 120 2587 0 1848
120 120 2587 0 1849
120 119 2647 0 1850
120 119 2647 0 1851
120 119 2647 0 1852
120 120 2620 0 1853
120 120 2620 0 1854
120 120 2620 0 1855
120 119 2648 0 1856
120 119 2648 0 1857
120 119 2648 0 1858
120 119 2648 0 1859
120 120 2612 0 1860
120 120 2612 0 1861
120 120 2612 0 1862
120 119 2640 0 1863
120 119 2640 0 1864
120 119 2640 0 1865
120 120 2608 0 1866
120 120 2608 0 1867
120 120 2608 0 1868
120 120 2608 0 1869
120 119 2664 0 1870
120 119 2664 0 1871
120 119 2664 0 1872
120 120 2637 0 1873
120 120 2637 0 1874
120 120 2637 0 1875
120 119 2661 0 1876
120 119 2661 0 1877
120 119 2661 0 1878
120 119 2661 0 1879
120 120 2620 0 1880
120 120 2620 0 1881
120 120 2620 0 1882
120 119 2652 0 1883
120 119 2652 0 1884
120 119 2652 0 1885
120 120 2621 0 1886
120 120 2621 0 1887
120 120 2621 0 1888
120 120 2621 0 1889
120 120 2648 0 1890
120 120 2648 0 1891
120 120 2648 0 1892
120 120 2612 0 1893
120 120 2612 0 1894
120 120 2612 0 1895
120 120 2639 0 1896
120 120 2639 0 1897
120 120 2639 0 1898
120 120 2639 0 1899
120 120 2607 0 1900
120 120 2607 0 1901
120 120 2607 0 1902
120 120 2639 0 1903
120 120 2639 0 1904
120 120 2639 0 1905
120 120 2607 0 1906
120 120 2607 0 1907
120 120 2607 0 1908
120 120 2607 0 1909
120 120 2616 0 1910
120 120 2616 0 1911
120 120 2616 0 1912
120 121 2588 0 1913
120 121 2588 0 1914
120 121 2588 0 1915
120 120 2602 0 1916
120 120 2602 0 1917
120 120 2602 0 1918
120 120 2602 0 1919
120 121 2560 0 1920
120 121 2560 0 1921
120 121 2560 0 1922
120 120 2586 0 1923
120 120 2586 0 1924
120 120 2586 0 1925
120 121 2554 0 1926
120 121 2554 0 1927
120 121 2554 0 1928
120 121 2554 0 1929
120 120 2585 0 1930
120 120 2585 0 1931
120 120 2585 0 1932
120 121 2552 0 1933
120 121 2552 0 1934
120 121 2552 0 1935
120 120 2579 0 1936
120 120 2579 0 1937
120 120 2579 0 1938
120 120 2579 0 1939
120 121 2551 0 1940
120 121 2551 0 1941
120 121 2551 0 1942
120 120 2582 0 1943
120 120 2582 0 1944
120 120 2582 0 1945
120 121 2550 0 1946
120 121 2550 0 1947
120 121 2550 0 1948
120 121 2550 0 1949
120 120 2586 0 1950
120 120 2586 0 1951
120 120 2586 0 1952
120 121 2562 0 1953
120 121 2562 0 1954
120 121 2562 0 1955
120 120 2594 0 1956
120 120 2594 0 1957
120 120 2594 0 1958
120 120 2594 0 1959
120 121 2562 0 1960
120 121 2562 0 1961
120 121 2562 0 1962
120 120 2598 0 1963
120 120 2598 0 1964
120 120 2598 0 1965
120 120 2566 0 1966
120 120 2566 0 1967
120 120 2566 0 1968
120 120 2566 0 1969
120 120 2589 0 1970
120 120 2589 0 1971
120 120 2589 0 1972
120 121 2566 0 1973
120 121 2566 0 1974
120 121 2566 0 1975
120 120 2598 0 1976
120 120 2598 0 1977
120 120 2598 0 1978
120 120 2598 0 1979
120 120 2566 0 1980
120 120 2566 0 1981
120 120 2566 0 1982
120 120 2593 0 1983
120 120 2593 0 1984
120 120 2593 0 1985
120 121 2547 0 1986
120 121 2547 0 1987
120 121 2547 0 1988
120 121 2547 0 1989
120 120 2593 0 1990
120 120 2593 0 1991
120 120 2593 0 1992
120 120 2547 0 1993
120 120 2547 0 1994
120 120 2547 0 1995
120 120 2583 0 1996
120 120 2583 0 1997
120 120 2583 0 1998
120 120 2583 0 1999