0 0 1000 0 0
0 0 1000 0 1
0 1 1000 0 2
0 1 1000 0 3
0 1 1000 0 4
0 3 1000 0 5
0 3 1000 0 6
0 5 1000 0 7
0 5 1000 0 8
0 5 1000 0 9
0 8 1000 0 10
0 8 1000 0 11
0 11 1000 0 12
0 11 1000 0 13
0 11 1000 0 14
0 15 1000 0 15
0 15 1000 0 16
0 17 1000 0 17
0 17 1000 0 18
0 17 1000 0 19
0 19 1000 0 20
0 19 1000 0 21
0 22 1000 0 22
0 22 1000 0 23
0 22 1000 0 24
0 26 1000 0 25
0 26 1000 0 26
0 28 1000 0 27
0 28 1000 0 28
0 28 1000 0 29
0 29 1000 0 30
0 29 1000 0 31
0 32 1000 0 32
0 32 1000 0 33
0 32 1000 0 34
0 35 1000 0 35
0 35 1000 0 36
61 36 1369 0 37
61 36 1369 0 38
61 36 1369 0 39
62 38 1430 0 40
62 38 1430 0 41
63 41 1412 0 42
63 41 1412 0 43
63 41 1412 0 44
64 43 1379 0 45
64 43 1379 0 46
65 45 1430 0 47
65 45 1430 0 48
65 45 1430 0 49
66 47 1458 0 50
66 47 1458 0 51
67 49 1411 0 52
67 49 1411 0 53
67 49 1411 0 54
68 51 1463 0 55
68 51 1463 0 56
69 52 1514 0 57
69 52 1514 0 58
69 52 1514 0 59
70 55 1487 0 60
70 55 1487 0 61
71 56 1495 0 62
71 56 1495 0 63
71 56 1495 0 64
72 57 1566 0 65
72 57 1566 0 66
73 59 1596 0 67
73 59 1596 0 68
73 59 1596 0 69
74 61 1579 0 70
74 61 1579 0 71
75 62 1644 0 72
75 62 1644 0 73
75 62 1644 0 74
76 63 1685 0 75
76 63 1685 0 76
77 65 1671 0 77
77 65 1671 0 78
77 65 1671 0 79
78 66 1744 0 80
78 66 1744 0 81
79 67 1802 0 82
79 67 1802 0 83
79 67 1802 0 84
80 69 1787 0 85
80 69 1787 0 86
81 70 1845 0 87
81 70 1845 0 88
81 70 1845 0 89
82 71 1921 0 90
82 71 1921 0 91
83 73 1909 0 92
83 73 1909 0 93
83 73 1909 0 94
84 73 1971 0 95
84 73 1971 0 96
85 74 2037 0 97
85 74 2037 0 98
85 74 2037 0 99
86 76 2034 0 100
86 76 2034 0 101
87 77 2104 0 102
87 77 2104 0 103
87 77 2104 0 104
88 77 2183 0 105
88 77 2183 0 106
89 79 2185 0 107
89 79 2185 0 108
89 79 2185 0 109
90 80 2217 0 110
90 80 2217 0 111
91 81 2240 0 112
91 81 2240 0 113
91 81 2240 0 114
92 84 2170 0 115
92 84 2170 0 116
93 85 2205 0 117
93 85 2205 0 118
93 85 2205 0 119
94 87 2174 0 120
94 87 2174 0 121
95 88 2170 0 122
95 88 2170 0 123
95 88 2170 0 124
96 89 2216 0 125
96 89 2216 0 126
97 91 2161 0 127
97 91 2161 0 128
97 91 2161 0 129
98 92 2219 0 130
98 92 2219 0 131
99 94 2191 0 132
99 94 2191 0 133
99 94 2191 0 134
100 95 2225 0 135
100 95 2225 0 136
101 96 2265 0 137
101 96 2265 0 138
101 96 2265 0 139
102 98 2213 0 140
102 98 2213 0 141
103 98 2283 0 142
103 98 2283 0 143
103 98 2283 0 144
104 100 2272 0 145
104 100 2272 0 146
105 100 2338 0 147
105 100 2338 0 148
105 100 2338 0 149
106 101 2350 0 150
106 101 2350 0 151
107 102 2365 0 152
107 102 2365 0 153
107 102 2365 0 154
108 102 2455 0 155
108 102 2455 0 156
109 104 2439 0 157
109 104 2439 0 158
109 104 2439 0 159
110 104 2529 0 160
110 104 2529 0 161
111 106 2509 0 162
111 106 2509 0 163
111 106 2509 0 164
112 106 2548 0 165
112 106 2548 0 166
113 109 2500 0 167
113 109 2500 0 168
113 109 2500 0 169
114 110 2519 0 170
114 110 2519 0 171
115 112 2488 0 172
115 112 2488 0 173
115 112 2488 0 174
116 112 2502 0 175
116 112 2502 0 176
117 114 2483 0 177
117 114 2483 0 178
117 114 2483 0 179
118 115 2500 0 180
118 115 2500 0 181
119 116 2499 0 182
119 116 2499 0 183
119 116 2499 0 184
120 117 2526 0 185
120 117 2526 0 186
120 118 2462 0 187
120 118 2462 0 188
120 118 2462 0 189
120 119 2406 0 190
120 119 2406 0 191
120 120 2346 0 192
120 120 2346 0 193
120 120 2346 0 194
120 120 2305 0 195
120 120 2305 0 196
120 121 2268 0 197
120 121 2268 0 198
120 121 2268 0 199
120 122 2222 0 200
120 122 2222 0 201
120 122 2205 0 202
120 122 2205 0 203
120 122 2205 0 204
120 122 2152 0 205
120 122 2152 0 206
120 122 2158 0 207
120 122 2158 0 208
120 122 2158 0 209
120 123 2111 0 210
120 123 2111 0 211
120 122 2133 0 212
120 122 2133 0 213
120 122 2133 0 214
120 123 2083 0 215
120 123 2083 0 216
120 122 2117 0 217
120 122 2117 0 218
120 122 2117 0 219
120 123 2069 0 220
120 123 2069 0 221
120 122 2086 0 222
120 122 2086 0 223
120 122 2086 0 224
120 122 2081 0 225
120 122 2081 0 226
120 122 2073 0 227
120 122 2073 0 228
120 122 2073 0 229
120 122 2098 0 230
120 122 2098 0 231
120 122 2055 0 232
120 122 2055 0 233
120 122 2055 0 234
120 122 2091 0 235
120 122 2091 0 236
120 122 2050 0 237
120 122 2050 0 238
120 122 2050 0 239
120 121 2102 0 240
120 121 2102 0 241
120 122 2076 0 242
120 122 2076 0 243
120 122 2076 0 244
120 121 2117 0 245
120 121 2117 0 246
120 121 2098 0 247
120 121 2098 0 248
120 121 2098 0 249
120 121 2131 0 250
120 121 2131 0 251
120 121 2133 0 252
120 121 2133 0 253
120 121 2133 0 254
120 121 2109 0 255
120 121 2109 0 256
120 121 2135 0 257
120 121 2135 0 258
120 121 2135 0 259
120 121 2102 0 260
120 121 2102 0 261
120 120 2163 0 262
120 120 2163 0 263
120 120 2163 0 264
120 121 2113 0 265
120 121 2113 0 266
120 120 2171 0 267
120 120 2171 0 268
120 120 2171 0 269
120 120 2142 0 270
120 120 2142 0 271
120 120 2182 0 272
120 120 2182 0 273
120 120 2182 0 274
120 120 2164 0 275
120 120 2164 0 276
120 120 2197 0 277
120 120 2197 0 278
120 120 2197 0 279
120 120 2212 0 280
120 120 2212 0 281
120 120 2201 0 282
120 120 2201 0 283
120 120 2201 0 284
120 120 2218 0 285
120 120 2218 0 286
120 120 2189 0 287
120 120 2189 0 288
120 120 2189 0 289
120 120 2216 0 290
120 120 2216 0 291
120 120 2179 0 292
120 120 2179 0 293
120 120 2179 0 294
120 119 2230 0 295
120 119 2230 0 296
120 120 2190 0 297
120 120 2190 0 298
120 120 2190 0 299
120 119 2233 0 300
120 119 2233 0 301
120 120 2208 0 302
120 120 2208 0 303
120 120 2208 0 304
120 119 2275 0 305
120 119 2275 0 306
120 119 2252 0 307
120 119 2252 0 308
120 119 2252 0 309
120 119 2274 0 310
120 119 2274 0 311
120 119 2270 0 312
120 119 2270 0 313
120 119 2270 0 314
120 119 2276 0 315
120 119 2276 0 316
120 119 2291 0 317
120 119 2291 0 318
120 119 2291 0 319
120 119 2265 0 320
120 119 2265 0 321
120 119 2285 0 322
120 119 2285 0 323
120 119 2285 0 324
120 119 2260 0 325
120 119 2260 0 326
120 119 2277 0 327
120 119 2277 0 328
120 119 2277 0 329
120 120 2243 0 330
120 120 2243 0 331
120 119 2320 0 332
120 119 2320 0 333
120 119 2320 0 334
120 119 2279 0 335
120 119 2279 0 336
120 119 2330 0 337
120 119 2330 0 338
120 119 2330 0 339
120 119 2294 0 340
120 119 2294 0 341
120 119 2346 0 342
120 119 2346 0 343
120 119 2346 0 344
120 119 2320 0 345
120 119 2320 0 346
120 118 2377 0 347
120 118 2377 0 348
120 118 2377 0 349
120 119 2348 0 350
120 119 2348 0 351
120 119 2374 0 352
120 119 2374 0 353
120 119 2374 0 354
120 119 2360 0 355
120 119 2360 0 356
120 119 2363 0 357
120 119 2363 0 358
120 119 2363 0 359
120 119 2358 0 360
120 119 2358 0 361
120 119 2358 0 362
120 119 2358 0 363
120 119 2358 0 364
120 119 2367 0 365
120 119 2367 0 366
120 119 2349 0 367
120 119 2349 0 368
120 119 2349 0 369
120 119 2363 0 370
120 119 2363 0 371
120 120 2346 0 372
120 120 2346 0 373
120 120 2346 0 374
120 120 2360 0 375
120 120 2360 0 376
120 120 2334 0 377
120 120 2334 0 378
120 120 2334 0 379
120 120 2363 0 380
120 120 2363 0 381
120 120 2324 0 382
120 120 2324 0 383
120 120 2324 0 384
120 120 2367 0 385
120 120 2367 0 386
120 120 2342 0 387
120 120 2342 0 388
120 120 2342 0 389
120 119 2405 0 390
120 119 2405 0 391
120 120 2358 0 392
120 120 2358 0 393
120 120 2358 0 394
120 119 2421 0 395
120 119 2421 0 396
120 120 2384 0 397
120 120 2384 0 398
120 120 2384 0 399
120 119 2416 0 400
120 119 2416 0 401
120 120 2380 0 402
120 120 2380 0 403
120 120 2380 0 404
120 119 2403 0 405
120 119 2403 0 406
120 120 2385 0 407
120 120 2385 0 408
120 120 2385 0 409
120 119 2413 0 410
120 119 2413 0 411
120 120 2382 0 412
120 120 2382 0 413
120 120 2382 0 414
120 119 2406 0 415
120 119 2406 0 416
120 120 2385 0 417
120 120 2385 0 418
120 120 2385 0 419
120 119 2419 0 420
120 119 2419 0 421
120 120 2398 0 422
120 120 2398 0 423
120 120 2398 0 424
120 119 2423 0 425
120 119 2423 0 426
120 120 2412 0 427
120 120 2412 0 428
120 120 2412 0 429
120 119 2428 0 430
120 119 2428 0 431
120 120 2427 0 432
120 120 2427 0 433
120 120 2427 0 434
120 120 2421 0 435
120 120 2421 0 436
120 120 2434 0 437
120 120 2434 0 438
120 120 2434 0 439
120 120 2424 0 440
120 120 2424 0 441
120 120 2437 0 442
120 120 2437 0 443
120 120 2437 0 444
120 120 2414 0 445
120 120 2414 0 446
120 120 2432 0 447
120 120 2432 0 448
120 120 2432 0 449
120 120 2404 0 450
120 120 2404 0 451
120 120 2422 0 452
120 120 2422 0 453
120 120 2422 0 454
120 120 2390 0 455
120 120 2390 0 456
120 120 2403 0 457
120 120 2403 0 458
120 120 2403 0 459
120 120 2385 0 460
120 120 2385 0 461
120 120 2422 0 462
120 120 2422 0 463
120 120 2422 0 464
120 120 2405 0 465
120 120 2405 0 466
120 120 2433 0 467
120 120 2433 0 468
120 120 2433 0 469
120 120 2407 0 470
120 120 2407 0 471
120 119 2464 0 472
120 119 2464 0 473
120 119 2464 0 474
120 120 2425 0 475
120 120 2425 0 476
120 119 2464 0 477
120 119 2464 0 478
120 119 2464 0 479
120 120 2439 0 480
120 120 2439 0 481
120 119 2492 0 482
120 119 2492 0 483
120 119 2492 0 484
120 120 2444 0 485
120 120 2444 0 486
120 119 2493 0 487
120 119 2493 0 488
120 119 2493 0 489
120 120 2446 0 490
120 120 2446 0 491
120 119 2500 0 492
120 119 2500 0 493
120 119 2500 0 494
120 120 2458 0 495
120 120 2458 0 496
120 119 2494 0 497
120 119 2494 0 498
120 119 2494 0 499
120 120 2461 0 500
120 120 2461 0 501
120 119 2492 0 502
120 119 2492 0 503
120 119 2492 0 504
120 120 2473 0 505
120 120 2473 0 506
120 119 2501 0 507
120 119 2501 0 508
120 119 2501 0 509
120 120 2468 0 510
120 120 2468 0 511
120 119 2496 0 512
120 119 2496 0 513
120 119 2496 0 514
120 120 2459 0 515
120 120 2459 0 516
120 119 2486 0 517
120 119 2486 0 518
120 119 2486 0 519
120 120 2454 0 520
120 120 2454 0 521
120 119 2496 0 522
120 119 2496 0 523
120 119 2496 0 524
120 120 2469 0 525
120 120 2469 0 526
120 119 2492 0 527
120 119 2492 0 528
120 119 2492 0 529
120 120 2470 0 530
120 120 2470 0 531
120 119 2507 0 532
120 119 2507 0 533
120 119 2507 0 534
120 120 2481 0 535
120 120 2481 0 536
120 119 2509 0 537
120 119 2509 0 538
120 119 2509 0 539
120 120 2479 0 540
120 120 2479 0 541
120 119 2507 0 542
120 119 2507 0 543
120 119 2507 0 544
120 120 2491 0 545
120 120 2491 0 546
120 119 2515 0 547
120 119 2515 0 548
120 119 2515 0 549
120 120 2503 0 550
120 120 2503 0 551
120 119 2519 0 552
120 119 2519 0 553
120 119 2519 0 554
120 120 2503 0 555
120 120 2503 0 556
120 119 2509 0 557
120 119 2509 0 558
120 119 2509 0 559
120 120 2507 0 560
120 120 2507 0 561
120 119 2514 0 562
120 119 2514 0 563
120 119 2514 0 564
120 120 2502 0 565
120 120 2502 0 566
120 119 2518 0 567
120 119 2518 0 568
120 119 2518 0 569
120 120 2521 0 570
120 120 2521 0 571
120 119 2519 0 572
120 119 2519 0 573
120 119 2519 0 574
120 120 2517 0 575
120 120 2517 0 576
120 119 2516 0 577
120 119 2516 0 578
120 119 2516 0 579
120 120 2518 0 580
120 120 2518 0 581
120 120 2512 0 582
120 120 2512 0 583
120 120 2512 0 584
120 120 2515 0 585
120 120 2515 0 586
120 120 2514 0 587
120 120 2514 0 588
120 120 2514 0 589
120 120 2517 0 590
120 120 2517 0 591
120 120 2511 0 592
120 120 2511 0 593
120 120 2511 0 594
120 120 2514 0 595
120 120 2514 0 596
120 120 2508 0 597
120 120 2508 0 598
120 120 2508 0 599
120 120 2512 0 600
120 120 2512 0 601
120 120 2511 0 602
120 120 2511 0 603
120 120 2511 0 604
120 120 2514 0 605
120 120 2514 0 606
120 120 2500 0 607
120 120 2500 0 608
120 120 2500 0 609
120 120 2503 0 610
120 120 2503 0 611
120 120 2498 0 612
120 120 2498 0 613
120 120 2498 0 614
120 120 2520 0 615
120 120 2520 0 616
120 120 2496 0 617
120 120 2496 0 618
120 120 2496 0 619
120 120 2491 0 620
120 120 2491 0 621
120 120 2481 0 622
120 120 2481 0 623
120 120 2481 0 624
120 120 2499 0 625
120 120 2499 0 626
120 120 2484 0 627
120 120 2484 0 628
120 120 2484 0 629
120 120 2497 0 630
120 120 2497 0 631
120 120 2479 0 632
120 120 2479 0 633
120 120 2479 0 634
120 120 2497 0 635
120 120 2497 0 636
120 120 2483 0 637
120 120 2483 0 638
120 120 2483 0 639
120 120 2487 0 640
120 120 2487 0 641
120 120 2468 0 642
120 120 2468 0 643
120 120 2468 0 644
120 120 2491 0 645
120 120 2491 0 646
120 120 2468 0 647
120 120 2468 0 648
120 120 2468 0 649
120 120 2496 0 650
120 120 2496 0 651
120 120 2478 0 652
120 120 2478 0 653
120 120 2478 0 654
120 120 2483 0 655
120 120 2483 0 656
120 120 2474 0 657
120 120 2474 0 658
120 120 2474 0 659
120 120 2488 0 660
120 120 2488 0 661
119 120 2393 0 662
119 120 2393 0 663
119 120 2393 0 664
118 120 2334 0 665
118 120 2334 0 666
117 120 2244 0 667
117 120 2244 0 668
117 120 2244 0 669
116 119 2208 0 670
116 119 2208 0 671
115 119 2123 0 672
115 119 2123 0 673
115 119 2123 0 674
114 118 2121 0 675
114 118 2121 0 676
113 118 2028 0 677
113 118 2028 0 678
113 118 2028 0 679
112 117 2022 0 680
112 117 2022 0 681
111 117 1935 0 682
111 117 1935 0 683
111 117 1935 0 684
110 115 1918 0 685
110 115 1918 0 686
109 115 1864 0 687
109 115 1864 0 688
109 115 1864 0 689
108 114 1816 0 690
108 114 1816 0 691
107 113 1796 0 692
107 113 1796 0 693
107 113 1796 0 694
106 113 1708 0 695
106 113 1708 0 696
105 111 1722 0 697
105 111 1722 0 698
105 111 1722 0 699
104 111 1645 0 700
104 111 1645 0 701
103 109 1638 0 702
103 109 1638 0 703
103 109 1638 0 704
102 108 1623 0 705
102 108 1623 0 706
101 108 1535 0 707
101 108 1535 0 708
101 108 1535 0 709
100 106 1559 0 710
100 106 1559 0 711
99 106 1505 0 712
99 106 1505 0 713
99 106 1505 0 714
98 104 1489 0 715
98 104 1489 0 716
97 103 1521 0 717
97 103 1521 0 718
97 103 1521 0 719
96 102 1476 0 720
96 102 1476 0 721
95 100 1505 0 722
95 100 1505 0 723
95 100 1505 0 724
94 98 1551 0 725
94 98 1551 0 726
93 98 1487 0 727
93 98 1487 0 728
93 98 1487 0 729
92 96 1511 0 730
92 96 1511 0 731
91 95 1560 0 732
91 95 1560 0 733
91 95 1560 0 734
90 94 1477 0 735
90 94 1477 0 736
89 93 1486 0 737
89 93 1486 0 738
89 93 1486 0 739
88 91 1501 0 740
88 91 1501 0 741
87 91 1429 0 742
87 91 1429 0 743
87 91 1429 0 744
86 90 1436 0 745
86 90 1436 0 746
85 88 1448 0 747
85 88 1448 0 748
85 88 1448 0 749
84 88 1365 0 750
84 88 1365 0 751
83 87 1373 0 752
83 87 1373 0 753
83 87 1373 0 754
82 85 1402 0 755
82 85 1402 0 756
81 85 1307 0 757
81 85 1307 0 758
81 85 1307 0 759
80 84 1318 0 760
80 84 1318 0 761
79 82 1348 0 762
79 82 1348 0 763
79 82 1348 0 764
78 82 1269 0 765
78 82 1269 0 766
77 81 1249 0 767
77 81 1249 0 768
77 81 1249 0 769
76 79 1309 0 770
76 79 1309 0 771
75 79 1255 0 772
75 79 1255 0 773
75 79 1255 0 774
74 79 1118 0 775
74 79 1118 0 776
73 79 1058 0 777
73 79 1058 0 778
73 79 1058 0 779
72 79 924 0 780
72 79 924 0 781
71 78 835 0 782
71 78 835 0 783
71 78 835 0 784
70 77 797 0 785
70 77 797 0 786
69 78 699 0 787
69 78 699 0 788
69 78 699 0 789
68 77 605 0 790
68 77 605 0 791
67 75 604 0 792
67 75 604 0 793
67 75 604 0 794
66 74 595 0 795
66 74 595 0 796
65 74 471 0 797
65 74 471 0 798
65 74 471 0 799
64 73 453 0 800
64 73 453 0 801
63 70 468 0 802
63 70 468 0 803
63 70 468 0 804
62 69 522 0 805
62 69 522 0 806
61 69 411 0 807
61 69 411 0 808
61 69 411 0 809
60 68 374 0 810
60 68 374 0 811
60 65 465 0 812
60 65 465 0 813
60 65 465 0 814
60 63 646 0 815
60 63 646 0 816
60 63 640 0 817
60 63 640 0 818
60 63 640 0 819
60 63 616 0 820
60 63 616 0 821
60 62 678 0 822
60 62 678 0 823
60 62 678 0 824
60 61 746 0 825
60 61 746 0 826
60 62 671 0 827
60 62 671 0 828
60 62 671 0 829
60 62 672 0 830
60 62 672 0 831
60 61 706 0 832
60 61 706 0 833
60 61 706 0 834
60 62 717 0 835
60 62 717 0 836
60 62 645 0 837
60 62 645 0 838
60 62 645 0 839
60 61 681 0 840
60 61 681 0 841
60 61 727 0 842
60 61 727 0 843
60 61 727 0 844
60 62 649 0 845
60 62 649 0 846
60 62 661 0 847
60 62 661 0 848
60 62 661 0 849
60 61 687 0 850
60 61 687 0 851
60 61 671 0 852
60 61 671 0 853
60 61 671 0 854
60 62 618 0 855
60 62 618 0 856
60 61 665 0 857
60 61 665 0 858
60 61 665 0 859
60 60 708 0 860
60 60 708 0 861
60 62 631 0 862
60 62 631 0 863
60 62 631 0 864
60 61 630 0 865
60 61 630 0 866
60 60 667 0 867
60 60 667 0 868
60 60 667 0 869
60 61 671 0 870
60 61 671 0 871
60 61 596 0 872
60 61 596 0 873
60 61 596 0 874
60 61 640 0 875
60 61 640 0 876
60 60 684 0 877
60 60 684 0 878
60 60 684 0 879
60 61 604 0 880
60 61 604 0 881
60 61 605 0 882
60 61 605 0 883
60 61 605 0 884
60 60 638 0 885
60 60 638 0 886
60 60 671 0 887
60 60 671 0 888
60 60 671 0 889
60 61 589 0 890
60 61 589 0 891
60 61 616 0 892
60 61 616 0 893
60 61 616 0 894
60 60 676 0 895
60 60 676 0 896
60 61 621 0 897
60 61 621 0 898
60 61 621 0 899
60 61 592 0 900
60 61 592 0 901
60 60 650 0 902
60 60 650 0 903
60 60 650 0 904
60 60 690 0 905
60 60 690 0 906
60 61 601 0 907
60 61 601 0 908
60 61 601 0 909
60 61 621 0 910
60 61 621 0 911
60 60 641 0 912
60 60 641 0 913
60 60 641 0 914
60 61 620 0 915
60 61 620 0 916
60 61 561 0 917
60 61 561 0 918
60 61 561 0 919
60 60 611 0 920
60 60 611 0 921
60 60 667 0 922
60 60 667 0 923
60 60 667 0 924
60 61 594 0 925
60 61 594 0 926
60 61 584 0 927
60 61 584 0 928
60 61 584 0 929
60 60 619 0 930
60 60 619 0 931
60 60 646 0 932
60 60 646 0 933
60 60 646 0 934
60 61 571 0 935
60 61 571 0 936
60 60 583 0 937
60 60 583 0 938
60 60 583 0 939
60 60 631 0 940
60 60 631 0 941
60 61 597 0 942
60 61 597 0 943
60 61 597 0 944
60 61 548 0 945
60 61 548 0 946
60 60 595 0 947
60 60 595 0 948
60 60 595 0 949
60 60 638 0 950
60 60 638 0 951
60 61 556 0 952
60 61 556 0 953
60 61 556 0 954
60 61 552 0 955
60 61 552 0 956
60 60 593 0 957
60 60 593 0 958
60 60 593 0 959
60 60 658 0 960
60 60 658 0 961
60 61 576 0 962
60 61 576 0 963
60 61 576 0 964
60 60 585 0 965
60 60 585 0 966
60 60 616 0 967
60 60 616 0 968
60 60 616 0 969
60 60 625 0 970
60 60 625 0 971
60 61 546 0 972
60 61 546 0 973
60 61 546 0 974
60 60 567 0 975
60 60 567 0 976
60 60 625 0 977
60 60 625 0 978
60 60 625 0 979
60 61 550 0 980
60 61 550 0 981
60 61 529 0 982
60 61 529 0 983
60 61 529 0 984
60 60 585 0 985
60 60 585 0 986
60 60 629 0 987
60 60 629 0 988
60 60 629 0 989
60 61 544 0 990
60 61 544 0 991
60 60 549 0 992
60 60 549 0 993
60 60 549 0 994
60 60 592 0 995
60 60 592 0 996
60 60 644 0 997
60 60 644 0 998
60 60 644 0 999
60 61 563 0 1000
60 61 563 0 1001
60 60 581 0 1002
60 60 581 0 1003
60 60 581 0 1004
60 60 600 0 1005
60 60 600 0 1006
60 60 596 0 1007
60 60 596 0 1008
60 60 596 0 1009
60 61 523 0 1010
60 61 523 0 1011
60 60 558 0 1012
60 60 558 0 1013
60 60 558 0 1014
60 60 608 0 1015
60 60 608 0 1016
60 61 553 0 1017
60 61 553 0 1018
60 61 553 0 1019
60 61 519 0 1020
60 61 519 0 1021
60 60 577 0 1022
60 60 577 0 1023
60 60 577 0 1024
60 59 641 0 1025
60 59 641 0 1026
60 61 558 0 1027
60 61 558 0 1028
60 61 558 0 1029
60 61 547 0 1030
60 61 547 0 1031
60 60 577 0 1032
60 60 577 0 1033
60 60 577 0 1034
60 60 617 0 1035
60 60 617 0 1036
60 61 532 0 1037
60 61 532 0 1038
60 61 532 0 1039
60 61 547 0 1040
60 61 547 0 1041
60 60 572 0 1042
60 60 572 0 1043
60 60 572 0 1044
60 60 598 0 1045
60 60 598 0 1046
60 61 521 0 1047
60 61 521 0 1048
60 61 521 0 1049
60 60 541 0 1050
60 60 541 0 1051
60 60 592 0 1052
60 60 592 0 1053
60 60 592 0 1054
60 60 571 0 1055
60 60 571 0 1056
60 61 508 0 1057
60 61 508 0 1058
60 61 508 0 1059
60 60 549 0 1060
60 60 549 0 1061
60 59 619 0 1062
60 59 619 0 1063
60 59 619 0 1064
60 60 579 0 1065
60 60 579 0 1066
60 61 525 0 1067
60 61 525 0 1068
60 61 525 0 1069
60 60 566 0 1070
60 60 566 0 1071
60 59 636 0 1072
60 59 636 0 1073
60 59 636 0 1074
60 60 549 0 1075
60 60 549 0 1076
60 61 526 0 1077
60 61 526 0 1078
60 61 526 0 1079
60 60 576 0 1080
60 60 576 0 1081
60 59 636 0 1082
60 59 636 0 1083
60 59 636 0 1084
60 60 544 0 1085
60 60 544 0 1086
60 61 539 0 1087
60 61 539 0 1088
60 61 539 0 1089
60 59 570 0 1090
60 59 570 0 1091
60 60 634 0 1092
60 60 634 0 1093
60 60 634 0 1094
60 61 546 0 1095
60 61 546 0 1096
60 60 554 0 1097
60 60 554 0 1098
60 60 554 0 1099
60 60 576 0 1100
60 60 576 0 1101
60 60 598 0 1102
60 60 598 0 1103
60 60 598 0 1104
60 61 513 0 1105
60 61 513 0 1106
60 60 525 0 1107
60 60 525 0 1108
60 60 525 0 1109
60 60 587 0 1110
60 60 587 0 1111
60 60 581 0 1112
60 60 581 0 1113
60 60 581 0 1114
60 61 510 0 1115
60 61 510 0 1116
60 60 535 0 1117
60 60 535 0 1118
60 60 535 0 1119
60 60 588 0 1120
60 60 588 0 1121
60 61 531 0 1122
60 61 531 0 1123
60 61 531 0 1124
60 61 495 0 1125
60 61 495 0 1126
60 60 534 0 1127
60 60 534 0 1128
60 60 534 0 1129
60 60 595 0 1130
60 60 595 0 1131
60 61 510 0 1132
60 61 510 0 1133
60 61 510 0 1134
60 61 493 0 1135
60 61 493 0 1136
60 60 535 0 1137
60 60 535 0 1138
60 60 535 0 1139
60 59 620 0 1140
60 59 620 0 1141
60 60 540 0 1142
60 60 540 0 1143
60 60 540 0 1144
60 60 509 0 1145
60 60 509 0 1146
60 60 551 0 1147
60 60 551 0 1148
60 60 551 0 1149
60 59 594 0 1150
60 59 594 0 1151
60 61 508 0 1152
60 61 508 0 1153
60 61 508 0 1154
60 61 499 0 1155
60 61 499 0 1156
60 60 536 0 1157
60 60 536 0 1158
60 60 536 0 1159
60 59 607 0 1160
60 59 607 0 1161
61 61 598 0 1162
61 61 598 0 1163
61 61 598 0 1164
62 60 676 0 1165
62 60 676 0 1166
63 60 763 0 1167
63 60 763 0 1168
63 60 763 0 1169
64 61 840 0 1170
64 61 840 0 1171
65 62 821 0 1172
65 62 821 0 1173
65 62 821 0 1174
66 62 897 0 1175
66 62 897 0 1176
67 63 955 0 1177
67 63 955 0 1178
67 63 955 0 1179
68 65 924 0 1180
68 65 924 0 1181
69 65 983 0 1182
69 65 983 0 1183
69 65 983 0 1184
70 66 1038 0 1185
70 66 1038 0 1186
71 67 1004 0 1187
71 67 1004 0 1188
71 67 1004 0 1189
72 67 1074 0 1190
72 67 1074 0 1191
73 68 1117 0 1192
73 68 1117 0 1193
73 68 1117 0 1194
74 70 1089 0 1195
74 70 1089 0 1196
75 70 1166 0 1197
75 70 1166 0 1198
75 70 1166 0 1199
76 72 1187 0 1200
76 72 1187 0 1201
77 73 1189 0 1202
77 73 1189 0 1203
77 73 1189 0 1204
78 73 1249 0 1205
78 73 1249 0 1206
79 75 1240 0 1207
79 75 1240 0 1208
79 75 1240 0 1209
80 75 1284 0 1210
80 75 1284 0 1211
81 76 1352 0 1212
81 76 1352 0 1213
81 76 1352 0 1214
82 77 1335 0 1215
82 77 1335 0 1216
83 78 1387 0 1217
83 78 1387 0 1218
83 78 1387 0 1219
84 79 1433 0 1220
84 79 1433 0 1221
85 80 1423 0 1222
85 80 1423 0 1223
85 80 1423 0 1224
86 80 1500 0 1225
86 80 1500 0 1226
87 81 1521 0 1227
87 81 1521 0 1228
87 81 1521 0 1229
88 81 1624 0 1230
88 81 1624 0 1231
89 81 1756 0 1232
89 81 1756 0 1233
89 81 1756 0 1234
90 82 1791 0 1235
90 82 1791 0 1236
91 82 1886 0 1237
91 82 1886 0 1238
91 82 1886 0 1239
92 83 1990 0 1240
92 83 1990 0 1241
93 84 2001 0 1242
93 84 2001 0 1243
93 84 2001 0 1244
94 85 2085 0 1245
94 85 2085 0 1246
95 86 2127 0 1247
95 86 2127 0 1248
95 86 2127 0 1249
96 87 2169 0 1250
96 87 2169 0 1251
97 87 2246 0 1252
97 87 2246 0 1253
97 87 2246 0 1254
98 89 2249 0 1255
98 89 2249 0 1256
99 89 2339 0 1257
99 89 2339 0 1258
99 89 2339 0 1259
100 91 2350 0 1260
100 91 2350 0 1261
100 91 2338 0 1262
100 91 2338 0 1263
100 91 2338 0 1264
100 93 2307 0 1265
100 93 2307 0 1266
100 94 2242 0 1267
100 94 2242 0 1268
100 94 2242 0 1269
100 94 2259 0 1270
100 94 2259 0 1271
100 95 2194 0 1272
100 95 2194 0 1273
100 95 2194 0 1274
100 95 2210 0 1275
100 95 2210 0 1276
100 96 2162 0 1277
100 96 2162 0 1278
100 96 2162 0 1279
100 96 2164 0 1280
100 96 2164 0 1281
100 97 2156 0 1282
100 97 2156 0 1283
100 97 2156 0 1284
100 98 2094 0 1285
100 98 2094 0 1286
100 97 2141 0 1287
100 97 2141 0 1288
100 97 2141 0 1289
100 98 2092 0 1290
100 98 2092 0 1291
100 98 2098 0 1292
100 98 2098 0 1293
100 98 2098 0 1294
100 98 2105 0 1295
100 98 2105 0 1296
100 99 2042 0 1297
100 99 2042 0 1298
100 99 2042 0 1299
100 98 2099 0 1300
100 98 2099 0 1301
100 99 2050 0 1302
100 99 2050 0 1303
100 99 2050 0 1304
100 99 2066 0 1305
100 99 2066 0 1306
100 99 2083 0 1307
100 99 2083 0 1308
100 99 2083 0 1309
100 100 2026 0 1310
100 100 2026 0 1311
100 99 2089 0 1312
100 99 2089 0 1313
100 99 2089 0 1314
100 100 2042 0 1315
100 100 2042 0 1316
100 99 2059 0 1317
100 99 2059 0 1318
100 99 2059 0 1319
100 99 2072 0 1320
100 99 2072 0 1321
100 100 2026 0 1322
100 100 2026 0 1323
100 100 2026 0 1324
100 99 2076 0 1325
100 99 2076 0 1326
100 100 2031 0 1327
100 100 2031 0 1328
100 100 2031 0 1329
100 99 2059 0 1330
100 99 2059 0 1331
100 100 2064 0 1332
100 100 2064 0 1333
100 100 2064 0 1334
100 100 2010 0 1335
100 100 2010 0 1336
100 99 2076 0 1337
100 99 2076 0 1338
100 99 2076 0 1339
100 100 2041 0 1340
100 100 2041 0 1341
100 99 2066 0 1342
100 99 2066 0 1343
100 99 2066 0 1344
100 100 2073 0 1345
100 100 2073 0 1346
100 100 2035 0 1347
100 100 2035 0 1348
100 100 2035 0 1349
100 99 2088 0 1350
100 99 2088 0 1351
100 100 2060 0 1352
100 100 2060 0 1353
100 100 2060 0 1354
100 99 2091 0 1355
100 99 2091 0 1356
100 99 2109 0 1357
100 99 2109 0 1358
100 99 2109 0 1359
100 100 2059 0 1360
100 100 2059 0 1361
100 99 2109 0 1362
100 99 2109 0 1363
100 99 2109 0 1364
100 100 2073 0 1365
100 100 2073 0 1366
100 99 2088 0 1367
100 99 2088 0 1368
100 99 2088 0 1369
100 99 2107 0 1370
100 99 2107 0 1371
100 100 2053 0 1372
100 100 2053 0 1373
100 100 2053 0 1374
100 99 2100 0 1375
100 99 2100 0 1376
100 100 2060 0 1377
100 100 2060 0 1378
100 100 2060 0 1379
100 99 2089 0 1380
100 99 2089 0 1381
100 99 2110 0 1382
100 99 2110 0 1383
100 99 2110 0 1384
100 100 2067 0 1385
100 100 2067 0 1386
100 99 2124 0 1387
100 99 2124 0 1388
100 99 2124 0 1389
100 100 2082 0 1390
100 100 2082 0 1391
100 99 2103 0 1392
100 99 2103 0 1393
100 99 2103 0 1394
100 99 2125 0 1395
100 99 2125 0 1396
100 100 2078 0 1397
100 100 2078 0 1398
100 100 2078 0 1399
100 99 2128 0 1400
100 99 2128 0 1401
100 100 2086 0 1402
100 100 2086 0 1403
100 100 2086 0 1404
100 100 2108 0 1405
100 100 2108 0 1406
100 100 2131 0 1407
100 100 2131 0 1408
100 100 2131 0 1409
100 100 2086 0 1410
100 100 2086 0 1411
100 99 2132 0 1412
100 99 2132 0 1413
100 99 2132 0 1414
100 100 2086 0 1415
100 100 2086 0 1416
100 100 2110 0 1417
100 100 2110 0 1418
100 100 2110 0 1419
100 100 2125 0 1420
100 100 2125 0 1421
100 100 2093 0 1422
100 100 2093 0 1423
100 100 2093 0 1424
100 99 2136 0 1425
100 99 2136 0 1426
100 100 2096 0 1427
100 100 2096 0 1428
100 100 2096 0 1429
100 99 2134 0 1430
100 99 2134 0 1431
100 100 2137 0 1432
100 100 2137 0 1433
100 100 2137 0 1434
100 100 2107 0 1435
100 100 2107 0 1436
100 99 2141 0 1437
100 99 2141 0 1438
100 99 2141 0 1439
100 100 2102 0 1440
100 100 2102 0 1441
100 99 2146 0 1442
100 99 2146 0 1443
100 99 2146 0 1444
100 100 2135 0 1445
100 100 2135 0 1446
100 100 2120 0 1447
100 100 2120 0 1448
100 100 2120 0 1449
100 100 2159 0 1450
100 100 2159 0 1451
100 100 2108 0 1452
100 100 2108 0 1453
100 100 2108 0 1454
100 99 2148 0 1455
100 99 2148 0 1456
100 100 2124 0 1457
100 100 2124 0 1458
100 100 2124 0 1459
100 100 2137 0 1460
100 100 2137 0 1461
100 100 2159 0 1462
100 100 2159 0 1463
100 100 2159 0 1464
100 100 2112 0 1465
100 100 2112 0 1466
100 99 2172 0 1467
100 99 2172 0 1468
100 99 2172 0 1469
100 100 2126 0 1470
100 100 2126 0 1471
100 99 2148 0 1472
100 99 2148 0 1473
100 99 2148 0 1474
100 99 2176 0 1475
100 99 2176 0 1476
100 100 2135 0 1477
100 100 2135 0 1478
100 100 2135 0 1479
100 99 2200 0 1480
100 99 2200 0 1481
100 100 2151 0 1482
100 100 2151 0 1483
100 100 2151 0 1484
100 99 2179 0 1485
100 99 2179 0 1486
100 99 2194 0 1487
100 99 2194 0 1488
100 99 2194 0 1489
100 100 2149 0 1490
100 100 2149 0 1491
100 99 2191 0 1492
100 99 2191 0 1493
100 99 2191 0 1494
100 100 2147 0 1495
100 100 2147 0 1496
100 99 2180 0 1497
100 99 2180 0 1498
100 99 2180 0 1499
100 100 2172 0 1500
100 100 2172 0 1501
100 100 2169 0 1502
100 100 2169 0 1503
100 100 2169 0 1504
100 100 2194 0 1505
100 100 2194 0 1506
100 100 2145 0 1507
100 100 2145 0 1508
100 100 2145 0 1509
100 100 2193 0 1510
100 100 2193 0 1511
100 100 2158 0 1512
100 100 2158 0 1513
100 100 2158 0 1514
100 100 2178 0 1515
100 100 2178 0 1516
100 100 2190 0 1517
100 100 2190 0 1518
100 100 2190 0 1519
100 100 2146 0 1520
100 100 2146 0 1521
100 99 2212 0 1522
100 99 2212 0 1523
100 99 2212 0 1524
100 100 2160 0 1525
100 100 2160 0 1526
100 100 2190 0 1527
100 100 2190 0 1528
100 100 2190 0 1529
100 100 2207 0 1530
100 100 2207 0 1531
100 100 2177 0 1532
100 100 2177 0 1533
100 100 2177 0 1534
100 99 2208 0 1535
100 99 2208 0 1536
100 100 2165 0 1537
100 100 2165 0 1538
100 100 2165 0 1539
100 99 2205 0 1540
100 99 2205 0 1541
100 100 2199 0 1542
100 100 2199 0 1543
100 100 2199 0 1544
100 100 2188 0 1545
100 100 2188 0 1546
100 100 2215 0 1547
100 100 2215 0 1548
100 100 2215 0 1549
100 100 2172 0 1550
100 100 2172 0 1551
100 99 2212 0 1552
100 99 2212 0 1553
100 99 2212 0 1554
100 100 2170 0 1555
100 100 2170 0 1556
100 100 2192 0 1557
100 100 2192 0 1558
100 100 2192 0 1559
100 100 2209 0 1560
100 100 2209 0 1561
100 100 2172 0 1562
100 100 2172 0 1563
100 100 2172 0 1564
100 99 2226 0 1565
100 99 2226 0 1566
100 100 2180 0 1567
100 100 2180 0 1568
100 100 2180 0 1569
100 100 2211 0 1570
100 100 2211 0 1571
100 100 2215 0 1572
100 100 2215 0 1573
100 100 2215 0 1574
100 100 2188 0 1575
100 100 2188 0 1576
100 100 2224 0 1577
100 100 2224 0 1578
100 100 2224 0 1579
100 100 2192 0 1580
100 100 2192 0 1581
100 100 2224 0 1582
100 100 2224 0 1583
100 100 2224 0 1584
100 100 2201 0 1585
100 100 2201 0 1586
100 100 2215 0 1587
100 100 2215 0 1588
100 100 2215 0 1589
100 100 2233 0 1590
100 100 2233 0 1591
100 100 2183 0 1592
100 100 2183 0 1593
100 100 2183 0 1594
100 99 2238 0 1595
100 99 2238 0 1596
100 100 2193 0 1597
100 100 2193 0 1598
100 100 2193 0 1599
100 100 2216 0 1600
100 100 2216 0 1601
100 100 2230 0 1602
100 100 2230 0 1603
100 100 2230 0 1604
100 100 2198 0 1605
100 100 2198 0 1606
100 100 2217 0 1607
100 100 2217 0 1608
100 100 2217 0 1609
100 100 2181 0 1610
100 100 2181 0 1611
100 100 2213 0 1612
100 100 2213 0 1613
100 100 2213 0 1614
100 100 2191 0 1615
100 100 2191 0 1616
100 100 2191 0 1617
100 100 2191 0 1618
100 100 2191 0 1619
100 100 2219 0 1620
100 100 2219 0 1621
100 100 2174 0 1622
100 100 2174 0 1623
100 100 2174 0 1624
100 100 2211 0 1625
100 100 2211 0 1626
100 100 2175 0 1627
100 100 2175 0 1628
100 100 2175 0 1629
100 100 2199 0 1630
100 100 2199 0 1631
100 100 2218 0 1632
100 100 2218 0 1633
100 100 2218 0 1634
100 100 2178 0 1635
100 100 2178 0 1636
100 99 2224 0 1637
100 99 2224 0 1638
100 99 2224 0 1639
100 100 2194 0 1640
100 100 2194 0 1641
100 99 2232 0 1642
100 99 2232 0 1643
100 99 2232 0 1644
100 100 2210 0 1645
100 100 2210 0 1646
100 100 2198 0 1647
100 100 2198 0 1648
100 100 2198 0 1649
100 99 2231 0 1650
100 99 2231 0 1651
100 100 2191 0 1652
100 100 2191 0 1653
100 100 2191 0 1654
100 99 2230 0 1655
100 99 2230 0 1656
100 100 2190 0 1657
100 100 2190 0 1658
100 100 2190 0 1659
100 100 2219 0 1660
100 100 2219 0 1661
100 100 2230 0 1662
100 100 2230 0 1663
100 100 2230 0 1664
100 100 2181 0 1665
100 100 2181 0 1666
100 99 2247 0 1667
100 99 2247 0 1668
100 99 2247 0 1669
100 100 2203 0 1670
100 100 2203 0 1671
100 99 2228 0 1672
100 99 2228 0 1673
100 99 2228 0 1674
100 100 2244 0 1675
100 100 2244 0 1676
100 100 2218 0 1677
100 100 2218 0 1678
100 100 2218 0 1679
100 99 2257 0 1680
100 99 2257 0 1681
100 100 2228 0 1682
100 100 2228 0 1683
100 100 2228 0 1684
100 99 2253 0 1685
100 99 2253 0 1686
100 100 2223 0 1687
100 100 2223 0 1688
100 100 2223 0 1689
100 100 2244 0 1690
100 100 2244 0 1691
100 100 2251 0 1692
100 100 2251 0 1693
100 100 2251 0 1694
100 100 2207 0 1695
100 100 2207 0 1696
100 100 2255 0 1697
100 100 2255 0 1698
100 100 2255 0 1699
100 100 2216 0 1700
100 100 2216 0 1701
100 100 2251 0 1702
100 100 2251 0 1703
100 100 2251 0 1704
100 100 2253 0 1705
100 100 2253 0 1706
100 100 2233 0 1707
100 100 2233 0 1708
100 100 2233 0 1709
100 100 2268 0 1710
100 100 2268 0 1711
100 100 2215 0 1712
100 100 2215 0 1713
100 100 2215 0 1714
100 100 2264 0 1715
100 100 2264 0 1716
100 100 2225 0 1717
100 100 2225 0 1718
100 100 2225 0 1719
100 100 2241 0 1720
100 100 2241 0 1721
100 100 2253 0 1722
100 100 2253 0 1723
100 100 2253 0 1724
100 100 2205 0 1725
100 100 2205 0 1726
100 100 2262 0 1727
100 100 2262 0 1728
100 100 2262 0 1729
100 100 2224 0 1730
100 100 2224 0 1731
100 100 2254 0 1732
100 100 2254 0 1733
100 100 2254 0 1734
100 100 2257 0 1735
100 100 2257 0 1736
100 100 2232 0 1737
100 100 2232 0 1738
100 100 2232 0 1739
100 100 2263 0 1740
100 100 2263 0 1741
100 100 2224 0 1742
100 100 2224 0 1743
100 100 2224 0 1744
100 100 2254 0 1745
100 100 2254 0 1746
100 100 2216 0 1747
100 100 2216 0 1748
100 100 2216 0 1749
100 100 2237 0 1750
100 100 2237 0 1751
100 100 2253 0 1752
100 100 2253 0 1753
100 100 2253 0 1754
100 100 2210 0 1755
100 100 2210 0 1756
100 100 2245 0 1757
100 100 2245 0 1758
100 100 2245 0 1759
100 101 2211 0 1760
100 101 2211 0 1761
100 100 2241 0 1762
100 100 2241 0 1763
100 100 2241 0 1764
100 100 2240 0 1765
100 100 2240 0 1766
100 100 2224 0 1767
100 100 2224 0 1768
100 100 2224 0 1769
100 100 2259 0 1770
100 100 2259 0 1771
100 100 2217 0 1772
100 100 2217 0 1773
100 100 2217 0 1774
100 100 2252 0 1775
100 100 2252 0 1776
100 101 2209 0 1777
100 101 2209 0 1778
100 101 2209 0 1779
100 100 2225 0 1780
100 100 2225 0 1781
100 100 2242 0 1782
100 100 2242 0 1783
100 100 2242 0 1784
100 100 2199 0 1785
100 100 2199 0 1786
100 100 2239 0 1787
100 100 2239 0 1788
100 100 2239 0 1789
100 100 2205 0 1790
100 100 2205 0 1791
100 100 2231 0 1792
100 100 2231 0 1793
100 100 2231 0 1794
100 100 2225 0 1795
100 100 2225 0 1796
100 100 2214 0 1797
100 100 2214 0 1798
100 100 2214 0 1799
100 100 2245 0 1800
100 100 2245 0 1801
100 100 2202 0 1802
100 100 2202 0 1803
100 100 2202 0 1804
100 100 2247 0 1805
100 100 2247 0 1806
100 100 2213 0 1807
100 100 2213 0 1808
100 100 2213 0 1809
100 100 2221 0 1810
100 100 2221 0 1811
100 100 2247 0 1812
100 100 2247 0 1813
100 100 2247 0 1814
100 100 2214 0 1815
100 100 2214 0 1816
100 100 2254 0 1817
100 100 2254 0 1818
100 100 2254 0 1819
100 100 2207 0 1820
100 100 2207 0 1821
100 100 2243 0 1822
100 100 2243 0 1823
100 100 2243 0 1824
100 100 2228 0 1825
100 100 2228 0 1826
100 100 2227 0 1827
100 100 2227 0 1828
100 100 2227 0 1829
100 100 2244 0 1830
100 100 2244 0 1831
100 100 2202 0 1832
100 100 2202 0 1833
100 100 2202 0 1834
100 100 2251 0 1835
100 100 2251 0 1836
100 100 2209 0 1837
100 100 2209 0 1838
100 100 2209 0 1839
100 100 2235 0 1840
100 100 2235 0 1841
100 100 2230 0 1842
100 100 2230 0 1843
100 100 2230 0 1844
100 100 2196 0 1845
100 100 2196 0 1846
100 100 2232 0 1847
100 100 2232 0 1848
100 100 2232 0 1849
100 100 2203 0 1850
100 100 2203 0 1851
100 100 2234 0 1852
100 100 2234 0 1853
100 100 2234 0 1854
100 100 2210 0 1855
100 100 2210 0 1856
100 100 2223 0 1857
100 100 2223 0 1858
100 100 2223 0 1859
100 100 2241 0 1860
100 100 2241 0 1861
100 100 2203 0 1862
100 100 2203 0 1863
100 100 2203 0 1864
100 99 2253 0 1865
100 99 2253 0 1866
100 100 2215 0 1867
100 100 2215 0 1868
100 100 2215 0 1869
100 100 2237 0 1870
100 100 2237 0 1871
100 100 2241 0 1872
100 100 2241 0 1873
100 100 2241 0 1874
100 100 2208 0 1875
100 100 2208 0 1876
100 99 2263 0 1877
100 99 2263 0 1878
100 99 2263 0 1879
100 100 2221 0 1880
100 100 2221 0 1881
100 99 2257 0 1882
100 99 2257 0 1883
100 99 2257 0 1884
100 100 2234 0 1885
100 100 2234 0 1886
100 100 2247 0 1887
100 100 2247 0 1888
100 100 2247 0 1889
100 99 2279 0 1890
100 99 2279 0 1891
100 100 2228 0 1892
100 100 2228 0 1893
100 100 2228 0 1894
100 99 2278 0 1895
100 99 2278 0 1896
100 100 2232 0 1897
100 100 2232 0 1898
100 100 2232 0 1899
100 100 2245 0 1900
100 100 2245 0 1901
100 100 2249 0 1902
100 100 2249 0 1903
100 100 2249 0 1904
100 100 2225 0 1905
100 100 2225 0 1906
100 99 2261 0 1907
100 99 2261 0 1908
100 99 2261 0 1909
100 100 2219 0 1910
100 100 2219 0 1911
100 100 2265 0 1912
100 100 2265 0 1913
100 100 2265 0 1914
100 100 2241 0 1915
100 100 2241 0 1916
100 100 2255 0 1917
100 100 2255 0 1918
100 100 2255 0 1919
100 100 2263 0 1920
100 100 2263 0 1921
100 100 2226 0 1922
100 100 2226 0 1923
100 100 2226 0 1924
100 99 2272 0 1925
100 99 2272 0 1926
100 100 2225 0 1927
100 100 2225 0 1928
100 100 2225 0 1929
100 100 2257 0 1930
100 100 2257 0 1931
100 100 2266 0 1932
100 100 2266 0 1933
100 100 2266 0 1934
100 100 2238 0 1935
100 100 2238 0 1936
100 100 2269 0 1937
100 100 2269 0 1938
100 100 2269 0 1939
100 100 2218 0 1940
100 100 2218 0 1941
100 100 2259 0 1942
100 100 2259 0 1943
100 100 2259 0 1944
100 100 2222 0 1945
100 100 2222 0 1946
100 100 2239 0 1947
100 100 2239 0 1948
100 100 2239 0 1949
100 100 2248 0 1950
100 100 2248 0 1951
100 100 2210 0 1952
100 100 2210 0 1953
100 100 2210 0 1954
100 100 2256 0 1955
100 100 2256 0 1956
100 100 2214 0 1957
100 100 2214 0 1958
100 100 2214 0 1959
100 100 2245 0 1960
100 100 2245 0 1961
100 100 2235 0 1962
100 100 2235 0 1963
100 100 2235 0 1964
100 100 2226 0 1965
100 100 2226 0 1966
100 100 2243 0 1967
100 100 2243 0 1968
100 100 2243 0 1969
100 100 2201 0 1970
100 100 2201 0 1971
100 100 2251 0 1972
100 100 2251 0 1973
100 100 2251 0 1974
100 100 2205 0 1975
100 100 2205 0 1976
100 100 2222 0 1977
100 100 2222 0 1978
100 100 2222 0 1979
100 100 2231 0 1980
100 100 2231 0 1981
100 100 2203 0 1982
100 100 2203 0 1983
100 100 2203 0 1984
100 100 2243 0 1985
100 100 2243 0 1986
100 100 2206 0 1987
100 100 2206 0 1988
100 100 2206 0 1989
100 100 2242 0 1990
100 100 2242 0 1991
100 100 2233 0 1992
100 100 2233 0 1993
100 100 2233 0 1994
100 100 2228 0 1995
100 100 2228 0 1996
100 100 2241 0 1997
100 100 2241 0 1998
100 100 2241 0 1999