674 -180 0 0 0
1267 -49 0 0 1
877 101 0 0 2
1220 161 0 0 3
1633 293 0 0 4
1968 399 0 0 5
2571 570 0 0 6
2923 719 0 0 7
2992 913 0 0 8
2718 1250 0 0 9
2487 1371 0 0 10
2264 1481 0 0 11
2364 1614 0 0 12
2954 1670 0 0 13
2970 1753 0 0 14
2395 1924 0 0 15
2083 2028 0 0 16
1677 1984 0 0 17
2194 1965 0 0 18
2836 1904 0 0 19
2963 1906 0 0 20
2571 2028 0 0 21
1928 2103 0 0 22
1887 1996 0 0 23
2264 1905 0 0 24
2718 1836 0 0 25
2977 1816 0 0 26
2970 1869 0 0 27
2934 1921 0 0 28
2923 1925 0 0 29
2944 2048 0 0 30
2970 2116 0 0 31
2988 2082 0 0 32
2992 2127 0 0 33
2988 2166 0 0 34
2992 2136 0 0 35
2983 2185 0 0 36
2944 2194 0 0 37
2910 2255 0 0 38
2883 2287 0 0 39
2853 2260 0 0 40
2800 2366 0 0 41
2781 2289 0 0 42
2740 2211 0 0 43
2673 2212 0 0 44
2623 2313 0 0 45
2544 2381 0 0 46
2427 2398 0 0 47
2364 2429 0 0 48
2331 2490 0 0 49
2264 2359 0 0 50
2158 2426 0 0 51
2083 2522 0 0 52
1968 2567 0 0 53
1887 2625 0 0 54
1720 2603 0 0 55
1633 2578 0 0 56
1500 2604 0 0 57
1361 2662 0 0 58
1172 2688 0 0 59
1075 2670 0 0 60
927 2646 0 0 61
776 2641 0 0 62
674 2583 0 0 63
520 2592 0 0 64
365 2500 0 0 65
261 2484 0 0 66
104 2385 0 0 67
0 2371 0 0 687
-104 2238 0 0 69
-209 2248 0 0 70
-365 2102 0 0 71
-469 2023 0 0 72
-623 1987 0 0 73
-776 1940 0 0 74
-927 1829 0 0 75
-1075 1739 0 0 76
-1220 1532 0 0 77
-1315 1361 0 0 78
-1408 1177 0 0 79
-1589 1009 0 0 80
-1677 846 0 0 81
-1846 739 0 0 82
-1928 530 0 0 83
-2083 434 0 0 84
-2194 279 0 0 85
-2298 66 0 0 86
-2395 -180 0 0 87
-2487 -302 0 0 88
-2571 -446 0 0 89
-2673 -545 0 0 90
-2761 -773 0 0 91
-2819 -854 0 0 92
-2868 -1070 0 0 93
-2910 -1164 0 0 94
-2954 -1260 0 0 95
-2970 -1496 0 0 96
-2983 -1728 0 0 97
-2995 -1936 0 0 98
-3000 -2036 0 0 99
-2998 -2150 0 0 100
-2983 -2252 0 0 101
-2970 -2474 0 0 102
-2944 -2626 0 0 103
-2923 -2677 0 0 104
-2883 -2833 0 0 105
-2836 -2974 0 0 106
-2800 -3071 0 0 107
-2761 -3126 0 0 108
-2696 -3238 0 0 109
-2623 -3301 0 0 110
-2544 -3413 0 0 111
-2457 -3406 0 0 112
-2395 -3453 0 0 113
-2298 -3498 0 0 114
-2194 -3490 0 0 115
-2083 -3604 0 0 116
-1968 -3555 0 0 117
-1805 -3597 0 0 118
-1677 -3574 0 0 119
-1545 -3548 0 0 120
-1408 -3524 0 0 121
-1267 -3541 0 0 122
-1123 -3461 0 0 123
-976 -3360 0 0 124
-877 -3298 0 0 125
-725 -3214 0 0 126
-572 -3194 0 0 127
-417 -3275 0 0 128
-261 -3209 0 0 129
-104 -3108 0 0 130
0 -2933 0 0 13130
104 -2771 0 0 132
261 -2699 0 0 133
417 -2695 0 0 134
572 -2587 0 0 135
776 -2380 0 0 136
927 -2157 0 0 137
1026 -2014 0 0 138
1172 -1918 0 0 139
1361 -1834 0 0 140
1545 -1712 0 0 141
1720 -1529 0 0 142
1846 -1326 0 0 143
1968 -1161 0 0 144
2045 -934 0 0 145
2194 -787 0 0 146
2298 -572 0 0 147
2427 -316 0 0 148
2516 -140 0 0 149
2623 -15 0 0 150
2718 213 0 0 151
2800 428 0 0 152
2868 720 0 0 153
2910 1046 0 0 154
2944 1326 0 0 155
2963 1435 0 0 156
2983 1624 0 0 157
2998 1791 0 0 158
2995 2031 0 0 159
2983 2113 0 0 160
2970 2241 0 0 161
2944 2468 0 0 162
2910 2641 0 0 163
2868 2787 0 0 164
2836 2926 0 0 165
2761 3113 0 0 166
2673 3243 0 0 167
2623 3313 0 0 168
2598 3349 0 0 169
2487 3524 0 0 170
2395 3573 0 0 171
2298 3686 0 0 172
2158 3740 0 0 173
2007 3723 0 0 174
1968 3718 0 0 175
1846 3746 0 0 176
1720 3701 0 0 177
1589 3752 0 0 178
1361 3717 0 0 179
1220 3579 0 0 180
1172 3543 0 0 181
1026 3432 0 0 182
877 3435 0 0 183
725 3381 0 0 184
572 3217 0 0 185
469 3083 0 0 186
365 2963 0 0 187
261 2804 0 0 188
157 2774 0 0 189
52 2639 0 0 190
0 2510 0 0 191
-157 2421 0 0 192
-261 2355 0 0 193
-469 2238 0 0 194
-572 2067 0 0 195
-674 1912 0 0 196
-826 1811 0 0 197
-927 1654 0 0 198
-1123 1579 0 0 199
-1220 1397 0 0 200
-1361 1231 0 0 201
-1500 1106 0 0 202
-1589 922 0 0 203
-1720 750 0 0 204
-1846 629 0 0 205
-1968 471 0 0 206
-2083 351 0 0 207
-2194 76 0 0 208
-2229 -82 0 0 209
-2331 -279 0 0 210
-2427 -359 0 0 211
-2544 -509 0 0 212
-2623 -619 0 0 213
-2718 -745 0 0 214
-2781 -880 0 0 215
-2836 -1059 0 0 216
-2883 -1077 0 0 217
-2923 -1293 0 0 218
-2944 -1452 0 0 219
-2954 -1483 0 0 220
-2977 -1678 0 0 221
-2992 -1880 0 0 222
-3000 -2032 0 0 223
-2998 -2163 0 0 224
-2992 -2329 0 0 225
-2977 -2427 0 0 226
-2944 -2606 0 0 227
-2910 -2745 0 0 228
-2883 -2826 0 0 229
-2853 -2936 0 0 230
-2819 -3026 0 0 231
-2761 -3107 0 0 232
-2718 -3224 0 0 233
-2648 -3315 0 0 234
-2571 -3412 0 0 235
-2487 -3443 0 0 236
-2395 -3488 0 0 237
-2331 -3561 0 0 238
-2194 -3612 0 0 239
-2083 -3620 0 0 240
-1968 -3725 0 0 241
-1846 -3664 0 0 242
-1720 -3629 0 0 243
-1589 -3616 0 0 244
-1454 -3600 0 0 245
-1315 -3588 0 0 246
-1123 -3499 0 0 247
-976 -3473 0 0 248
-877 -3381 0 0 249
-725 -3378 0 0 250
-520 -3338 0 0 251
-365 -3265 0 0 252
-313 -3153 0 0 253
-157 -3125 0 0 254
52 -3047 0 0 2554
209 -2898 0 0 256
365 -2757 0 0 257
469 -2622 0 0 258
623 -2494 0 0 259
776 -2427 0 0 260
976 -2253 0 0 261
1075 -2146 0 0 262
1267 -1987 0 0 263
1408 -1802 0 0 264
1500 -1599 0 0 265
1677 -1436 0 0 266
1805 -1238 0 0 267
1968 -1096 0 0 268
2083 -937 0 0 269
2194 -710 0 0 270
2331 -555 0 0 271
2395 -317 0 0 272
2487 -124 0 0 273
2648 35 0 0 2743
2740 269 0 0 275
2800 475 0 0 276
2868 636 0 0 277
2910 990 0 0 278
2944 1207 0 0 279
2970 1414 0 0 280
2988 1592 0 0 281
2999 1797 0 0 282
2995 1988 0 0 283
2983 2081 0 0 284
2977 2271 0 0 285
2954 2448 0 0 286
2923 2637 0 0 287
2868 2806 0 0 288
2819 2960 0 0 289
2740 3126 0 0 290
2673 3168 0 0 291
2598 3365 0 0 292
2544 3361 0 0 293
2487 3426 0 0 294
2427 3463 0 0 295
2298 3591 0 0 296
2194 3695 0 0 297
2045 3690 0 0 298
1928 3693 0 0 299
1846 3709 0 0 300
1720 3663 0 0 301
1545 3712 0 0 302
1454 3676 0 0 303
1315 3655 0 0 304
1172 3606 0 0 305
1026 3528 0 0 306
877 3465 0 0 307
776 3348 0 0 308
623 3203 0 0 309
520 3141 0 0 310
313 3054 0 0 311
209 2935 0 0 312
104 2765 0 0 313
0 2680 0 0 3143
-52 2570 0 0 315
-209 2430 0 0 316
-313 2308 0 0 317
-417 2135 0 0 318
-520 2001 0 0 319
-623 1895 0 0 320
-776 1776 0 0 321
-927 1683 0 0 322
-1123 1588 0 0 323
-1220 1391 0 0 324
-1361 1241 0 0 325
-1500 1089 0 0 326
-1589 938 0 0 327
-1677 721 0 0 328
-1846 638 0 0 329
-1968 455 0 0 330
-2007 229 0 0 331
-2158 154 0 0 332
-2298 -83 0 0 333
-2331 -226 0 0 334
-2427 -316 0 0 335
-2544 -472 0 0 336
-2623 -596 0 0 337
-2718 -742 0 0 338
-2800 -817 0 0 339
-2853 -952 0 0 340
-2883 -1185 0 0 341
-2923 -1297 0 0 342
-2944 -1444 0 0 343
-2970 -1591 0 0 344
-2983 -1730 0 0 345
-2992 -1885 0 0 346
-2999 -2094 0 0 347
-2998 -2167 0 0 348
-2992 -2301 0 0 349
-2983 -2397 0 0 350
-2963 -2583 0 0 351
-2934 -2746 0 0 352
-2910 -2849 0 0 353
-2853 -2945 0 0 354
-2819 -3085 0 0 355
-2761 -3170 0 0 356
-2718 -3283 0 0 357
-2648 -3273 0 0 358
-2571 -3451 0 0 359
-2457 -3488 0 0 360
-2395 -3455 0 0 361
-2298 -3542 0 0 362
-2229 -3482 0 0 363
-2121 -3585 0 0 364
-2007 -3616 0 0 365
-1887 -3588 0 0 366
-1763 -3614 0 0 367
-1589 -3641 0 0 368
-1454 -3621 0 0 369
-1267 -3677 0 0 370
-1075 -3572 0 0 371
-1026 -3432 0 0 372
-877 -3347 0 0 373
-725 -3288 0 0 374
-623 -3276 0 0 375
-469 -3287 0 0 376
-261 -3272 0 0 377
-104 -3114 0 0 378
52 -3009 0 0 3798
157 -2908 0 0 380
313 -2780 0 0 381
417 -2629 0 0 382
572 -2545 0 0 383
725 -2331 0 0 384
826 -2270 0 0 385
1026 -2058 0 0 386
1220 -1991 0 0 387
1361 -1802 0 0 388
1454 -1664 0 0 389
1677 -1515 0 0 390
1805 -1315 0 0 391
1968 -1111 0 0 392
2045 -1000 0 0 393
2158 -794 0 0 394
2264 -524 0 0 395
2395 -335 0 0 396
2487 -165 0 0 397
2598 35 0 0 3987
2718 144 0 0 399
2800 403 0 0 400
2853 669 0 0 401
2910 935 0 0 402
2944 1228 0 0 403
2977 1409 0 0 404
2988 1598 0 0 405
2998 1739 0 0 406
2998 1896 0 0 407
2988 2032 0 0 408
2970 2158 0 0 409
2944 2374 0 0 410
2910 2565 0 0 411
2868 2723 0 0 412
2836 2939 0 0 413
2761 3091 0 0 414
2696 3148 0 0 415
2623 3226 0 0 416
2598 3301 0 0 417
2516 3454 0 0 418
2395 3550 0 0 419
2298 3631 0 0 420
2194 3659 0 0 421
2083 3649 0 0 422
2007 3683 0 0 423
1887 3738 0 0 424
1763 3793 0 0 425
1589 3730 0 0 426
1408 3707 0 0 427
1315 3543 0 0 428
1172 3557 0 0 429
1075 3487 0 0 430
927 3373 0 0 431
826 3368 0 0 432
623 3328 0 0 433
469 3178 0 0 434
313 3072 0 0 435
261 2919 0 0 436
157 2742 0 0 437
0 2698 0 0 4387
-52 2604 0 0 439
-157 2513 0 0 440
-313 2339 0 0 441
-365 2171 0 0 442
-520 2098 0 0 443
-623 1937 0 0 444
-776 1877 0 0 445
-976 1754 0 0 446
-1123 1607 0 0 447
-1172 1395 0 0 448
-1267 1219 0 0 449
-1454 1070 0 0 450
-1589 981 0 0 451
-1720 800 0 0 452
-1805 638 0 0 453
-1928 505 0 0 454
-2045 319 0 0 455
-2158 68 0 0 456
-2229 -9 0 0 457
-2331 -116 0 0 458
-2457 -347 0 0 459
-2544 -467 0 0 460
-2623 -602 0 0 461
-2718 -711 0 0 462
-2781 -875 0 0 463
-2836 -1040 0 0 464
-2868 -1169 0 0 465
-2910 -1351 0 0 466
-2944 -1389 0 0 467
-2963 -1543 0 0 468
-2977 -1711 0 0 469
-2992 -1842 0 0 470
-2999 -2004 0 0 471
-2999 -2139 0 0 472
-2992 -2313 0 0 473
-2988 -2454 0 0 474
-2963 -2556 0 0 475
-2934 -2670 0 0 476
-2910 -2811 0 0 477
-2853 -2908 0 0 478
-2800 -3004 0 0 479
-2761 -3149 0 0 480
-2696 -3192 0 0 481
-2648 -3350 0 0 482
-2544 -3412 0 0 483
-2457 -3457 0 0 484
-2427 -3450 0 0 485
-2331 -3490 0 0 486
-2264 -3527 0 0 487
-2194 -3583 0 0 488
-2045 -3657 0 0 489
-1887 -3694 0 0 490
-1763 -3696 0 0 491
-1633 -3649 0 0 492
-1408 -3661 0 0 493
-1267 -3600 0 0 494
-1123 -3527 0 0 495
-1026 -3448 0 0 496
-927 -3362 0 0 497
-826 -3320 0 0 498
-623 -3282 0 0 499
-469 -3254 0 0 500
-261 -3209 0 0 501
-157 -3077 0 0 502
-52 -3006 0 0 503
104 -2892 0 0 504
313 -2815 0 0 505
469 -2715 0 0 506
623 -2536 0 0 507
725 -2380 0 0 508
877 -2288 0 0 509
1026 -2113 0 0 510
1172 -2048 0 0 511
1361 -1877 0 0 512
1500 -1686 0 0 513
1633 -1471 0 0 514
1763 -1357 0 0 515
1887 -1174 0 0 516
2045 -1002 0 0 517
2158 -821 0 0 518
2264 -574 0 0 519
2395 -417 0 0 520
2516 -189 0 0 521
2598 21 0 0 5221
2696 227 0 0 523
2781 426 0 0 524
2836 678 0 0 525
2883 893 0 0 526
2934 1192 0 0 527
2963 1396 0 0 528
2983 1543 0 0 529
2998 1689 0 0 530
2998 1864 0 0 531
2988 2049 0 0 532
2970 2213 0 0 533
2954 2406 0 0 534
2923 2554 0 0 535
2897 2702 0 0 536
2836 2876 0 0 537
2781 3025 0 0 538
2696 3091 0 0 539
2648 3269 0 0 540
2571 3307 0 0 541
2516 3517 0 0 542
2427 3563 0 0 543
2331 3591 0 0 544
2229 3661 0 0 545
2083 3706 0 0 546
2007 3667 0 0 547
1887 3689 0 0 548
1763 3676 0 0 549
1633 3701 0 0 550
1500 3718 0 0 551
1361 3591 0 0 552
1220 3604 0 0 553
1026 3504 0 0 554
927 3453 0 0 555
826 3451 0 0 556
623 3324 0 0 557
520 3207 0 0 558
417 3084 0 0 559
313 2978 0 0 560
157 2876 0 0 561
52 2724 0 0 562
-52 2658 0 0 563
-209 2537 0 0 564
-313 2382 0 0 565
-417 2226 0 0 566
-520 2068 0 0 567
-623 1909 0 0 568
-776 1837 0 0 569
-877 1724 0 0 570
-1075 1570 0 0 571
-1172 1410 0 0 572
-1267 1257 0 0 573
-1361 1020 0 0 574
-1500 916 0 0 575
-1633 796 0 0 576
-1805 687 0 0 577
-1928 565 0 0 578
-2045 383 0 0 579
-2121 76 0 0 580
-2194 -1 0 0 581
-2331 -114 0 0 582
-2457 -211 0 0 583
-2544 -424 0 0 584
-2623 -573 0 0 585
-2673 -720 0 0 586
-2740 -897 0 0 587
-2819 -988 0 0 588
-2868 -1127 0 0 589
-2897 -1266 0 0 590
-2934 -1396 0 0 591
-2963 -1551 0 0 592
-2983 -1720 0 0 593
-2992 -1861 0 0 594
-2998 -2033 0 0 595
-2998 -2142 0 0 596
-2992 -2248 0 0 597
-2988 -2454 0 0 598
-2970 -2580 0 0 599
-2944 -2681 0 0 600
-2910 -2810 0 0 601
-2883 -2912 0 0 602
-2836 -3047 0 0 603
-2781 -3126 0 0 604
-2718 -3179 0 0 605
-2673 -3279 0 0 606
-2571 -3373 0 0 607
-2487 -3476 0 0 608
-2395 -3516 0 0 609
-2331 -3519 0 0 610
-2229 -3546 0 0 611
-2121 -3585 0 0 612
-2045 -3650 0 0 613
-1887 -3653 0 0 614
-1720 -3611 0 0 615
-1633 -3534 0 0 616
-1500 -3564 0 0 617
-1315 -3582 0 0 618
-1172 -3528 0 0 619
-1026 -3528 0 0 620
-927 -3417 0 0 621
-776 -3365 0 0 622
-623 -3299 0 0 623
-469 -3230 0 0 624
-365 -3225 0 0 625
-157 -2984 0 0 626
-104 -2934 0 0 627
52 -2880 0 0 6287
209 -2915 0 0 629
417 -2800 0 0 630
572 -2693 0 0 631
725 -2518 0 0 632
877 -2346 0 0 633
1026 -2242 0 0 634
1172 -2046 0 0 635
1315 -1841 0 0 636
1454 -1645 0 0 637
1589 -1463 0 0 638
1720 -1303 0 0 639
1887 -1158 0 0 640
2007 -1005 0 0 641
2121 -823 0 0 642
2264 -653 0 0 643
2395 -442 0 0 644
2487 -294 0 0 645
2571 1 0 0 64645
2673 191 0 0 647
2761 428 0 0 648
2836 609 0 0 649
2897 831 0 0 650
2934 1126 0 0 651
2963 1314 0 0 652
2983 1558 0 0 653
2995 1648 0 0 654
2999 1863 0 0 655
2992 1954 0 0 656
2970 2148 0 0 657
2954 2340 0 0 658
2934 2522 0 0 659
2897 2738 0 0 660
2868 2861 0 0 661
2800 2998 0 0 662
2740 3160 0 0 663
2673 3261 0 0 664
2571 3379 0 0 665
2516 3445 0 0 666
2427 3508 0 0 667
2331 3554 0 0 668
2229 3622 0 0 669
2121 3647 0 0 670
2045 3688 0 0 671
1928 3695 0 0 672
1805 3749 0 0 673
1633 3730 0 0 674
1500 3731 0 0 675
1315 3676 0 0 676
1220 3560 0 0 677
1026 3404 0 0 678
976 3401 0 0 679
826 3380 0 0 680
674 3323 0 0 681
572 3200 0 0 682
417 3078 0 0 683
313 2967 0 0 684
157 2852 0 0 685
52 2695 0 0 686
0 2597 0 0 687
-157 2530 0 0 688
-261 2397 0 0 689
-417 2272 0 0 690
-520 2112 0 0 691
-572 1953 0 0 692
-725 1808 0 0 693
-877 1714 0 0 694
-1026 1571 0 0 695
-1123 1443 0 0 696
-1220 1290 0 0 697
-1408 1170 0 0 698
-1545 1053 0 0 699
-1677 821 0 0 700
-1763 674 0 0 701
-1928 549 0 0 702
-2045 466 0 0 703
-2121 251 0 0 704
-2264 38 0 0 705
-2331 -181 0 0 706
-2395 -333 0 0 707
-2457 -514 0 0 708
-2571 -578 0 0 709
-2673 -644 0 0 710
-2740 -793 0 0 711
-2800 -943 0 0 712
-2868 -1063 0 0 713
-2910 -1211 0 0 714
-2934 -1281 0 0 715
-2954 -1491 0 0 716
-2977 -1728 0 0 717
-2992 -1861 0 0 718
-2999 -2011 0 0 719
-2999 -2180 0 0 720
-2995 -2286 0 0 721
-2988 -2386 0 0 722
-2970 -2554 0 0 723
-2944 -2713 0 0 724
-2910 -2806 0 0 725
-2868 -2938 0 0 726
-2819 -3020 0 0 727
-2800 -3099 0 0 728
-2761 -3159 0 0 729
-2696 -3305 0 0 730
-2598 -3381 0 0 731
-2544 -3427 0 0 732
-2457 -3489 0 0 733
-2395 -3493 0 0 734
-2264 -3560 0 0 735
-2158 -3608 0 0 736
-2045 -3582 0 0 737
-1928 -3630 0 0 738
-1805 -3665 0 0 739
-1633 -3516 0 0 740
-1545 -3562 0 0 741
-1361 -3556 0 0 742
-1172 -3590 0 0 743
-1026 -3571 0 0 744
-877 -3458 0 0 745
-826 -3345 0 0 746
-674 -3281 0 0 747
-520 -3224 0 0 748
-365 -3159 0 0 749
-209 -3178 0 0 750
-52 -3030 0 0 751
52 -2816 0 0 752
104 -2798 0 0 753
313 -2732 0 0 754
520 -2632 0 0 755
623 -2498 0 0 756
776 -2329 0 0 757
927 -2209 0 0 758
1172 -2184 0 0 759
1315 -1992 0 0 760
1454 -1841 0 0 761
1589 -1597 0 0 762
1763 -1439 0 0 763
1887 -1307 0 0 764
2007 -1075 0 0 765
2158 -872 0 0 766
2264 -671 0 0 767
2395 -462 0 0 768
2487 -196 0 0 769
2571 -34 0 0 770
2673 144 0 0 771
2761 376 0 0 772
2819 639 0 0 773
2883 798 0 0 774
2923 1044 0 0 775
2954 1393 0 0 776
2970 1545 0 0 777
2988 1593 0 0 778
2999 1663 0 0 779
2995 2000 0 0 780
2983 2146 0 0 781
2954 2272 0 0 782
2944 2463 0 0 783
2897 2672 0 0 784
2868 2846 0 0 785
2800 2993 0 0 786
2740 3145 0 0 787
2673 3286 0 0 788
2571 3368 0 0 789
2516 3485 0 0 790
2427 3542 0 0 791
2331 3554 0 0 792
2229 3639 0 0 793
2158 3658 0 0 794
2007 3740 0 0 795
1887 3779 0 0 796
1805 3770 0 0 797
1633 3676 0 0 798
1545 3661 0 0 799
1454 3511 0 0 800
1315 3524 0 0 801
1172 3466 0 0 802
976 3480 0 0 803
826 3391 0 0 804
674 3290 0 0 805
520 3199 0 0 806
417 3074 0 0 807
313 2921 0 0 808
209 2817 0 0 809
104 2788 0 0 810
0 2679 0 0 8110
-157 2577 0 0 812
-261 2444 0 0 813
-365 2245 0 0 814
-469 2152 0 0 815
-572 2020 0 0 816
-776 1911 0 0 817
-927 1780 0 0 818
-1026 1682 0 0 819
-1172 1529 0 0 820
-1267 1246 0 0 821
-1361 1141 0 0 822
-1545 1019 0 0 823
-1633 820 0 0 824
-1763 651 0 0 825
-1887 559 0 0 826
-2007 419 0 0 827
-2083 210 0 0 828
-2194 65 0 0 829
-2298 -97 0 0 830
-2395 -254 0 0 831
-2487 -351 0 0 832
-2571 -484 0 0 833
-2673 -640 0 0 834
-2740 -770 0 0 835
-2800 -929 0 0 836
-2853 -1082 0 0 837
-2897 -1201 0 0 838
-2934 -1356 0 0 839
-2954 -1558 0 0 840
-2977 -1673 0 0 841
-2988 -1835 0 0 842
-2995 -1956 0 0 843
-3000 -2168 0 0 844
-2998 -2277 0 0 845
-2988 -2385 0 0 846
-2977 -2591 0 0 847
-2954 -2683 0 0 848
-2923 -2805 0 0 849
-2883 -2922 0 0 850
-2836 -2994 0 0 851
-2800 -3080 0 0 852
-2761 -3100 0 0 853
-2696 -3240 0 0 854
-2598 -3296 0 0 855
-2487 -3361 0 0 856
-2427 -3471 0 0 857
-2364 -3576 0 0 858
-2264 -3635 0 0 859
-2158 -3662 0 0 860
-2045 -3601 0 0 861
-1968 -3572 0 0 862
-1805 -3617 0 0 863
-1677 -3635 0 0 864
-1545 -3589 0 0 865
-1408 -3553 0 0 866
-1267 -3484 0 0 867
-1123 -3416 0 0 868
-976 -3387 0 0 869
-877 -3340 0 0 870
-725 -3317 0 0 871
-572 -3265 0 0 872
-417 -3203 0 0 873
-261 -3114 0 0 874
-104 -3060 0 0 875
52 -3000 0 0 8765
209 -2924 0 0 877
417 -2819 0 0 878
520 -2682 0 0 879
674 -2494 0 0 880
776 -2322 0 0 881
927 -2234 0 0 882
1123 -2138 0 0 883
1315 -1970 0 0 884
1454 -1808 0 0 885
1589 -1645 0 0 886
1720 -1475 0 0 887
1887 -1312 0 0 888
2007 -1093 0 0 889
2158 -863 0 0 890
2229 -668 0 0 891
2364 -466 0 0 892
2457 -227 0 0 893
2571 -69 0 0 894
2648 84 0 0 895
2718 356 0 0 896
2800 578 0 0 897
2853 743 0 0 898
2910 977 0 0 899
2944 1272 0 0 900
2970 1465 0 0 901
2988 1620 0 0 902
2999 1852 0 0 903
2995 2047 0 0 904
2988 2193 0 0 905
2970 2310 0 0 906
2934 2418 0 0 907
2897 2621 0 0 908
2853 2883 0 0 909
2781 3049 0 0 910
2718 3125 0 0 911
2648 3131 0 0 912
2598 3257 0 0 913
2571 3368 0 0 914
2487 3445 0 0 915
2364 3548 0 0 916
2264 3624 0 0 917
2158 3619 0 0 918
2045 3639 0 0 919
1928 3686 0 0 920
1805 3739 0 0 921
1677 3711 0 0 922
1545 3697 0 0 923
1408 3626 0 0 924
1267 3536 0 0 925
1172 3504 0 0 926
1026 3456 0 0 927
877 3453 0 0 928
725 3326 0 0 929
572 3274 0 0 930
469 3113 0 0 931
313 2964 0 0 932
209 2894 0 0 933
52 2832 0 0 934
0 2692 0 0 935
-104 2514 0 0 936
-209 2416 0 0 937
-313 2302 0 0 938
-469 2188 0 0 939
-623 2039 0 0 940
-725 1921 0 0 941
-877 1784 0 0 942
-976 1646 0 0 943
-1123 1459 0 0 944
-1220 1311 0 0 945
-1361 1213 0 0 946
-1500 1048 0 0 947
-1677 924 0 0 948
-1720 687 0 0 949
-1846 529 0 0 950
-1968 400 0 0 951
-2121 265 0 0 952
-2229 136 0 0 953
-2331 -5 0 0 954
-2395 -217 0 0 955
-2457 -424 0 0 956
-2516 -531 0 0 957
-2623 -662 0 0 958
-2718 -762 0 0 959
-2781 -895 0 0 960
-2836 -1031 0 0 961
-2883 -1212 0 0 962
-2910 -1328 0 0 963
-2944 -1564 0 0 964
-2963 -1726 0 0 965
-2988 -1813 0 0 966
-2995 -1970 0 0 967
-3000 -2113 0 0 968
-2998 -2201 0 0 969
-2988 -2330 0 0 970
-2977 -2508 0 0 971
-2954 -2630 0 0 972
-2923 -2790 0 0 973
-2897 -2877 0 0 974
-2853 -2995 0 0 975
-2800 -3100 0 0 976
-2740 -3182 0 0 977
-2696 -3281 0 0 978
-2598 -3323 0 0 979
-2516 -3392 0 0 980
-2427 -3338 0 0 981
-2364 -3416 0 0 982
-2298 -3476 0 0 983
-2194 -3542 0 0 984
-2121 -3556 0 0 985
-2045 -3589 0 0 986
-1887 -3634 0 0 987
-1720 -3595 0 0 988
-1633 -3565 0 0 989
-1454 -3573 0 0 990
-1267 -3569 0 0 991
-1172 -3521 0 0 992
-1026 -3484 0 0 993
-877 -3431 0 0 994
-725 -3357 0 0 995
-572 -3322 0 0 996
-417 -3288 0 0 997
-261 -3200 0 0 998
-157 -3051 0 0 999
-52 -2925 0 0 1000
157 -2869 0 0 1001
313 -2767 0 0 1002
469 -2719 0 0 1003
674 -2599 0 0 1004
826 -2431 0 0 1005
976 -2298 0 0 1006
1123 -2111 0 0 1007
1267 -1994 0 0 1008
1408 -1837 0 0 1009
1545 -1640 0 0 1010
1677 -1434 0 0 1011
1846 -1346 0 0 1012
1968 -1211 0 0 1013
2121 -960 0 0 1014
2194 -650 0 0 1015
2298 -473 0 0 1016
2395 -279 0 0 1017
2544 -130 0 0 1018
2623 32 0 0 10198
2740 249 0 0 1020
2800 471 0 0 1021
2853 741 0 0 1022
2910 1062 0 0 1023
2934 1279 0 0 1024
2970 1422 0 0 1025
2988 1648 0 0 1026
2999 1696 0 0 1027
2992 2019 0 0 1028
2977 2144 0 0 1029
2970 2288 0 0 1030
2954 2430 0 0 1031
2923 2651 0 0 1032
2868 2779 0 0 1033
2819 2976 0 0 1034
2761 3057 0 0 1035
2696 3168 0 0 1036
2623 3261 0 0 1037
2571 3396 0 0 1038
2487 3481 0 0 1039
2395 3518 0 0 1040
2264 3622 0 0 1041
2158 3635 0 0 1042
2045 3662 0 0 1043
1928 3680 0 0 1044
1846 3649 0 0 1045
1720 3702 0 0 1046
1589 3687 0 0 1047
1454 3663 0 0 1048
1315 3606 0 0 1049
1220 3530 0 0 1050
1075 3500 0 0 1051
826 3501 0 0 1052
725 3347 0 0 1053
520 3297 0 0 1054
469 3162 0 0 1055
365 3008 0 0 1056
313 2848 0 0 1057
209 2829 0 0 1058
0 2656 0 0 10598
0 2601 0 0 10608
-157 2470 0 0 1061
-313 2345 0 0 1062
-469 2235 0 0 1063
-572 2082 0 0 1064
-725 1940 0 0 1065
-826 1822 0 0 1066
-927 1711 0 0 1067
-1123 1616 0 0 1068
-1220 1392 0 0 1069
-1361 1180 0 0 1070
-1454 1033 0 0 1071
-1633 909 0 0 1072
-1763 759 0 0 1073
-1846 595 0 0 1074
-1928 389 0 0 1075
-2007 204 0 0 1076
-2121 53 0 0 1077
-2194 -79 0 0 1078
-2298 -227 0 0 1079
-2395 -327 0 0 1080
-2487 -468 0 0 1081
-2598 -521 0 0 1082
-2696 -719 0 0 1083
-2761 -833 0 0 1084
-2819 -983 0 0 1085
-2868 -1082 0 0 1086
-2923 -1321 0 0 1087
-2944 -1424 0 0 1088
-2963 -1546 0 0 1089
-2988 -1736 0 0 1090
-2995 -1905 0 0 1091
-2999 -2063 0 0 1092
-2998 -2191 0 0 1093
-2992 -2381 0 0 1094
-2977 -2535 0 0 1095
-2954 -2740 0 0 1096
-2934 -2799 0 0 1097
-2910 -2838 0 0 1098
-2868 -2908 0 0 1099
-2836 -3018 0 0 1100
-2761 -3131 0 0 1101
-2718 -3181 0 0 1102
-2623 -3230 0 0 1103
-2571 -3303 0 0 1104
-2487 -3335 0 0 1105
-2427 -3396 0 0 1106
-2298 -3486 0 0 1107
-2264 -3478 0 0 1108
-2194 -3568 0 0 1109
-2007 -3589 0 0 1110
-1887 -3617 0 0 1111
-1720 -3593 0 0 1112
-1633 -3562 0 0 1113
-1500 -3565 0 0 1114
-1315 -3580 0 0 1115
-1172 -3589 0 0 1116
-1026 -3529 0 0 1117
-927 -3446 0 0 1118
-776 -3365 0 0 1119
-623 -3327 0 0 1120
-469 -3254 0 0 1121
-313 -3201 0 0 1122
-157 -3153 0 0 1123
0 -3045 0 0 112423
104 -2932 0 0 1125
313 -2827 0 0 1126
417 -2721 0 0 1127
572 -2528 0 0 1128
674 -2391 0 0 1129
877 -2290 0 0 1130
1026 -2135 0 0 1131
1123 -1995 0 0 1132
1267 -1904 0 0 1133
1454 -1716 0 0 1134
1633 -1558 0 0 1135
1763 -1432 0 0 1136
1887 -1210 0 0 1137
2045 -1067 0 0 1138
2194 -842 0 0 1139
2298 -516 0 0 1140
2395 -367 0 0 1141
2516 -169 0 0 1142
2598 -30 0 0 1143
2696 157 0 0 1144
2781 449 0 0 1145
2836 617 0 0 1146
2883 893 0 0 1147
2934 1057 0 0 1148
2954 1322 0 0 1149
2977 1565 0 0 1150
2992 1643 0 0 1151
2999 1860 0 0 1152
2992 2092 0 0 1153
2970 2236 0 0 1154
2944 2351 0 0 1155
2934 2568 0 0 1156
2883 2756 0 0 1157
2819 2983 0 0 1158
2761 3037 0 0 1159
2718 3128 0 0 1160
2648 3249 0 0 1161
2571 3321 0 0 1162
2516 3447 0 0 1163
2427 3518 0 0 1164
2298 3557 0 0 1165
2194 3612 0 0 1166
2083 3648 0 0 1167
2007 3711 0 0 1168
1887 3720 0 0 1169
1763 3672 0 0 1170
1633 3781 0 0 1171
1500 3701 0 0 1172
1361 3582 0 0 1173
1315 3481 0 0 1174
1172 3391 0 0 1175
1026 3362 0 0 1176
826 3363 0 0 1177
674 3360 0 0 1178
520 3238 0 0 1179
365 3161 0 0 1180
261 3003 0 0 1181
157 2826 0 0 1182
52 2733 0 0 1183
0 2698 0 0 1184
-209 2535 0 0 1185
-261 2385 0 0 1186
-417 2245 0 0 1187
-520 2167 0 0 1188
-674 1990 0 0 1189
-776 1883 0 0 1190
-927 1728 0 0 1191
-1075 1604 0 0 1192
-1220 1394 0 0 1193
-1220 1248 0 0 1194
-1408 1085 0 0 1195
-1545 984 0 0 1196
-1720 817 0 0 1197
-1805 594 0 0 1198
-1887 477 0 0 1199
-2007 300 0 0 1200
-2121 160 0 0 1201
-2194 -15 0 0 1202
-2298 -155 0 0 1203
-2427 -334 0 0 1204
-2516 -406 0 0 1205
-2571 -619 0 0 1206
-2648 -768 0 0 1207
-2740 -844 0 0 1208
-2819 -956 0 0 1209
-2868 -1070 0 0 1210
-2910 -1230 0 0 1211
-2934 -1335 0 0 1212
-2963 -1546 0 0 1213
-2983 -1764 0 0 1214
-2992 -1938 0 0 1215
-2999 -1960 0 0 1216
-2999 -2146 0 0 1217
-2995 -2308 0 0 1218
-2983 -2493 0 0 1219
-2970 -2575 0 0 1220
-2944 -2660 0 0 1221
-2910 -2786 0 0 1222
-2868 -2845 0 0 1223
-2836 -2926 0 0 1224
-2761 -3117 0 0 1225
-2696 -3180 0 0 1226
-2648 -3308 0 0 1227
-2571 -3350 0 0 1228
-2544 -3416 0 0 1229
-2457 -3430 0 0 1230
-2364 -3504 0 0 1231
-2264 -3597 0 0 1232
-2158 -3616 0 0 1233
-2045 -3636 0 0 1234
-1928 -3576 0 0 1235
-1846 -3566 0 0 1236
-1677 -3577 0 0 1237
-1545 -3656 0 0 1238
-1315 -3621 0 0 1239
-1172 -3621 0 0 1240
-1026 -3487 0 0 1241
-927 -3444 0 0 1242
-826 -3414 0 0 1243
-623 -3327 0 0 1244
-469 -3207 0 0 1245
-365 -3143 0 0 1246
-261 -3064 0 0 1247
-52 -3019 0 0 1248
104 -2923 0 0 1249
261 -2907 0 0 1250
417 -2753 0 0 1251
572 -2635 0 0 1252
725 -2536 0 0 1253
877 -2311 0 0 1254
976 -2186 0 0 1255
1123 -2045 0 0 1256
1267 -1832 0 0 1257
1454 -1818 0 0 1258
1677 -1660 0 0 1259
1805 -1297 0 0 1260
1887 -1133 0 0 1261
2007 -1039 0 0 1262
2158 -903 0 0 1263
2264 -713 0 0 1264
2364 -458 0 0 1265
2457 -226 0 0 1266
2598 -37 0 0 1267
2696 210 0 0 1268
2761 321 0 0 1269
2836 567 0 0 1270
2897 901 0 0 1271
2934 1146 0 0 1272
2954 1424 0 0 1273
2970 1559 0 0 1274
2992 1633 0 0 1275
2999 1865 0 0 1276
2988 2093 0 0 1277
2977 2165 0 0 1278
2963 2397 0 0 1279
2944 2557 0 0 1280
2897 2707 0 0 1281
2853 2900 0 0 1282
2781 3062 0 0 1283
2696 3087 0 0 1284
2623 3275 0 0 1285
2571 3332 0 0 1286
2516 3392 0 0 1287
2457 3482 0 0 1288
2331 3512 0 0 1289
2229 3590 0 0 1290
2121 3650 0 0 1291
2007 3693 0 0 1292
1887 3685 0 0 1293
1763 3726 0 0 1294
1633 3668 0 0 1295
1500 3765 0 0 1296
1315 3668 0 0 1297
1267 3562 0 0 1298
1123 3453 0 0 1299
976 3362 0 0 1300
877 3445 0 0 1301
674 3333 0 0 1302
572 3203 0 0 1303
417 3125 0 0 1304
313 2971 0 0 1305
209 2831 0 0 1306
104 2713 0 0 1307
0 2633 0 0 13087
-157 2586 0 0 1309
-261 2426 0 0 1310
-417 2298 0 0 1311
-572 2227 0 0 1312
-674 2050 0 0 1313
-826 1889 0 0 1314
-927 1702 0 0 1315
-1075 1567 0 0 1316
-1172 1425 0 0 1317
-1315 1242 0 0 1318
-1408 1100 0 0 1319
-1500 966 0 0 1320
-1677 871 0 0 1321
-1805 642 0 0 1322
-1887 491 0 0 1323
-2007 409 0 0 1324
-2121 160 0 0 1325
-2194 12 0 0 1326
-2298 -112 0 0 1327
-2395 -311 0 0 1328
-2457 -450 0 0 1329
-2571 -574 0 0 1330
-2673 -705 0 0 1331
-2761 -821 0 0 1332
-2800 -935 0 0 1333
-2868 -1025 0 0 1334
-2910 -1279 0 0 1335
-2934 -1410 0 0 1336
-2954 -1564 0 0 1337
-2977 -1632 0 0 1338
-2992 -1869 0 0 1339
-2999 -2092 0 0 1340
-2999 -2221 0 0 1341
-2992 -2311 0 0 1342
-2983 -2432 0 0 1343
-2963 -2492 0 0 1344
-2944 -2623 0 0 1345
-2923 -2750 0 0 1346
-2883 -2828 0 0 1347
-2836 -2939 0 0 1348
-2800 -3097 0 0 1349
-2740 -3242 0 0 1350
-2673 -3331 0 0 1351
-2598 -3305 0 0 1352
-2516 -3429 0 0 1353
-2395 -3441 0 0 1354
-2331 -3508 0 0 1355
-2229 -3499 0 0 1356
-2158 -3559 0 0 1357
-2045 -3614 0 0 1358
-1928 -3630 0 0 1359
-1763 -3605 0 0 1360
-1677 -3563 0 0 1361
-1545 -3589 0 0 1362
-1408 -3581 0 0 1363
-1267 -3561 0 0 1364
-1075 -3549 0 0 1365
-927 -3481 0 0 1366
-826 -3392 0 0 1367
-674 -3319 0 0 1368
-520 -3253 0 0 1369
-365 -3197 0 0 1370
-209 -3099 0 0 1371
-104 -2973 0 0 1372
52 -2898 0 0 13732
157 -2791 0 0 1374
313 -2767 0 0 1375
572 -2694 0 0 1376
776 -2634 0 0 1377
927 -2406 0 0 1378
1026 -2223 0 0 1379
1172 -2127 0 0 1380
1315 -1933 0 0 1381
1454 -1730 0 0 1382
1589 -1557 0 0 1383
1763 -1400 0 0 1384
1887 -1220 0 0 1385
2007 -999 0 0 1386
2121 -863 0 0 1387
2264 -682 0 0 1388
2331 -436 0 0 1389
2427 -256 0 0 1390
2544 -32 0 0 1391
2648 152 0 0 1392
2740 385 0 0 1393
2819 601 0 0 1394
2868 800 0 0 1395
2923 1037 0 0 1396
2963 1317 0 0 1397
2983 1427 0 0 1398
2995 1632 0 0 1399
2999 1819 0 0 1400
2988 1994 0 0 1401
2977 2182 0 0 1402
2954 2349 0 0 1403
2934 2539 0 0 1404
2883 2726 0 0 1405
2853 2852 0 0 1406
2800 2997 0 0 1407
2718 3141 0 0 1408
2648 3251 0 0 1409
2598 3370 0 0 1410
2516 3485 0 0 1411
2427 3445 0 0 1412
2364 3526 0 0 1413
2229 3471 0 0 1414
2158 3589 0 0 1415
2045 3666 0 0 1416
1928 3674 0 0 1417
1805 3668 0 0 1418
1677 3710 0 0 1419
1545 3759 0 0 1420
1361 3578 0 0 1421
1315 3619 0 0 1422
1123 3604 0 0 1423
927 3546 0 0 1424
776 3432 0 0 1425
674 3368 0 0 1426
520 3230 0 0 1427
417 3158 0 0 1428
313 3016 0 0 1429
209 2871 0 0 1430
52 2803 0 0 1431
0 2641 0 0 1432
-157 2603 0 0 1433
-313 2339 0 0 1434
-365 2221 0 0 1435
-469 2122 0 0 1436
-623 2033 0 0 1437
-776 1916 0 0 1438
-927 1742 0 0 1439
-1075 1668 0 0 1440
-1123 1418 0 0 1441
-1220 1258 0 0 1442
-1408 1092 0 0 1443
-1500 1021 0 0 1444
-1677 829 0 0 1445
-1805 672 0 0 1446
-1887 471 0 0 1447
-1968 308 0 0 1448
-2045 135 0 0 1449
-2158 -30 0 0 1450
-2298 -143 0 0 1451
-2395 -232 0 0 1452
-2516 -383 0 0 1453
-2571 -546 0 0 1454
-2673 -636 0 0 1455
-2761 -733 0 0 1456
-2819 -956 0 0 1457
-2868 -1066 0 0 1458
-2910 -1244 0 0 1459
-2934 -1353 0 0 1460
-2963 -1534 0 0 1461
-2983 -1696 0 0 1462
-2995 -1809 0 0 1463
-2999 -1999 0 0 1464
-2999 -2131 0 0 1465
-2995 -2290 0 0 1466
-2988 -2423 0 0 1467
-2977 -2515 0 0 1468
-2944 -2658 0 0 1469
-2934 -2765 0 0 1470
-2883 -2882 0 0 1471
-2853 -3007 0 0 1472
-2800 -3144 0 0 1473
-2740 -3212 0 0 1474
-2673 -3278 0 0 1475
-2598 -3380 0 0 1476
-2487 -3480 0 0 1477
-2427 -3518 0 0 1478
-2331 -3477 0 0 1479
-2264 -3496 0 0 1480
-2158 -3597 0 0 1481
-2007 -3652 0 0 1482
-1928 -3608 0 0 1483
-1763 -3593 0 0 1484
-1677 -3560 0 0 1485
-1545 -3549 0 0 1486
-1408 -3543 0 0 1487
-1220 -3534 0 0 1488
-1026 -3508 0 0 1489
-927 -3451 0 0 1490
-776 -3369 0 0 1491
-674 -3336 0 0 1492
-520 -3279 0 0 1493
-365 -3217 0 0 1494
-209 -3141 0 0 1495
-52 -3035 0 0 1496
52 -2985 0 0 1497
209 -2773 0 0 1498
365 -2679 0 0 1499
572 -2678 0 0 1500
674 -2571 0 0 1501
877 -2396 0 0 1502
976 -2268 0 0 1503
1172 -2134 0 0 1504
1361 -1985 0 0 1505
1454 -1687 0 0 1506
1589 -1586 0 0 1507
1720 -1337 0 0 1508
1846 -1176 0 0 1509
2007 -1004 0 0 1510
2121 -809 0 0 1511
2264 -589 0 0 1512
2364 -386 0 0 1513
2457 -245 0 0 1514
2571 -39 0 0 1515
2648 171 0 0 1516
2740 305 0 0 1517
2819 558 0 0 1518
2868 787 0 0 1519
2923 1073 0 0 1520
2954 1333 0 0 1521
2977 1522 0 0 1522
2992 1677 0 0 1523
2999 1852 0 0 1524
2992 2000 0 0 1525
2970 2157 0 0 1526
2954 2332 0 0 1527
2923 2502 0 0 1528
2897 2714 0 0 1529
2836 2826 0 0 1530
2781 2968 0 0 1531
2718 3043 0 0 1532
2673 3248 0 0 1533
2598 3316 0 0 1534
2516 3408 0 0 1535
2427 3527 0 0 1536
2364 3521 0 0 1537
2229 3600 0 0 1538
2121 3635 0 0 1539
2007 3652 0 0 1540
1887 3726 0 0 1541
1805 3753 0 0 1542
1677 3673 0 0 1543
1589 3641 0 0 1544
1454 3648 0 0 1545
1315 3585 0 0 1546
1123 3553 0 0 1547
1026 3492 0 0 1548
826 3417 0 0 1549
674 3355 0 0 1550
520 3262 0 0 1551
417 3151 0 0 1552
261 3015 0 0 1553
157 2898 0 0 1554
52 2709 0 0 1555
0 2643 0 0 1556
-157 2514 0 0 1557
-313 2393 0 0 1558
-417 2291 0 0 1559
-520 2103 0 0 1560
-623 1932 0 0 1561
-725 1864 0 0 1562
-877 1773 0 0 1563
-1026 1645 0 0 1564
-1172 1440 0 0 1565
-1267 1276 0 0 1566
-1361 1151 0 0 1567
-1500 963 0 0 1568
-1633 847 0 0 1569
-1763 699 0 0 1570
-1887 524 0 0 1571
-1968 354 0 0 1572
-2045 209 0 0 1573
-2158 34 0 0 1574
-2264 -134 0 0 1575
-2364 -263 0 0 1576
-2457 -350 0 0 1577
-2571 -502 0 0 1578
-2673 -680 0 0 1579
-2740 -732 0 0 1580
-2800 -913 0 0 1581
-2868 -1078 0 0 1582
-2897 -1252 0 0 1583
-2923 -1273 0 0 1584
-2954 -1596 0 0 1585
-2977 -1727 0 0 1586
-2992 -1788 0 0 1587
-2998 -2047 0 0 1588
-3000 -2177 0 0 1589
-2998 -2213 0 0 1590
-2983 -2383 0 0 1591
-2970 -2557 0 0 1592
-2944 -2642 0 0 1593
-2910 -2863 0 0 1594
-2868 -2911 0 0 1595
-2853 -2844 0 0 1596
-2800 -2971 0 0 1597
-2761 -3122 0 0 1598
-2718 -3209 0 0 1599
-2648 -3377 0 0 1600
-2516 -3421 0 0 1601
-2457 -3460 0 0 1602
-2364 -3472 0 0 1603
-2264 -3512 0 0 1604
-2158 -3563 0 0 1605
-2083 -3587 0 0 1606
-1968 -3606 0 0 1607
-1805 -3629 0 0 1608
-1677 -3655 0 0 1609
-1500 -3609 0 0 1610
-1361 -3531 0 0 1611
-1267 -3550 0 0 1612
-1075 -3553 0 0 1613
-976 -3451 0 0 1614
-826 -3413 0 0 1615
-674 -3317 0 0 1616
-572 -3246 0 0 1617
-417 -3260 0 0 1618
-261 -3154 0 0 1619
-104 -3081 0 0 1620
52 -2950 0 0 16210
209 -2846 0 0 1622
313 -2755 0 0 1623
520 -2652 0 0 1624
623 -2484 0 0 1625
776 -2329 0 0 1626
877 -2188 0 0 1627
1075 -2084 0 0 1628
1267 -2019 0 0 1629
1454 -1854 0 0 1630
1500 -1610 0 0 1631
1720 -1540 0 0 1632
1887 -1304 0 0 1633
1968 -1113 0 0 1634
2083 -940 0 0 1635
2229 -699 0 0 1636
2331 -510 0 0 1637
2457 -267 0 0 1638
2544 -99 0 0 1639
2623 74 0 0 1640
2740 314 0 0 1641
2800 576 0 0 1642
2853 824 0 0 1643
2910 1035 0 0 1644
2944 1308 0 0 1645
2977 1484 0 0 1646
2988 1610 0 0 1647
2999 1757 0 0 1648
2998 1984 0 0 1649
2988 2185 0 0 1650
2977 2312 0 0 1651
2934 2455 0 0 1652
2897 2646 0 0 1653
2853 2799 0 0 1654
2800 2967 0 0 1655
2761 3076 0 0 1656
2673 3217 0 0 1657
2623 3301 0 0 1658
2544 3380 0 0 1659
2427 3454 0 0 1660
2364 3554 0 0 1661
2229 3586 0 0 1662
2158 3647 0 0 1663
2045 3664 0 0 1664
1928 3720 0 0 1665
1846 3716 0 0 1666
1720 3711 0 0 1667
1589 3698 0 0 1668
1454 3635 0 0 1669
1315 3544 0 0 1670
1172 3525 0 0 1671
1075 3450 0 0 1672
877 3413 0 0 1673
776 3305 0 0 1674
623 3262 0 0 1675
417 3159 0 0 1676
313 3098 0 0 1677
209 2894 0 0 1678
104 2855 0 0 1679
-52 2720 0 0 1680
-157 2561 0 0 1681
-209 2440 0 0 1682
-313 2338 0 0 1683
-469 2149 0 0 1684
-572 1980 0 0 1685
-674 1864 0 0 1686
-826 1803 0 0 1687
-976 1755 0 0 1688
-1220 1631 0 0 1689
-1315 1367 0 0 1690
-1408 1200 0 0 1691
-1500 1000 0 0 1692
-1633 862 0 0 1693
-1720 702 0 0 1694
-1846 550 0 0 1695
-1928 373 0 0 1696
-2045 223 0 0 1697
-2158 50 0 0 1698
-2298 -27 0 0 1699
-2427 -185 0 0 1700
-2487 -373 0 0 1701
-2571 -499 0 0 1702
-2673 -618 0 0 1703
-2740 -763 0 0 1704
-2800 -928 0 0 1705
-2853 -1089 0 0 1706
-2883 -1275 0 0 1707
-2910 -1402 0 0 1708
-2934 -1441 0 0 1709
-2963 -1658 0 0 1710
-2983 -1799 0 0 1711
-2992 -1995 0 0 1712
-2999 -2147 0 0 1713
-2998 -2254 0 0 1714
-2992 -2337 0 0 1715
-2983 -2516 0 0 1716
-2963 -2617 0 0 1717
-2934 -2764 0 0 1718
-2897 -2860 0 0 1719
-2853 -2971 0 0 1720
-2800 -3031 0 0 1721
-2761 -3174 0 0 1722
-2673 -3246 0 0 1723
-2623 -3322 0 0 1724
-2516 -3345 0 0 1725
-2427 -3493 0 0 1726
-2364 -3507 0 0 1727
-2298 -3535 0 0 1728
-2194 -3576 0 0 1729
-2007 -3706 0 0 1730
-1887 -3638 0 0 1731
-1846 -3610 0 0 1732
-1677 -3530 0 0 1733
-1589 -3493 0 0 1734
-1408 -3572 0 0 1735
-1267 -3541 0 0 1736
-1172 -3522 0 0 1737
-1026 -3432 0 0 1738
-877 -3419 0 0 1739
-776 -3340 0 0 1740
-572 -3315 0 0 1741
-417 -3215 0 0 1742
-313 -3114 0 0 1743
-157 -2978 0 0 1744
-52 -2937 0 0 1745
104 -2868 0 0 1746
313 -2853 0 0 1747
520 -2732 0 0 1748
623 -2554 0 0 1749
776 -2444 0 0 1750
927 -2311 0 0 1751
1123 -2202 0 0 1752
1267 -2051 0 0 1753
1408 -1788 0 0 1754
1545 -1643 0 0 1755
1677 -1467 0 0 1756
1805 -1279 0 0 1757
1968 -1093 0 0 1758
2045 -920 0 0 1759
2194 -735 0 0 1760
2331 -528 0 0 1761
2457 -318 0 0 1762
2544 -141 0 0 1763
2623 47 0 0 17643
2718 206 0 0 1765
2781 540 0 0 1766
2853 812 0 0 1767
2897 981 0 0 1768
2934 1221 0 0 1769
2963 1385 0 0 1770
2983 1598 0 0 1771
2995 1736 0 0 1772
2998 1918 0 0 1773
2988 2111 0 0 1774
2970 2287 0 0 1775
2923 2425 0 0 1776
2910 2603 0 0 1777
2868 2742 0 0 1778
2819 2975 0 0 1779
2761 3156 0 0 1780
2696 3220 0 0 1781
2623 3310 0 0 1782
2544 3425 0 0 1783
2427 3522 0 0 1784
2331 3618 0 0 1785
2229 3604 0 0 1786
2158 3592 0 0 1787
2083 3666 0 0 1788
2007 3664 0 0 1789
1887 3663 0 0 1790
1763 3718 0 0 1791
1633 3714 0 0 1792
1408 3680 0 0 1793
1315 3595 0 0 1794
1172 3491 0 0 1795
1075 3436 0 0 1796
877 3436 0 0 1797
725 3336 0 0 1798
572 3253 0 0 1799
469 3126 0 0 1800
365 2990 0 0 1801
209 2946 0 0 1802
157 2744 0 0 1803
0 2711 0 0 18043
-104 2587 0 0 1805
-209 2514 0 0 1806
-313 2376 0 0 1807
-469 2318 0 0 1808
-623 2144 0 0 1809
-674 1931 0 0 1810
-776 1796 0 0 1811
-976 1701 0 0 1812
-1172 1566 0 0 1813
-1267 1335 0 0 1814
-1361 1143 0 0 1815
-1500 1096 0 0 1816
-1589 860 0 0 1817
-1720 741 0 0 1818
-1846 595 0 0 1819
-1928 431 0 0 1820
-2045 266 0 0 1821
-2121 74 0 0 1822
-2229 -50 0 0 1823
-2331 -189 0 0 1824
-2457 -295 0 0 1825
-2571 -459 0 0 1826
-2673 -609 0 0 1827
-2740 -736 0 0 1828
-2800 -880 0 0 1829
-2853 -1007 0 0 1830
-2883 -1170 0 0 1831
-2923 -1321 0 0 1832
-2944 -1481 0 0 1833
-2963 -1635 0 0 1834
-2983 -1821 0 0 1835
-2992 -2005 0 0 1836
-2999 -2109 0 0 1837
-2998 -2281 0 0 1838
-2988 -2408 0 0 1839
-2983 -2473 0 0 1840
-2954 -2610 0 0 1841
-2923 -2724 0 0 1842
-2897 -2847 0 0 1843
-2868 -2909 0 0 1844
-2819 -3065 0 0 1845
-2761 -3141 0 0 1846
-2740 -3273 0 0 1847
-2648 -3283 0 0 1848
-2544 -3362 0 0 1849
-2457 -3453 0 0 1850
-2364 -3339 0 0 1851
-2298 -3547 0 0 1852
-2229 -3655 0 0 1853
-2045 -3644 0 0 1854
-1968 -3595 0 0 1855
-1846 -3668 0 0 1856
-1677 -3646 0 0 1857
-1545 -3601 0 0 1858
-1408 -3582 0 0 1859
-1315 -3529 0 0 1860
-1172 -3474 0 0 1861
-1026 -3467 0 0 1862
-877 -3354 0 0 1863
-776 -3239 0 0 1864
-572 -3211 0 0 1865
-469 -3185 0 0 1866
-313 -3167 0 0 1867
-104 -3046 0 0 1868
0 -2964 0 0 186968
104 -2837 0 0 1870
261 -2756 0 0 1871
417 -2686 0 0 1872
572 -2563 0 0 1873
725 -2381 0 0 1874
877 -2272 0 0 1875
1026 -2151 0 0 1876
1220 -2068 0 0 1877
1408 -1878 0 0 1878
1545 -1699 0 0 1879
1677 -1545 0 0 1880
1846 -1347 0 0 1881
1968 -1173 0 0 1882
2083 -988 0 0 1883
2194 -771 0 0 1884
2331 -563 0 0 1885
2427 -348 0 0 1886
2544 -138 0 0 1887
2623 53 0 0 18887
2718 256 0 0 1889
2781 459 0 0 1890
2853 726 0 0 1891
2897 976 0 0 1892
2934 1224 0 0 1893
2963 1447 0 0 1894
2983 1598 0 0 1895
2998 1771 0 0 1896
2998 1907 0 0 1897
2988 2113 0 0 1898
2977 2222 0 0 1899
2944 2371 0 0 1900
2923 2532 0 0 1901
2883 2798 0 0 1902
2836 2923 0 0 1903
2781 3068 0 0 1904
2718 3211 0 0 1905
2648 3264 0 0 1906
2544 3322 0 0 1907
2457 3468 0 0 1908
2364 3489 0 0 1909
2331 3536 0 0 1910
2194 3634 0 0 1911
2045 3770 0 0 1912
1928 3734 0 0 1913
1887 3695 0 0 1914
1763 3694 0 0 1915
1633 3717 0 0 1916
1500 3660 0 0 1917
1361 3653 0 0 1918
1172 3639 0 0 1919
1075 3461 0 0 1920
927 3406 0 0 1921
776 3307 0 0 1922
674 3292 0 0 1923
469 3216 0 0 1924
417 3022 0 0 1925
313 3028 0 0 1926
157 2850 0 0 1927
0 2767 0 0 19287
-52 2523 0 0 1929
-157 2493 0 0 1930
-313 2350 0 0 1931
-417 2242 0 0 1932
-520 2127 0 0 1933
-674 1983 0 0 1934
-776 1883 0 0 1935
-976 1727 0 0 1936
-1123 1635 0 0 1937
-1220 1363 0 0 1938
-1315 1269 0 0 1939
-1500 1117 0 0 1940
-1633 873 0 0 1941
-1720 757 0 0 1942
-1805 555 0 0 1943
-1968 492 0 0 1944
-2045 217 0 0 1945
-2158 67 0 0 1946
-2229 -15 0 0 1947
-2331 -161 0 0 1948
-2427 -323 0 0 1949
-2516 -458 0 0 1950
-2598 -485 0 0 1951
-2696 -647 0 0 1952
-2781 -844 0 0 1953
-2836 -1006 0 0 1954
-2868 -1074 0 0 1955
-2910 -1267 0 0 1956
-2944 -1469 0 0 1957
-2963 -1652 0 0 1958
-2983 -1765 0 0 1959
-2992 -1902 0 0 1960
-2999 -2068 0 0 1961
-2999 -2208 0 0 1962
-2995 -2343 0 0 1963
-2983 -2454 0 0 1964
-2970 -2589 0 0 1965
-2944 -2790 0 0 1966
-2910 -2872 0 0 1967
-2883 -2891 0 0 1968
-2836 -3051 0 0 1969
-2781 -3178 0 0 1970
-2718 -3267 0 0 1971
-2623 -3310 0 0 1972
-2571 -3350 0 0 1973
-2487 -3431 0 0 1974
-2395 -3452 0 0 1975
-2331 -3474 0 0 1976
-2229 -3511 0 0 1977
-2121 -3549 0 0 1978
-2007 -3627 0 0 1979
-1846 -3694 0 0 1980
-1763 -3590 0 0 1981
-1633 -3563 0 0 1982
-1454 -3610 0 0 1983
-1267 -3638 0 0 1984
-1123 -3576 0 0 1985
-976 -3500 0 0 1986
-877 -3416 0 0 1987
-725 -3324 0 0 1988
-623 -3284 0 0 1989
-417 -3270 0 0 1990
-261 -3157 0 0 1991
-157 -2930 0 0 1992
-104 -2874 0 0 1993
0 -2837 0 0 199493
209 -2808 0 0 1995
417 -2701 0 0 1996
572 -2583 0 0 1997
725 -2425 0 0 1998
877 -2334 0 0 1999