51 0 0 0 0
52 2 0 0 1
54 2 0 0 2
55 7 0 0 3
57 7 0 0 4
58 13 0 0 5
60 17 0 0 6
61 17 0 0 7
62 22 0 0 8
64 22 0 0 9
65 26 0 0 10
67 30 0 0 11
68 30 0 0 12
70 34 0 0 13
71 34 0 0 14
73 38 0 0 15
74 41 0 0 16
75 41 0 0 17
77 45 0 0 18
78 45 0 0 19
80 48 0 0 20
81 50 0 0 21
83 50 0 0 22
84 54 0 0 23
86 54 0 0 24
87 56 0 0 25
88 59 0 0 26
90 59 0 0 27
91 61 0 0 28
93 61 0 0 29
94 63 0 0 30
96 65 0 0 31
97 65 0 0 32
98 68 0 0 33
100 68 0 0 34
101 70 0 0 35
103 72 0 0 36
104 72 0 0 37
106 74 0 0 38
107 74 0 0 39
109 76 0 0 40
110 79 0 0 41
111 79 0 0 42
113 81 0 0 43
114 81 0 0 44
116 83 0 0 45
117 85 0 0 46
119 85 0 0 47
120 88 0 0 48
120 88 0 0 49
120 90 0 0 50
120 92 0 0 51
120 92 0 0 52
120 94 0 0 53
120 94 0 0 54
120 95 0 0 55
120 98 0 0 56
120 98 0 0 57
120 100 0 0 58
120 100 0 0 59
120 102 0 0 60
120 103 0 0 61
120 103 0 0 62
120 106 0 0 63
120 106 0 0 64
120 107 0 0 65
120 108 0 0 66
120 108 0 0 67
120 109 0 0 68
120 109 0 0 69
120 111 0 0 70
120 112 0 0 71
120 112 0 0 72
120 114 0 0 73
120 114 0 0 74
120 115 0 0 75
120 116 0 0 76
120 116 0 0 77
120 118 0 0 78
120 118 0 0 79
120 118 0 0 80
120 120 0 0 81
120 120 0 0 82
120 120 0 0 83
120 120 0 0 84
120 121 0 0 85
120 121 0 0 86
120 121 0 0 87
120 122 0 0 88
120 122 0 0 89
120 121 0 0 90
120 122 0 0 91
120 122 0 0 92
120 122 0 0 93
120 122 0 0 94
120 122 0 0 95
120 122 0 0 96
120 122 0 0 97
120 122 0 0 98
120 122 0 0 99
120 123 0 0 100
120 122 0 0 101
120 122 0 0 102
120 122 0 0 103
120 122 0 0 104
120 122 0 0 105
120 122 0 0 106
120 122 0 0 107
120 122 0 0 108
120 122 0 0 109
120 122 0 0 110
120 122 0 0 111
120 122 0 0 112
120 121 0 0 113
120 121 0 0 114
120 122 0 0 115
120 121 0 0 116
120 121 0 0 117
120 121 0 0 118
120 121 0 0 119
120 121 0 0 120
120 121 0 0 121
120 121 0 0 122
120 121 0 0 123
120 121 0 0 124
120 121 0 0 125
120 121 0 0 126
120 121 0 0 127
120 120 0 0 128
120 120 0 0 129
120 120 0 0 130
120 120 0 0 131
120 120 0 0 132
120 120 0 0 133
120 120 0 0 134
120 120 0 0 135
120 120 0 0 136
120 120 0 0 137
120 120 0 0 138
120 120 0 0 139
120 119 0 0 140
120 120 0 0 141
120 120 0 0 142
120 119 0 0 143
120 119 0 0 144
120 120 0 0 145
120 119 0 0 146
120 119 0 0 147
120 120 0 0 148
120 120 0 0 149
120 119 0 0 150
120 119 0 0 151
120 119 0 0 152
120 119 0 0 153
120 119 0 0 154
120 119 0 0 155
120 119 0 0 156
120 119 0 0 157
120 119 0 0 158
120 119 0 0 159
120 119 0 0 160
120 118 0 0 161
120 118 0 0 162
120 119 0 0 163
120 119 0 0 164
120 118 0 0 165
120 119 0 0 166
120 119 0 0 167
120 118 0 0 168
120 118 0 0 169
120 119 0 0 170
120 119 0 0 171
120 119 0 0 172
120 119 0 0 173
120 119 0 0 174
120 119 0 0 175
120 119 0 0 176
120 119 0 0 177
120 119 0 0 178
120 119 0 0 179
120 118 0 0 180
120 119 0 0 181
120 119 0 0 182
120 118 0 0 183
120 118 0 0 184
120 119 0 0 185
120 118 0 0 186
120 118 0 0 187
120 119 0 0 188
120 119 0 0 189
120 118 0 0 190
120 119 0 0 191
120 119 0 0 192
120 118 0 0 193
120 118 0 0 194
120 119 0 0 195
120 118 0 0 196
120 118 0 0 197
120 119 0 0 198
120 119 0 0 199
120 118 0 0 200
120 119 0 0 201
120 119 0 0 202
120 118 0 0 203
120 118 0 0 204
120 119 0 0 205
120 119 0 0 206
120 119 0 0 207
120 119 0 0 208
120 119 0 0 209
120 119 0 0 210
120 119 0 0 211
120 119 0 0 212
120 119 0 0 213
120 119 0 0 214
120 118 0 0 215
120 119 0 0 216
120 119 0 0 217
120 118 0 0 218
120 118 0 0 219
120 119 0 0 220
120 118 0 0 221
120 118 0 0 222
120 119 0 0 223
120 119 0 0 224
120 118 0 0 225
120 119 0 0 226
120 119 0 0 227
120 119 0 0 228
120 119 0 0 229
120 119 0 0 230
120 118 0 0 231
120 118 0 0 232
120 119 0 0 233
120 119 0 0 234
120 118 0 0 235
120 119 0 0 236
120 119 0 0 237
120 119 0 0 238
120 119 0 0 239
120 119 0 0 240
120 119 0 0 241
120 119 0 0 242
120 119 0 0 243
120 119 0 0 244
120 119 0 0 245
120 119 0 0 246
120 119 0 0 247
120 119 0 0 248
120 119 0 0 249
120 119 0 0 250
120 119 0 0 251
120 119 0 0 252
120 119 0 0 253
120 119 0 0 254
120 119 0 0 255
120 118 0 0 256
120 118 0 0 257
120 119 0 0 258
120 119 0 0 259
120 118 0 0 260
120 119 0 0 261
120 119 0 0 262
120 118 0 0 263
120 118 0 0 264
120 119 0 0 265
120 119 0 0 266
120 119 0 0 267
120 119 0 0 268
120 119 0 0 269
120 119 0 0 270
120 119 0 0 271
120 119 0 0 272
120 119 0 0 273
120 119 0 0 274
120 119 0 0 275
120 119 0 0 276
120 119 0 0 277
120 119 0 0 278
120 119 0 0 279
120 119 0 0 280
120 119 0 0 281
120 119 0 0 282
120 119 0 0 283
120 119 0 0 284
120 119 0 0 285
120 119 0 0 286
120 119 0 0 287
120 119 0 0 288
120 119 0 0 289
120 119 0 0 290
120 119 0 0 291
120 119 0 0 292
120 119 0 0 293
120 119 0 0 294
120 120 0 0 295
120 120 0 0 296
120 120 0 0 297
120 120 0 0 298
120 120 0 0 299
120 120 0 0 300
120 120 0 0 301
120 120 0 0 302
120 120 0 0 303
120 120 0 0 304
120 119 0 0 305
120 120 0 0 306
120 120 0 0 307
120 119 0 0 308
120 119 0 0 309
120 120 0 0 310
120 119 0 0 311
120 119 0 0 312
120 120 0 0 313
120 120 0 0 314
120 119 0 0 315
120 120 0 0 316
120 120 0 0 317
120 119 0 0 318
120 119 0 0 319
120 120 0 0 320
120 119 0 0 321
120 119 0 0 322
120 120 0 0 323
120 120 0 0 324
120 119 0 0 325
120 120 0 0 326
120 120 0 0 327
120 119 0 0 328
120 119 0 0 329
120 119 0 0 330
120 119 0 0 331
120 119 0 0 332
120 119 0 0 333
120 119 0 0 334
120 119 0 0 335
120 119 0 0 336
120 119 0 0 337
120 119 0 0 338
120 119 0 0 339
120 119 0 0 340
120 119 0 0 341
120 119 0 0 342
120 120 0 0 343
120 120 0 0 344
120 119 0 0 345
120 120 0 0 346
120 120 0 0 347
120 119 0 0 348
120 119 0 0 349
120 120 0 0 350
120 119 0 0 351
120 119 0 0 352
120 120 0 0 353
120 120 0 0 354
120 119 0 0 355
120 120 0 0 356
120 120 0 0 357
120 119 0 0 358
120 119 0 0 359
120 119 0 0 360
120 119 0 0 361
120 119 0 0 362
120 120 0 0 363
120 120 0 0 364
120 119 0 0 365
120 119 0 0 366
120 119 0 0 367
120 119 0 0 368
120 119 0 0 369
120 119 0 0 370
120 119 0 0 371
120 119 0 0 372
120 120 0 0 373
120 120 0 0 374
120 119 0 0 375
120 119 0 0 376
120 119 0 0 377
120 119 0 0 378
120 119 0 0 379
120 119 0 0 380
120 119 0 0 381
120 119 0 0 382
120 119 0 0 383
120 119 0 0 384
120 119 0 0 385
120 120 0 0 386
120 120 0 0 387
120 119 0 0 388
120 119 0 0 389
120 120 0 0 390
120 119 0 0 391
120 119 0 0 392
120 120 0 0 393
120 120 0 0 394
120 119 0 0 395
120 119 0 0 396
120 119 0 0 397
120 119 0 0 398
120 119 0 0 399
120 120 0 0 400
120 119 0 0 401
120 119 0 0 402
120 120 0 0 403
120 120 0 0 404
120 119 0 0 405
120 120 0 0 406
120 120 0 0 407
120 120 0 0 408
120 120 0 0 409
120 120 0 0 410
120 120 0 0 411
120 120 0 0 412
120 120 0 0 413
120 120 0 0 414
120 120 0 0 415
120 120 0 0 416
120 120 0 0 417
120 120 0 0 418
120 120 0 0 419
120 120 0 0 420
120 120 0 0 421
120 120 0 0 422
120 120 0 0 423
120 120 0 0 424
120 120 0 0 425
120 120 0 0 426
120 120 0 0 427
120 120 0 0 428
120 120 0 0 429
120 120 0 0 430
120 120 0 0 431
120 120 0 0 432
120 120 0 0 433
120 120 0 0 434
120 120 0 0 435
120 120 0 0 436
120 120 0 0 437
120 120 0 0 438
120 120 0 0 439
120 120 0 0 440
120 120 0 0 441
120 120 0 0 442
120 120 0 0 443
120 120 0 0 444
120 120 0 0 445
120 120 0 0 446
120 120 0 0 447
120 120 0 0 448
120 120 0 0 449
120 120 0 0 450
120 120 0 0 451
120 120 0 0 452
120 120 0 0 453
120 120 0 0 454
120 120 0 0 455
120 120 0 0 456
120 120 0 0 457
120 120 0 0 458
120 120 0 0 459
120 120 0 0 460
120 120 0 0 461
120 120 0 0 462
120 120 0 0 463
120 120 0 0 464
120 120 0 0 465
120 120 0 0 466
120 120 0 0 467
120 120 0 0 468
120 120 0 0 469
120 120 0 0 470
120 120 0 0 471
120 120 0 0 472
120 120 0 0 473
120 120 0 0 474
120 120 0 0 475
120 120 0 0 476
120 120 0 0 477
120 120 0 0 478
120 120 0 0 479
120 120 0 0 480
120 120 0 0 481
120 120 0 0 482
120 120 0 0 483
120 120 0 0 484
120 120 0 0 485
120 120 0 0 486
120 120 0 0 487
120 120 0 0 488
120 120 0 0 489
120 120 0 0 490
120 120 0 0 491
120 120 0 0 492
120 120 0 0 493
120 120 0 0 494
120 120 0 0 495
120 120 0 0 496
120 120 0 0 497
120 120 0 0 498
120 120 0 0 499
120 120 0 0 500
120 120 0 0 501
120 120 0 0 502
120 120 0 0 503
120 120 0 0 504
120 120 0 0 505
120 120 0 0 506
120 120 0 0 507
120 120 0 0 508
120 120 0 0 509
120 120 0 0 510
120 120 0 0 511
120 120 0 0 512
120 120 0 0 513
120 120 0 0 514
120 120 0 0 515
120 120 0 0 516
120 120 0 0 517
120 120 0 0 518
120 120 0 0 519
120 120 0 0 520
120 120 0 0 521
120 120 0 0 522
120 120 0 0 523
120 120 0 0 524
120 120 0 0 525
120 120 0 0 526
120 120 0 0 527
120 120 0 0 528
120 120 0 0 529
120 120 0 0 530
120 120 0 0 531
120 120 0 0 532
120 120 0 0 533
120 120 0 0 534
120 120 0 0 535
120 120 0 0 536
120 120 0 0 537
120 120 0 0 538
120 120 0 0 539
120 120 0 0 540
120 120 0 0 541
120 120 0 0 542
120 120 0 0 543
120 120 0 0 544
120 120 0 0 545
120 120 0 0 546
120 120 0 0 547
120 120 0 0 548
120 120 0 0 549
120 120 0 0 550
120 120 0 0 551
120 120 0 0 552
120 120 0 0 553
120 120 0 0 554
120 120 0 0 555
120 120 0 0 556
120 120 0 0 557
120 120 0 0 558
120 120 0 0 559
120 120 0 0 560
120 120 0 0 561
120 120 0 0 562
120 120 0 0 563
120 120 0 0 564
120 120 0 0 565
120 120 0 0 566
120 120 0 0 567
120 120 0 0 568
120 120 0 0 569
120 120 0 0 570
120 120 0 0 571
120 120 0 0 572
120 120 0 0 573
120 120 0 0 574
120 120 0 0 575
120 120 0 0 576
120 120 0 0 577
120 120 0 0 578
120 120 0 0 579
120 120 0 0 580
120 120 0 0 581
120 120 0 0 582
120 120 0 0 583
120 120 0 0 584
120 120 0 0 585
120 120 0 0 586
120 120 0 0 587
120 120 0 0 588
120 120 0 0 589
120 120 0 0 590
120 120 0 0 591
120 120 0 0 592
120 120 0 0 593
120 120 0 0 594
120 120 0 0 595
120 120 0 0 596
120 120 0 0 597
120 120 0 0 598
120 120 0 0 599
120 120 0 0 600
120 120 0 0 601
120 120 0 0 602
120 120 0 0 603
120 120 0 0 604
120 120 0 0 605
120 120 0 0 606
120 120 0 0 607
120 120 0 0 608
120 120 0 0 609
120 120 0 0 610
120 120 0 0 611
120 120 0 0 612
120 120 0 0 613
120 120 0 0 614
120 120 0 0 615
120 120 0 0 616
120 120 0 0 617
120 120 0 0 618
120 120 0 0 619
120 120 0 0 620
120 120 0 0 621
120 120 0 0 622
120 120 0 0 623
120 120 0 0 624
120 120 0 0 625
120 120 0 0 626
120 120 0 0 627
120 120 0 0 628
120 120 0 0 629
120 120 0 0 630
120 120 0 0 631
120 120 0 0 632
120 120 0 0 633
120 120 0 0 634
120 120 0 0 635
120 120 0 0 636
120 120 0 0 637
120 119 0 0 638
120 119 0 0 639
120 120 0 0 640
119 120 0 0 641
118 120 0 0 642
116 120 0 0 643
115 120 0 0 644
113 119 0 0 645
112 119 0 0 646
110 119 0 0 647
109 119 0 0 648
107 119 0 0 649
106 117 0 0 650
105 117 0 0 651
103 117 0 0 652
102 115 0 0 653
100 115 0 0 654
99 115 0 0 655
97 113 0 0 656
96 113 0 0 657
95 111 0 0 658
93 111 0 0 659
92 110 0 0 660
90 108 0 0 661
89 108 0 0 662
87 105 0 0 663
86 105 0 0 664
84 103 0 0 665
83 100 0 0 666
82 100 0 0 667
80 97 0 0 668
79 97 0 0 669
77 95 0 0 670
76 93 0 0 671
74 93 0 0 672
73 91 0 0 673
71 91 0 0 674
70 88 0 0 675
70 87 0 0 676
70 87 0 0 677
70 86 0 0 678
70 86 0 0 679
70 83 0 0 680
70 82 0 0 681
70 82 0 0 682
70 81 0 0 683
70 81 0 0 684
70 80 0 0 685
70 78 0 0 686
70 78 0 0 687
70 78 0 0 688
70 78 0 0 689
70 77 0 0 690
70 76 0 0 691
70 76 0 0 692
70 75 0 0 693
70 75 0 0 694
70 75 0 0 695
70 74 0 0 696
70 74 0 0 697
70 74 0 0 698
70 74 0 0 699
70 74 0 0 700
70 73 0 0 701
70 73 0 0 702
70 73 0 0 703
70 73 0 0 704
70 73 0 0 705
70 72 0 0 706
70 72 0 0 707
70 72 0 0 708
70 72 0 0 709
70 72 0 0 710
70 72 0 0 711
70 72 0 0 712
70 71 0 0 713
70 71 0 0 714
70 72 0 0 715
70 71 0 0 716
70 71 0 0 717
70 71 0 0 718
70 71 0 0 719
70 72 0 0 720
70 71 0 0 721
70 71 0 0 722
70 71 0 0 723
70 71 0 0 724
70 72 0 0 725
70 71 0 0 726
70 71 0 0 727
70 70 0 0 728
70 70 0 0 729
70 71 0 0 730
70 71 0 0 731
70 71 0 0 732
70 71 0 0 733
70 71 0 0 734
70 71 0 0 735
70 71 0 0 736
70 71 0 0 737
70 71 0 0 738
70 71 0 0 739
70 71 0 0 740
70 71 0 0 741
70 71 0 0 742
70 71 0 0 743
70 71 0 0 744
70 71 0 0 745
70 71 0 0 746
70 71 0 0 747
70 71 0 0 748
70 71 0 0 749
70 71 0 0 750
70 71 0 0 751
70 71 0 0 752
70 71 0 0 753
70 71 0 0 754
70 71 0 0 755
70 71 0 0 756
70 71 0 0 757
70 71 0 0 758
70 71 0 0 759
70 71 0 0 760
70 71 0 0 761
70 71 0 0 762
70 71 0 0 763
70 71 0 0 764
70 71 0 0 765
70 72 0 0 766
70 72 0 0 767
70 71 0 0 768
70 71 0 0 769
70 71 0 0 770
70 72 0 0 771
70 72 0 0 772
70 71 0 0 773
70 71 0 0 774
70 71 0 0 775
70 72 0 0 776
70 72 0 0 777
70 71 0 0 778
70 71 0 0 779
70 71 0 0 780
70 71 0 0 781
70 71 0 0 782
70 71 0 0 783
70 71 0 0 784
70 71 0 0 785
70 71 0 0 786
70 71 0 0 787
70 71 0 0 788
70 71 0 0 789
70 71 0 0 790
70 71 0 0 791
70 71 0 0 792
70 71 0 0 793
70 71 0 0 794
70 71 0 0 795
70 71 0 0 796
70 71 0 0 797
70 71 0 0 798
70 71 0 0 799
70 71 0 0 800
70 71 0 0 801
70 71 0 0 802
70 71 0 0 803
70 71 0 0 804
70 71 0 0 805
70 70 0 0 806
70 70 0 0 807
70 71 0 0 808
70 71 0 0 809
70 71 0 0 810
70 71 0 0 811
70 71 0 0 812
70 71 0 0 813
70 71 0 0 814
70 71 0 0 815
70 71 0 0 816
70 71 0 0 817
70 71 0 0 818
70 71 0 0 819
70 71 0 0 820
70 71 0 0 821
70 71 0 0 822
70 71 0 0 823
70 71 0 0 824
70 71 0 0 825
70 71 0 0 826
70 71 0 0 827
70 70 0 0 828
70 70 0 0 829
70 71 0 0 830
70 71 0 0 831
70 71 0 0 832
70 70 0 0 833
70 70 0 0 834
70 71 0 0 835
70 71 0 0 836
70 71 0 0 837
70 71 0 0 838
70 71 0 0 839
70 71 0 0 840
70 71 0 0 841
70 71 0 0 842
70 71 0 0 843
70 71 0 0 844
70 70 0 0 845
70 71 0 0 846
70 71 0 0 847
70 71 0 0 848
70 71 0 0 849
70 70 0 0 850
70 71 0 0 851
70 71 0 0 852
70 71 0 0 853
70 71 0 0 854
70 70 0 0 855
70 71 0 0 856
70 71 0 0 857
70 71 0 0 858
70 71 0 0 859
70 70 0 0 860
70 71 0 0 861
70 71 0 0 862
70 71 0 0 863
70 71 0 0 864
70 71 0 0 865
70 70 0 0 866
70 70 0 0 867
70 71 0 0 868
70 71 0 0 869
70 71 0 0 870
70 70 0 0 871
70 70 0 0 872
70 71 0 0 873
70 71 0 0 874
70 71 0 0 875
70 70 0 0 876
70 70 0 0 877
70 70 0 0 878
70 70 0 0 879
70 71 0 0 880
70 70 0 0 881
70 70 0 0 882
70 70 0 0 883
70 70 0 0 884
70 71 0 0 885
70 70 0 0 886
70 70 0 0 887
70 70 0 0 888
70 70 0 0 889
70 71 0 0 890
70 71 0 0 891
70 71 0 0 892
70 70 0 0 893
70 70 0 0 894
70 70 0 0 895
70 71 0 0 896
70 71 0 0 897
70 70 0 0 898
70 70 0 0 899
70 70 0 0 900
70 71 0 0 901
70 71 0 0 902
70 70 0 0 903
70 70 0 0 904
70 70 0 0 905
70 71 0 0 906
70 71 0 0 907
70 71 0 0 908
70 71 0 0 909
70 70 0 0 910
70 70 0 0 911
70 70 0 0 912
70 71 0 0 913
70 71 0 0 914
70 70 0 0 915
70 70 0 0 916
70 70 0 0 917
70 71 0 0 918
70 71 0 0 919
70 70 0 0 920
70 70 0 0 921
70 70 0 0 922
70 70 0 0 923
70 70 0 0 924
70 70 0 0 925
70 70 0 0 926
70 70 0 0 927
70 70 0 0 928
70 70 0 0 929
70 71 0 0 930
70 70 0 0 931
70 70 0 0 932
70 70 0 0 933
70 70 0 0 934
70 71 0 0 935
70 70 0 0 936
70 70 0 0 937
70 70 0 0 938
70 70 0 0 939
70 71 0 0 940
70 71 0 0 941
70 71 0 0 942
70 70 0 0 943
70 70 0 0 944
70 70 0 0 945
70 71 0 0 946
70 71 0 0 947
70 70 0 0 948
70 70 0 0 949
70 70 0 0 950
70 70 0 0 951
70 70 0 0 952
70 70 0 0 953
70 70 0 0 954
70 70 0 0 955
70 71 0 0 956
70 71 0 0 957
70 71 0 0 958
70 71 0 0 959
70 70 0 0 960
70 70 0 0 961
70 70 0 0 962
70 71 0 0 963
70 71 0 0 964
70 70 0 0 965
70 70 0 0 966
70 70 0 0 967
70 71 0 0 968
70 71 0 0 969
70 70 0 0 970
70 70 0 0 971
70 70 0 0 972
70 70 0 0 973
70 70 0 0 974
70 70 0 0 975
70 70 0 0 976
70 70 0 0 977
70 70 0 0 978
70 70 0 0 979
70 71 0 0 980
70 70 0 0 981
70 70 0 0 982
70 70 0 0 983
70 70 0 0 984
70 70 0 0 985
70 70 0 0 986
70 70 0 0 987
70 70 0 0 988
70 70 0 0 989
70 70 0 0 990
70 70 0 0 991
70 70 0 0 992
70 70 0 0 993
70 70 0 0 994
70 70 0 0 995
70 71 0 0 996
70 71 0 0 997
70 70 0 0 998
70 70 0 0 999
70 70 0 0 1000
70 70 0 0 1001
70 70 0 0 1002
70 70 0 0 1003
70 70 0 0 1004
70 70 0 0 1005
70 70 0 0 1006
70 70 0 0 1007
70 71 0 0 1008
70 71 0 0 1009
70 70 0 0 1010
70 70 0 0 1011
70 70 0 0 1012
70 71 0 0 1013
70 71 0 0 1014
70 70 0 0 1015
70 70 0 0 1016
70 70 0 0 1017
70 70 0 0 1018
70 70 0 0 1019
70 70 0 0 1020
70 70 0 0 1021
70 70 0 0 1022
70 70 0 0 1023
70 70 0 0 1024
70 71 0 0 1025
70 70 0 0 1026
70 70 0 0 1027
70 70 0 0 1028
70 70 0 0 1029
70 70 0 0 1030
70 70 0 0 1031
70 70 0 0 1032
70 70 0 0 1033
70 70 0 0 1034
70 70 0 0 1035
70 70 0 0 1036
70 70 0 0 1037
70 70 0 0 1038
70 70 0 0 1039
70 70 0 0 1040
70 71 0 0 1041
70 71 0 0 1042
70 70 0 0 1043
70 70 0 0 1044
70 70 0 0 1045
70 71 0 0 1046
70 71 0 0 1047
70 70 0 0 1048
70 70 0 0 1049
70 70 0 0 1050
70 70 0 0 1051
70 70 0 0 1052
70 70 0 0 1053
70 70 0 0 1054
70 70 0 0 1055
70 70 0 0 1056
70 70 0 0 1057
70 71 0 0 1058
70 71 0 0 1059
70 70 0 0 1060
70 70 0 0 1061
70 70 0 0 1062
70 70 0 0 1063
70 70 0 0 1064
70 70 0 0 1065
70 70 0 0 1066
71 70 0 0 1067
72 70 0 0 1068
74 70 0 0 1069
75 71 0 0 1070
76 70 0 0 1071
78 70 0 0 1072
79 71 0 0 1073
81 71 0 0 1074
82 72 0 0 1075
84 72 0 0 1076
85 72 0 0 1077
87 73 0 0 1078
88 73 0 0 1079
89 75 0 0 1080
91 75 0 0 1081
92 75 0 0 1082
94 77 0 0 1083
95 77 0 0 1084
97 78 0 0 1085
98 80 0 0 1086
100 80 0 0 1087
100 81 0 0 1088
100 81 0 0 1089
100 82 0 0 1090
100 84 0 0 1091
100 84 0 0 1092
100 85 0 0 1093
100 85 0 0 1094
100 87 0 0 1095
100 87 0 0 1096
100 87 0 0 1097
100 88 0 0 1098
100 88 0 0 1099
100 90 0 0 1100
100 90 0 0 1101
100 90 0 0 1102
100 91 0 0 1103
100 91 0 0 1104
100 92 0 0 1105
100 93 0 0 1106
100 93 0 0 1107
100 93 0 0 1108
100 93 0 0 1109
100 93 0 0 1110
100 94 0 0 1111
100 94 0 0 1112
100 95 0 0 1113
100 95 0 0 1114
100 95 0 0 1115
100 95 0 0 1116
100 95 0 0 1117
100 95 0 0 1118
100 95 0 0 1119
100 96 0 0 1120
100 96 0 0 1121
100 96 0 0 1122
100 97 0 0 1123
100 97 0 0 1124
100 97 0 0 1125
100 96 0 0 1126
100 96 0 0 1127
100 97 0 0 1128
100 97 0 0 1129
100 97 0 0 1130
100 97 0 0 1131
100 97 0 0 1132
100 97 0 0 1133
100 97 0 0 1134
100 97 0 0 1135
100 98 0 0 1136
100 98 0 0 1137
100 97 0 0 1138
100 97 0 0 1139
100 98 0 0 1140
100 98 0 0 1141
100 98 0 0 1142
100 98 0 0 1143
100 98 0 0 1144
100 98 0 0 1145
100 98 0 0 1146
100 98 0 0 1147
100 99 0 0 1148
100 99 0 0 1149
100 98 0 0 1150
100 98 0 0 1151
100 98 0 0 1152
100 99 0 0 1153
100 99 0 0 1154
100 98 0 0 1155
100 99 0 0 1156
100 99 0 0 1157
100 99 0 0 1158
100 99 0 0 1159
100 98 0 0 1160
100 99 0 0 1161
100 99 0 0 1162
100 99 0 0 1163
100 99 0 0 1164
100 99 0 0 1165
100 99 0 0 1166
100 99 0 0 1167
100 99 0 0 1168
100 99 0 0 1169
100 99 0 0 1170
100 99 0 0 1171
100 99 0 0 1172
100 99 0 0 1173
100 99 0 0 1174
100 99 0 0 1175
100 99 0 0 1176
100 99 0 0 1177
100 99 0 0 1178
100 99 0 0 1179
100 99 0 0 1180
100 99 0 0 1181
100 99 0 0 1182
100 99 0 0 1183
100 99 0 0 1184
100 99 0 0 1185
100 99 0 0 1186
100 99 0 0 1187
100 99 0 0 1188
100 99 0 0 1189
100 99 0 0 1190
100 99 0 0 1191
100 99 0 0 1192
100 99 0 0 1193
100 99 0 0 1194
100 99 0 0 1195
100 99 0 0 1196
100 99 0 0 1197
100 99 0 0 1198
100 99 0 0 1199
100 99 0 0 1200
100 99 0 0 1201
100 99 0 0 1202
100 99 0 0 1203
100 99 0 0 1204
100 99 0 0 1205
100 99 0 0 1206
100 99 0 0 1207
100 99 0 0 1208
100 99 0 0 1209
100 99 0 0 1210
100 99 0 0 1211
100 99 0 0 1212
100 99 0 0 1213
100 99 0 0 1214
100 99 0 0 1215
100 99 0 0 1216
100 99 0 0 1217
100 99 0 0 1218
100 99 0 0 1219
100 99 0 0 1220
100 99 0 0 1221
100 99 0 0 1222
100 100 0 0 1223
100 100 0 0 1224
100 99 0 0 1225
100 99 0 0 1226
100 99 0 0 1227
100 99 0 0 1228
100 99 0 0 1229
100 99 0 0 1230
100 99 0 0 1231
100 99 0 0 1232
100 99 0 0 1233
100 99 0 0 1234
100 99 0 0 1235
100 99 0 0 1236
100 99 0 0 1237
100 99 0 0 1238
100 99 0 0 1239
100 100 0 0 1240
100 99 0 0 1241
100 99 0 0 1242
100 100 0 0 1243
100 100 0 0 1244
100 99 0 0 1245
100 99 0 0 1246
100 99 0 0 1247
100 100 0 0 1248
100 100 0 0 1249
100 99 0 0 1250
100 100 0 0 1251
100 100 0 0 1252
100 99 0 0 1253
100 99 0 0 1254
100 100 0 0 1255
100 100 0 0 1256
100 100 0 0 1257
100 99 0 0 1258
100 99 0 0 1259
100 100 0 0 1260
100 99 0 0 1261
100 99 0 0 1262
100 100 0 0 1263
100 100 0 0 1264
100 100 0 0 1265
100 99 0 0 1266
100 99 0 0 1267
100 100 0 0 1268
100 100 0 0 1269
100 99 0 0 1270
100 100 0 0 1271
100 100 0 0 1272
100 99 0 0 1273
100 99 0 0 1274
100 99 0 0 1275
100 100 0 0 1276
100 100 0 0 1277
100 99 0 0 1278
100 99 0 0 1279
100 100 0 0 1280
100 99 0 0 1281
100 99 0 0 1282
100 100 0 0 1283
100 100 0 0 1284
100 100 0 0 1285
100 99 0 0 1286
100 99 0 0 1287
100 100 0 0 1288
100 100 0 0 1289
100 99 0 0 1290
100 100 0 0 1291
100 100 0 0 1292
100 100 0 0 1293
100 100 0 0 1294
100 99 0 0 1295
100 100 0 0 1296
100 100 0 0 1297
100 99 0 0 1298
100 99 0 0 1299
100 100 0 0 1300
100 100 0 0 1301
100 100 0 0 1302
100 99 0 0 1303
100 99 0 0 1304
100 100 0 0 1305
100 99 0 0 1306
100 99 0 0 1307
100 100 0 0 1308
100 100 0 0 1309
100 99 0 0 1310
100 100 0 0 1311
100 100 0 0 1312
100 100 0 0 1313
100 100 0 0 1314
100 99 0 0 1315
100 100 0 0 1316
100 100 0 0 1317
100 100 0 0 1318
100 100 0 0 1319
100 100 0 0 1320
100 100 0 0 1321
100 100 0 0 1322
100 100 0 0 1323
100 100 0 0 1324
100 100 0 0 1325
100 99 0 0 1326
100 99 0 0 1327
100 100 0 0 1328
100 100 0 0 1329
100 100 0 0 1330
100 100 0 0 1331
100 100 0 0 1332
100 100 0 0 1333
100 100 0 0 1334
100 99 0 0 1335
100 100 0 0 1336
100 100 0 0 1337
100 99 0 0 1338
100 99 0 0 1339
100 100 0 0 1340
100 100 0 0 1341
100 100 0 0 1342
100 99 0 0 1343
100 99 0 0 1344
100 100 0 0 1345
100 99 0 0 1346
100 99 0 0 1347
100 100 0 0 1348
100 100 0 0 1349
100 100 0 0 1350
100 99 0 0 1351
100 99 0 0 1352
100 100 0 0 1353
100 100 0 0 1354
100 99 0 0 1355
100 100 0 0 1356
100 100 0 0 1357
100 100 0 0 1358
100 100 0 0 1359
100 100 0 0 1360
100 100 0 0 1361
100 100 0 0 1362
100 99 0 0 1363
100 99 0 0 1364
100 100 0 0 1365
100 100 0 0 1366
100 100 0 0 1367
100 100 0 0 1368
100 100 0 0 1369
100 100 0 0 1370
100 100 0 0 1371
100 100 0 0 1372
100 100 0 0 1373
100 100 0 0 1374
100 99 0 0 1375
100 100 0 0 1376
100 100 0 0 1377
100 100 0 0 1378
100 100 0 0 1379
100 100 0 0 1380
100 100 0 0 1381
100 100 0 0 1382
100 99 0 0 1383
100 99 0 0 1384
100 100 0 0 1385
100 99 0 0 1386
100 99 0 0 1387
100 100 0 0 1388
100 100 0 0 1389
100 100 0 0 1390
100 99 0 0 1391
100 99 0 0 1392
100 100 0 0 1393
100 100 0 0 1394
100 100 0 0 1395
100 100 0 0 1396
100 100 0 0 1397
100 100 0 0 1398
100 100 0 0 1399
100 100 0 0 1400
100 100 0 0 1401
100 100 0 0 1402
100 100 0 0 1403
100 100 0 0 1404
100 100 0 0 1405
100 100 0 0 1406
100 100 0 0 1407
100 100 0 0 1408
100 100 0 0 1409
100 100 0 0 1410
100 99 0 0 1411
100 99 0 0 1412
100 100 0 0 1413
100 100 0 0 1414
100 100 0 0 1415
100 100 0 0 1416
100 100 0 0 1417
100 100 0 0 1418
100 100 0 0 1419
100 100 0 0 1420
100 100 0 0 1421
100 100 0 0 1422
100 99 0 0 1423
100 99 0 0 1424
100 100 0 0 1425
100 99 0 0 1426
100 99 0 0 1427
100 100 0 0 1428
100 100 0 0 1429
100 100 0 0 1430
100 99 0 0 1431
100 99 0 0 1432
100 100 0 0 1433
100 100 0 0 1434
100 99 0 0 1435
100 100 0 0 1436
100 100 0 0 1437
100 100 0 0 1438
100 100 0 0 1439
100 100 0 0 1440
100 100 0 0 1441
100 100 0 0 1442
100 100 0 0 1443
100 100 0 0 1444
100 100 0 0 1445
100 100 0 0 1446
100 100 0 0 1447
100 100 0 0 1448
100 100 0 0 1449
100 100 0 0 1450
100 99 0 0 1451
100 99 0 0 1452
100 100 0 0 1453
100 100 0 0 1454
100 99 0 0 1455
100 100 0 0 1456
100 100 0 0 1457
100 100 0 0 1458
100 100 0 0 1459
100 100 0 0 1460
100 100 0 0 1461
100 100 0 0 1462
100 100 0 0 1463
100 100 0 0 1464
100 100 0 0 1465
100 100 0 0 1466
100 100 0 0 1467
100 100 0 0 1468
100 100 0 0 1469
100 100 0 0 1470
100 100 0 0 1471
100 100 0 0 1472
100 100 0 0 1473
100 100 0 0 1474
100 100 0 0 1475
100 100 0 0 1476
100 100 0 0 1477
100 100 0 0 1478
100 100 0 0 1479
100 100 0 0 1480
100 100 0 0 1481
100 100 0 0 1482
100 100 0 0 1483
100 100 0 0 1484
100 100 0 0 1485
100 100 0 0 1486
100 100 0 0 1487
100 100 0 0 1488
100 100 0 0 1489
100 100 0 0 1490
100 100 0 0 1491
100 100 0 0 1492
100 100 0 0 1493
100 100 0 0 1494
100 100 0 0 1495
100 100 0 0 1496
100 100 0 0 1497
100 100 0 0 1498
100 100 0 0 1499
100 100 0 0 1500
100 100 0 0 1501
100 100 0 0 1502
100 100 0 0 1503
100 100 0 0 1504
100 100 0 0 1505
100 100 0 0 1506
100 100 0 0 1507
100 100 0 0 1508
100 100 0 0 1509
100 100 0 0 1510
100 100 0 0 1511
100 100 0 0 1512
100 100 0 0 1513
100 100 0 0 1514
100 100 0 0 1515
100 100 0 0 1516
100 100 0 0 1517
100 100 0 0 1518
100 100 0 0 1519
100 100 0 0 1520
100 100 0 0 1521
100 100 0 0 1522
100 100 0 0 1523
100 100 0 0 1524
100 100 0 0 1525
100 100 0 0 1526
100 100 0 0 1527
100 100 0 0 1528
100 100 0 0 1529
100 100 0 0 1530
100 100 0 0 1531
100 100 0 0 1532
100 100 0 0 1533
100 100 0 0 1534
100 100 0 0 1535
100 100 0 0 1536
100 100 0 0 1537
100 100 0 0 1538
100 100 0 0 1539
100 100 0 0 1540
100 100 0 0 1541
100 100 0 0 1542
100 100 0 0 1543
100 100 0 0 1544
100 100 0 0 1545
100 100 0 0 1546
100 100 0 0 1547
100 100 0 0 1548
100 100 0 0 1549
100 100 0 0 1550
100 100 0 0 1551
100 100 0 0 1552
100 100 0 0 1553
100 100 0 0 1554
100 100 0 0 1555
100 100 0 0 1556
100 100 0 0 1557
100 100 0 0 1558
100 100 0 0 1559
100 100 0 0 1560
100 100 0 0 1561
100 100 0 0 1562
100 100 0 0 1563
100 100 0 0 1564
100 100 0 0 1565
100 100 0 0 1566
100 100 0 0 1567
100 100 0 0 1568
100 100 0 0 1569
100 100 0 0 1570
100 100 0 0 1571
100 100 0 0 1572
100 100 0 0 1573
100 100 0 0 1574
100 100 0 0 1575
100 100 0 0 1576
100 100 0 0 1577
100 100 0 0 1578
100 100 0 0 1579
100 100 0 0 1580
100 100 0 0 1581
100 100 0 0 1582
100 100 0 0 1583
100 100 0 0 1584
100 100 0 0 1585
100 99 0 0 1586
100 99 0 0 1587
100 100 0 0 1588
100 100 0 0 1589
100 100 0 0 1590
100 100 0 0 1591
100 100 0 0 1592
100 100 0 0 1593
100 100 0 0 1594
100 99 0 0 1595
100 100 0 0 1596
100 100 0 0 1597
100 100 0 0 1598
100 100 0 0 1599
100 100 0 0 1600
100 100 0 0 1601
100 100 0 0 1602
100 100 0 0 1603
100 100 0 0 1604
100 100 0 0 1605
100 100 0 0 1606
100 100 0 0 1607
100 100 0 0 1608
100 100 0 0 1609
100 100 0 0 1610
100 100 0 0 1611
100 100 0 0 1612
100 100 0 0 1613
100 100 0 0 1614
100 100 0 0 1615
100 100 0 0 1616
100 100 0 0 1617
100 100 0 0 1618
100 100 0 0 1619
100 100 0 0 1620
100 100 0 0 1621
100 100 0 0 1622
100 100 0 0 1623
100 100 0 0 1624
100 100 0 0 1625
100 99 0 0 1626
100 99 0 0 1627
100 100 0 0 1628
100 100 0 0 1629
100 100 0 0 1630
100 100 0 0 1631
100 100 0 0 1632
100 100 0 0 1633
100 100 0 0 1634
100 100 0 0 1635
100 100 0 0 1636
100 100 0 0 1637
100 100 0 0 1638
100 100 0 0 1639
100 100 0 0 1640
100 100 0 0 1641
100 100 0 0 1642
100 100 0 0 1643
100 100 0 0 1644
100 100 0 0 1645
100 99 0 0 1646
100 99 0 0 1647
100 100 0 0 1648
100 100 0 0 1649
100 100 0 0 1650
100 100 0 0 1651
100 100 0 0 1652
100 100 0 0 1653
100 100 0 0 1654
100 100 0 0 1655
100 100 0 0 1656
100 100 0 0 1657
100 100 0 0 1658
100 100 0 0 1659
100 100 0 0 1660
100 100 0 0 1661
100 100 0 0 1662
100 100 0 0 1663
100 100 0 0 1664
100 100 0 0 1665
100 99 0 0 1666
100 99 0 0 1667
100 100 0 0 1668
100 100 0 0 1669
100 100 0 0 1670
100 100 0 0 1671
100 100 0 0 1672
100 100 0 0 1673
100 100 0 0 1674
100 100 0 0 1675
100 100 0 0 1676
100 100 0 0 1677
100 100 0 0 1678
100 100 0 0 1679
100 100 0 0 1680
100 100 0 0 1681
100 100 0 0 1682
100 100 0 0 1683
100 100 0 0 1684
100 100 0 0 1685
100 100 0 0 1686
100 100 0 0 1687
100 100 0 0 1688
100 100 0 0 1689
100 100 0 0 1690
100 100 0 0 1691
100 100 0 0 1692
100 100 0 0 1693
100 100 0 0 1694
100 100 0 0 1695
100 100 0 0 1696
100 100 0 0 1697
100 100 0 0 1698
100 100 0 0 1699
100 100 0 0 1700
100 100 0 0 1701
100 100 0 0 1702
100 100 0 0 1703
100 100 0 0 1704
100 100 0 0 1705
100 100 0 0 1706
100 100 0 0 1707
100 100 0 0 1708
100 100 0 0 1709
100 100 0 0 1710
100 100 0 0 1711
100 100 0 0 1712
100 100 0 0 1713
100 100 0 0 1714
100 100 0 0 1715
100 100 0 0 1716
100 100 0 0 1717
100 100 0 0 1718
100 100 0 0 1719
100 100 0 0 1720
100 100 0 0 1721
100 100 0 0 1722
100 100 0 0 1723
100 100 0 0 1724
100 100 0 0 1725
100 100 0 0 1726
100 100 0 0 1727
100 100 0 0 1728
100 100 0 0 1729
100 100 0 0 1730
100 100 0 0 1731
100 100 0 0 1732
100 100 0 0 1733
100 100 0 0 1734
100 100 0 0 1735
100 100 0 0 1736
100 100 0 0 1737
100 100 0 0 1738
100 100 0 0 1739
100 100 0 0 1740
100 100 0 0 1741
100 100 0 0 1742
100 100 0 0 1743
100 100 0 0 1744
100 100 0 0 1745
100 100 0 0 1746
100 100 0 0 1747
100 100 0 0 1748
100 100 0 0 1749
100 100 0 0 1750
100 100 0 0 1751
100 100 0 0 1752
100 100 0 0 1753
100 100 0 0 1754
100 100 0 0 1755
100 100 0 0 1756
100 100 0 0 1757
100 100 0 0 1758
100 100 0 0 1759
100 100 0 0 1760
100 100 0 0 1761
100 100 0 0 1762
100 100 0 0 1763
100 100 0 0 1764
100 100 0 0 1765
100 100 0 0 1766
100 100 0 0 1767
100 100 0 0 1768
100 100 0 0 1769
100 100 0 0 1770
100 100 0 0 1771
100 100 0 0 1772
100 100 0 0 1773
100 100 0 0 1774
100 100 0 0 1775
100 100 0 0 1776
100 100 0 0 1777
100 100 0 0 1778
100 100 0 0 1779
100 100 0 0 1780
100 100 0 0 1781
100 100 0 0 1782
100 100 0 0 1783
100 100 0 0 1784
100 100 0 0 1785
100 100 0 0 1786
100 100 0 0 1787
100 100 0 0 1788
100 100 0 0 1789
100 100 0 0 1790
100 100 0 0 1791
100 100 0 0 1792
100 100 0 0 1793
100 100 0 0 1794
100 100 0 0 1795
100 100 0 0 1796
100 100 0 0 1797
100 100 0 0 1798
100 100 0 0 1799
100 100 0 0 1800
100 100 0 0 1801
100 100 0 0 1802
100 100 0 0 1803
100 100 0 0 1804
100 100 0 0 1805
100 100 0 0 1806
100 100 0 0 1807
100 100 0 0 1808
100 100 0 0 1809
100 99 0 0 1810
100 100 0 0 1811
100 100 0 0 1812
100 100 0 0 1813
100 100 0 0 1814
100 100 0 0 1815
100 100 0 0 1816
100 100 0 0 1817
100 100 0 0 1818
100 100 0 0 1819
100 100 0 0 1820
100 100 0 0 1821
100 100 0 0 1822
100 100 0 0 1823
100 100 0 0 1824
100 100 0 0 1825
100 100 0 0 1826
100 100 0 0 1827
100 100 0 0 1828
100 100 0 0 1829
100 100 0 0 1830
100 100 0 0 1831
100 100 0 0 1832
100 99 0 0 1833
100 99 0 0 1834
100 100 0 0 1835
100 100 0 0 1836
100 100 0 0 1837
100 100 0 0 1838
100 100 0 0 1839
100 100 0 0 1840
100 100 0 0 1841
100 100 0 0 1842
100 100 0 0 1843
100 100 0 0 1844
100 100 0 0 1845
100 100 0 0 1846
100 100 0 0 1847
100 100 0 0 1848
100 100 0 0 1849
100 100 0 0 1850
100 100 0 0 1851
100 100 0 0 1852
100 100 0 0 1853
100 100 0 0 1854
100 100 0 0 1855
100 100 0 0 1856
100 100 0 0 1857
100 100 0 0 1858
100 100 0 0 1859
100 100 0 0 1860
100 100 0 0 1861
100 100 0 0 1862
100 100 0 0 1863
100 100 0 0 1864
100 100 0 0 1865
100 100 0 0 1866
100 100 0 0 1867
100 100 0 0 1868
100 100 0 0 1869
100 100 0 0 1870
100 100 0 0 1871
100 100 0 0 1872
100 100 0 0 1873
100 100 0 0 1874
100 100 0 0 1875
100 100 0 0 1876
100 100 0 0 1877
100 100 0 0 1878
100 100 0 0 1879
100 100 0 0 1880
100 100 0 0 1881
100 100 0 0 1882
100 100 0 0 1883
100 100 0 0 1884
100 100 0 0 1885
100 100 0 0 1886
100 100 0 0 1887
100 100 0 0 1888
100 100 0 0 1889
100 100 0 0 1890
100 100 0 0 1891
100 100 0 0 1892
100 100 0 0 1893
100 100 0 0 1894
100 100 0 0 1895
100 100 0 0 1896
100 100 0 0 1897
100 100 0 0 1898
100 100 0 0 1899
100 101 0 0 1900
100 100 0 0 1901
100 100 0 0 1902
100 100 0 0 1903
100 100 0 0 1904
100 100 0 0 1905
100 100 0 0 1906
100 100 0 0 1907
100 100 0 0 1908
100 100 0 0 1909
100 100 0 0 1910
100 100 0 0 1911
100 100 0 0 1912
100 100 0 0 1913
100 100 0 0 1914
100 100 0 0 1915
100 100 0 0 1916
100 100 0 0 1917
100 100 0 0 1918
100 100 0 0 1919
100 100 0 0 1920
100 100 0 0 1921
100 100 0 0 1922
100 100 0 0 1923
100 100 0 0 1924
100 100 0 0 1925
100 100 0 0 1926
100 100 0 0 1927
100 100 0 0 1928
100 100 0 0 1929
100 100 0 0 1930
100 100 0 0 1931
100 100 0 0 1932
100 100 0 0 1933
100 100 0 0 1934
100 101 0 0 1935
100 100 0 0 1936
100 100 0 0 1937
100 100 0 0 1938
100 100 0 0 1939
100 100 0 0 1940
100 100 0 0 1941
100 100 0 0 1942
100 100 0 0 1943
100 100 0 0 1944
100 100 0 0 1945
100 100 0 0 1946
100 100 0 0 1947
100 100 0 0 1948
100 100 0 0 1949
100 100 0 0 1950
100 100 0 0 1951
100 100 0 0 1952
100 100 0 0 1953
100 100 0 0 1954
100 100 0 0 1955
100 100 0 0 1956
100 100 0 0 1957
100 100 0 0 1958
100 100 0 0 1959
100 100 0 0 1960
100 100 0 0 1961
100 100 0 0 1962
100 100 0 0 1963
100 100 0 0 1964
100 100 0 0 1965
100 100 0 0 1966
100 100 0 0 1967
100 100 0 0 1968
100 100 0 0 1969
100 100 0 0 1970
100 100 0 0 1971
100 100 0 0 1972
100 100 0 0 1973
100 100 0 0 1974
100 100 0 0 1975
100 100 0 0 1976
100 100 0 0 1977
100 100 0 0 1978
100 100 0 0 1979
100 100 0 0 1980
100 100 0 0 1981
100 100 0 0 1982
100 100 0 0 1983
100 100 0 0 1984
100 100 0 0 1985
100 100 0 0 1986
100 100 0 0 1987
100 100 0 0 1988
100 100 0 0 1989
100 100 0 0 1990
100 100 0 0 1991
100 100 0 0 1992
100 100 0 0 1993
100 100 0 0 1994
100 100 0 0 1995
100 100 0 0 1996
100 100 0 0 1997
100 100 0 0 1998
100 100 0 0 1999