3000 3039 2151 0 0
3000 2897 2311 0 1
3000 2783 2537 0 2
3000 2650 2681 0 3
3000 2424 2861 0 4
3000 2287 2962 0 5
3000 2072 3095 0 6
3000 1886 3246 0 7
3000 1690 3383 0 8
3000 1493 3509 0 9
3000 1281 3555 0 10
3000 1080 3570 0 11
3000 866 3659 0 12
3000 670 3659 0 13
3000 451 3664 0 14
3000 281 3748 0 15
3000 83 3854 0 16
3000 -85 3772 0 17
3000 -307 3693 0 18
3000 -455 3573 0 19
3000 -654 3512 0 20
3000 -838 3484 0 21
3000 -1012 3417 0 22
3000 -1168 3369 0 23
3000 -1273 3328 0 24
3000 -1474 3211 0 25
3000 -1685 3093 0 26
3000 -1822 2993 0 27
3000 -1934 2860 0 28
3000 -2126 2706 0 29
3000 -2214 2580 0 30
3000 -2334 2518 0 31
3000 -2477 2351 0 32
3000 -2645 2269 0 33
3000 -2857 2258 0 34
3000 -2951 1970 0 35
3000 -3051 1799 0 36
3000 -3109 1748 0 37
3000 -3219 1677 0 38
3000 -3360 1476 0 39
3000 -3398 1323 0 40
3000 -3472 1216 0 41
3000 -3518 1030 0 42
3000 -3580 875 0 43
3000 -3581 710 0 44
3000 -3628 542 0 45
3000 -3646 335 0 46
3000 -3654 147 0 47
3000 -3645 -27 0 48
3000 -3653 -115 0 49
3000 -3609 -244 0 50
3000 -3582 -420 0 51
3000 -3556 -495 0 52
3000 -3509 -615 0 53
3000 -3553 -807 0 54
3000 -3484 -920 0 55
3000 -3413 -1050 0 56
3000 -3445 -1146 0 57
3000 -3337 -1284 0 58
3000 -3202 -1459 0 59
3000 -3160 -1623 0 60
3000 -3013 -1791 0 61
3000 -2872 -1979 0 62
3000 -2737 -2130 0 63
3000 -2647 -2304 0 64
3000 -2495 -2411 0 65
3000 -2320 -2495 0 66
3000 -2263 -2590 0 67
3000 -2021 -2781 0 68
3000 -1937 -2880 0 69
3000 -1755 -3018 0 70
3000 -1631 -3031 0 71
3000 -1498 -3173 0 72
3000 -1389 -3285 0 73
3000 -1280 -3332 0 74
3000 -1116 -3397 0 75
3000 -983 -3464 0 76
3000 -846 -3477 0 77
3000 -615 -3498 0 78
3000 -466 -3588 0 79
3000 -355 -3591 0 80
3000 -203 -3658 0 81
3000 -123 -3604 0 82
3000 67 -3618 0 832
3000 232 -3559 0 84
3000 335 -3569 0 85
3000 490 -3586 0 86
3000 626 -3454 0 87
3000 870 -3431 0 88
3000 1057 -3341 0 89
3000 1274 -3266 0 90
3000 1439 -3244 0 91
3000 1585 -3260 0 92
3000 1812 -3230 0 93
3000 1981 -3084 0 94
3000 2127 -2928 0 95
3000 2245 -2870 0 96
3000 2383 -2775 0 97
3000 2545 -2653 0 98
3000 2663 -2505 0 99
3000 2735 -2368 0 100
3000 2944 -2245 0 101
3000 3013 -2159 0 102
3000 3243 -1999 0 103
3000 3347 -1843 0 104
3000 3457 -1637 0 105
3000 3544 -1446 0 106
3000 3624 -1323 0 107
3000 3690 -1079 0 108
3000 3779 -859 0 109
3000 3836 -656 0 110
3000 3837 -411 0 111
3000 3885 -195 0 112
3000 3868 -102 0 113
3000 3933 75 0 1143
3000 3916 309 0 115
3000 3889 536 0 116
3000 3866 814 0 117
3000 3806 1044 0 118
3000 3770 1258 0 119
3000 3623 1460 0 120
3000 3571 1583 0 121
3000 3403 1793 0 122
3000 3292 1964 0 123
3000 3111 2109 0 124
3000 2931 2327 0 125
3000 2751 2416 0 126
3000 2574 2605 0 127
3000 2427 2770 0 128
3000 2289 2982 0 129
3000 2067 3134 0 130
3000 1918 3234 0 131
3000 1746 3274 0 132
3000 1541 3422 0 133
3000 1306 3535 0 134
3000 1093 3587 0 135
3000 889 3711 0 136
3000 681 3677 0 137
3000 501 3678 0 138
3000 252 3693 0 139
3000 49 3707 0 140
3000 -123 3688 0 141
3000 -311 3702 0 142
3000 -440 3618 0 143
3000 -593 3564 0 144
3000 -773 3487 0 145
3000 -974 3483 0 146
3000 -1074 3422 0 147
3000 -1222 3323 0 148
3000 -1351 3226 0 149
3000 -1659 3143 0 150
3000 -1749 3009 0 151
3000 -1930 2878 0 152
3000 -2087 2757 0 153
3000 -2188 2700 0 154
3000 -2378 2593 0 155
3000 -2507 2392 0 156
3000 -2693 2299 0 157
3000 -2817 2200 0 158
3000 -2921 2020 0 159
3000 -3052 1915 0 160
3000 -3130 1774 0 161
3000 -3228 1610 0 162
3000 -3272 1477 0 163
3000 -3343 1305 0 164
3000 -3447 1174 0 165
3000 -3424 1016 0 166
3000 -3577 882 0 167
3000 -3601 728 0 168
3000 -3560 600 0 169
3000 -3616 449 0 170
3000 -3632 283 0 171
3000 -3660 57 0 172
3000 -3673 -72 0 173
3000 -3720 -192 0 174
3000 -3633 -370 0 175
3000 -3634 -502 0 176
3000 -3543 -632 0 177
3000 -3544 -719 0 178
3000 -3488 -888 0 179
3000 -3451 -1056 0 180
3000 -3352 -1207 0 181
3000 -3214 -1335 0 182
3000 -3144 -1410 0 183
3000 -3038 -1563 0 184
3000 -2953 -1835 0 185
3000 -2897 -1892 0 186
3000 -2779 -2110 0 187
3000 -2651 -2200 0 188
3000 -2542 -2315 0 189
3000 -2404 -2444 0 190
3000 -2292 -2604 0 191
3000 -2145 -2718 0 192
3000 -2016 -2869 0 193
3000 -1793 -2979 0 194
3000 -1686 -3098 0 195
3000 -1611 -3183 0 196
3000 -1447 -3268 0 197
3000 -1273 -3318 0 198
3000 -1142 -3433 0 199
3000 -998 -3446 0 200
3000 -862 -3506 0 201
3000 -693 -3505 0 202
3000 -532 -3566 0 203
3000 -418 -3650 0 204
3000 -245 -3597 0 205
3000 -131 -3592 0 206
3000 11 -3590 0 2076
3000 160 -3570 0 208
3000 304 -3623 0 209
3000 424 -3652 0 210
3000 580 -3548 0 211
3000 806 -3462 0 212
3000 1004 -3383 0 213
3000 1169 -3240 0 214
3000 1400 -3211 0 215
3000 1618 -3168 0 216
3000 1772 -3119 0 217
3000 1942 -2978 0 218
3000 2066 -2914 0 219
3000 2217 -2901 0 220
3000 2275 -2791 0 221
3000 2437 -2650 0 222
3000 2668 -2536 0 223
3000 2828 -2397 0 224
3000 2957 -2297 0 225
3000 3041 -2202 0 226
3000 3213 -2052 0 227
3000 3320 -1842 0 228
3000 3436 -1706 0 229
3000 3496 -1536 0 230
3000 3625 -1410 0 231
3000 3689 -1207 0 232
3000 3708 -975 0 233
3000 3798 -801 0 234
3000 3777 -526 0 235
3000 3854 -298 0 236
3000 3869 -53 0 237
3000 3959 15 0 238
3000 3924 268 0 239
3000 3864 507 0 240
3000 3849 712 0 241
3000 3803 971 0 242
3000 3799 1218 0 243
3000 3684 1441 0 244
3000 3508 1582 0 245
3000 3420 1767 0 246
3000 3299 1951 0 247
3000 3188 2080 0 248
3000 3009 2250 0 249
3000 2793 2401 0 250
3000 2646 2654 0 251
3000 2434 2832 0 252
3000 2330 2944 0 253
3000 2186 3069 0 254
3000 1903 3164 0 255
3000 1759 3285 0 256
3000 1520 3342 0 257
3000 1396 3475 0 258
3000 1176 3552 0 259
3000 937 3597 0 260
3000 769 3654 0 261
3000 597 3712 0 262
3000 327 3683 0 263
3000 51 3599 0 264
3000 -41 3687 0 265
3000 -294 3744 0 266
3000 -480 3751 0 267
3000 -656 3636 0 268
3000 -810 3546 0 269
3000 -894 3456 0 270
3000 -972 3407 0 271
3000 -1194 3325 0 272
3000 -1357 3194 0 273
3000 -1534 3062 0 274
3000 -1689 2947 0 275
3000 -1872 2951 0 276
3000 -2071 2820 0 277
3000 -2209 2700 0 278
3000 -2335 2554 0 279
3000 -2443 2473 0 280
3000 -2619 2352 0 281
3000 -2771 2165 0 282
3000 -2885 2070 0 283
3000 -2934 1933 0 284
3000 -3037 1797 0 285
3000 -3151 1746 0 286
3000 -3248 1625 0 287
3000 -3284 1395 0 288
3000 -3394 1213 0 289
3000 -3541 1026 0 290
3000 -3647 884 0 291
3000 -3627 789 0 292
3000 -3650 592 0 293
3000 -3640 416 0 294
3000 -3653 255 0 295
3000 -3720 137 0 296
3000 -3694 -54 0 297
3000 -3655 -193 0 298
3000 -3658 -306 0 299
3000 -3586 -451 0 300
3000 -3562 -598 0 301
3000 -3559 -739 0 302
3000 -3495 -861 0 303
3000 -3481 -942 0 304
3000 -3341 -1087 0 305
3000 -3302 -1253 0 306
3000 -3203 -1375 0 307
3000 -3106 -1574 0 308
3000 -3012 -1721 0 309
3000 -3002 -1960 0 310
3000 -2849 -2055 0 311
3000 -2669 -2184 0 312
3000 -2541 -2316 0 313
3000 -2439 -2413 0 314
3000 -2327 -2563 0 315
3000 -2168 -2681 0 316
3000 -2067 -2816 0 317
3000 -1904 -2847 0 318
3000 -1697 -2973 0 319
3000 -1560 -3060 0 320
3000 -1410 -3213 0 321
3000 -1248 -3316 0 322
3000 -1218 -3379 0 323
3000 -1010 -3389 0 324
3000 -870 -3425 0 325
3000 -704 -3507 0 326
3000 -587 -3605 0 327
3000 -426 -3578 0 328
3000 -231 -3701 0 329
3000 -158 -3624 0 330
3000 2 -3630 0 33130
3000 69 -3634 0 3320
3000 166 -3662 0 333
3000 358 -3552 0 334
3000 575 -3616 0 335
3000 790 -3512 0 336
3000 954 -3404 0 337
3000 1198 -3350 0 338
3000 1350 -3342 0 339
3000 1421 -3163 0 340
3000 1755 -3121 0 341
3000 1893 -3070 0 342
3000 2097 -3003 0 343
3000 2278 -2892 0 344
3000 2369 -2777 0 345
3000 2482 -2731 0 346
3000 2584 -2602 0 347
3000 2785 -2487 0 348
3000 2953 -2315 0 349
3000 3073 -2170 0 350
3000 3209 -2032 0 351
3000 3335 -1905 0 352
3000 3411 -1666 0 353
3000 3445 -1505 0 354
3000 3569 -1291 0 355
3000 3714 -1165 0 356
3000 3761 -1005 0 357
3000 3834 -769 0 358
3000 3928 -548 0 359
3000 3872 -343 0 360
3000 3904 -146 0 361
3000 3821 40 0 3621
3000 3787 268 0 363
3000 3809 509 0 364
3000 3856 666 0 365
3000 3858 839 0 366
3000 3659 1158 0 367
3000 3613 1410 0 368
3000 3522 1592 0 369
3000 3467 1716 0 370
3000 3375 1933 0 371
3000 3256 2073 0 372
3000 3074 2241 0 373
3000 2881 2444 0 374
3000 2726 2562 0 375
3000 2565 2783 0 376
3000 2354 2971 0 377
3000 2168 3053 0 378
3000 1996 3184 0 379
3000 1756 3258 0 380
3000 1551 3402 0 381
3000 1428 3479 0 382
3000 1159 3519 0 383
3000 974 3592 0 384
3000 838 3646 0 385
3000 575 3651 0 386
3000 323 3692 0 387
3000 93 3685 0 388
3000 -71 3663 0 389
3000 -241 3651 0 390
3000 -437 3674 0 391
3000 -633 3636 0 392
3000 -803 3558 0 393
3000 -912 3491 0 394
3000 -1127 3435 0 395
3000 -1241 3334 0 396
3000 -1359 3272 0 397
3000 -1500 3124 0 398
3000 -1682 3018 0 399
3000 -1880 2922 0 400
3000 -2027 2755 0 401
3000 -2192 2685 0 402
3000 -2249 2589 0 403
3000 -2407 2467 0 404
3000 -2568 2382 0 405
3000 -2679 2251 0 406
3000 -2866 2089 0 407
3000 -3022 1940 0 408
3000 -3163 1833 0 409
3000 -3202 1635 0 410
3000 -3289 1593 0 411
3000 -3386 1419 0 412
3000 -3451 1218 0 413
3000 -3533 1109 0 414
3000 -3608 943 0 415
3000 -3604 822 0 416
3000 -3571 685 0 417
3000 -3642 518 0 418
3000 -3579 348 0 419
3000 -3645 171 0 420
3000 -3684 -65 0 421
3000 -3638 -196 0 422
3000 -3542 -288 0 423
3000 -3553 -402 0 424
3000 -3569 -578 0 425
3000 -3596 -728 0 426
3000 -3562 -860 0 427
3000 -3473 -1032 0 428
3000 -3399 -1167 0 429
3000 -3296 -1294 0 430
3000 -3191 -1474 0 431
3000 -3053 -1685 0 432
3000 -2970 -1764 0 433
3000 -2871 -1831 0 434
3000 -2806 -1978 0 435
3000 -2703 -2176 0 436
3000 -2573 -2305 0 437
3000 -2424 -2437 0 438
3000 -2354 -2629 0 439
3000 -2228 -2678 0 440
3000 -2080 -2870 0 441
3000 -1935 -2895 0 442
3000 -1688 -2990 0 443
3000 -1580 -3134 0 444
3000 -1482 -3262 0 445
3000 -1335 -3283 0 446
3000 -1168 -3368 0 447
3000 -957 -3440 0 448
3000 -836 -3459 0 449
3000 -673 -3484 0 450
3000 -519 -3503 0 451
3000 -378 -3580 0 452
3000 -263 -3619 0 453
3000 -197 -3659 0 454
3000 -22 -3692 0 455
3000 65 -3641 0 456
3000 159 -3576 0 457
3000 401 -3600 0 458
3000 568 -3542 0 459
3000 750 -3465 0 460
3000 990 -3425 0 461
3000 1183 -3366 0 462
3000 1363 -3331 0 463
3000 1405 -3300 0 464
3000 1691 -3232 0 465
3000 1867 -3099 0 466
3000 2042 -3002 0 467
3000 2267 -2872 0 468
3000 2330 -2810 0 469
3000 2476 -2714 0 470
3000 2601 -2651 0 471
3000 2786 -2443 0 472
3000 2857 -2346 0 473
3000 3032 -2207 0 474
3000 3249 -2095 0 475
3000 3283 -1953 0 476
3000 3389 -1716 0 477
3000 3532 -1517 0 478
3000 3632 -1374 0 479
3000 3676 -1186 0 480
3000 3722 -1016 0 481
3000 3782 -754 0 482
3000 3850 -565 0 483
3000 3917 -291 0 484
3000 3903 -162 0 485
3000 3916 55 0 4865
3000 3895 266 0 487
3000 3917 459 0 488
3000 3892 704 0 489
3000 3832 906 0 490
3000 3744 1198 0 491
3000 3627 1368 0 492
3000 3514 1571 0 493
3000 3428 1702 0 494
3000 3322 1886 0 495
3000 3152 2046 0 496
3000 2994 2210 0 497
3000 2852 2418 0 498
3000 2634 2597 0 499
3000 2551 2707 0 500
3000 2336 2883 0 501
3000 2164 3052 0 502
3000 1983 3143 0 503
3000 1791 3190 0 504
3000 1572 3358 0 505
3000 1393 3456 0 506
3000 1137 3564 0 507
3000 1034 3694 0 508
3000 834 3683 0 509
3000 572 3670 0 510
3000 387 3728 0 511
3000 106 3774 0 512
3000 -45 3757 0 513
3000 -243 3730 0 514
3000 -364 3695 0 515
3000 -596 3564 0 516
3000 -722 3543 0 517
3000 -875 3513 0 518
3000 -1054 3517 0 519
3000 -1189 3455 0 520
3000 -1303 3313 0 521
3000 -1425 3148 0 522
3000 -1672 3031 0 523
3000 -1881 2925 0 524
3000 -2058 2791 0 525
3000 -2202 2671 0 526
3000 -2301 2635 0 527
3000 -2457 2495 0 528
3000 -2571 2337 0 529
3000 -2740 2183 0 530
3000 -2854 2091 0 531
3000 -2981 1931 0 532
3000 -3051 1823 0 533
3000 -3154 1740 0 534
3000 -3253 1604 0 535
3000 -3370 1465 0 536
3000 -3423 1279 0 537
3000 -3498 1061 0 538
3000 -3532 960 0 539
3000 -3609 768 0 540
3000 -3631 584 0 541
3000 -3659 491 0 542
3000 -3635 349 0 543
3000 -3682 151 0 544
3000 -3638 10 0 545
3000 -3625 -166 0 546
3000 -3600 -263 0 547
3000 -3560 -418 0 548
3000 -3536 -491 0 549
3000 -3499 -672 0 550
3000 -3488 -822 0 551
3000 -3505 -994 0 552
3000 -3340 -1113 0 553
3000 -3287 -1265 0 554
3000 -3186 -1389 0 555
3000 -3103 -1565 0 556
3000 -3014 -1679 0 557
3000 -2932 -1858 0 558
3000 -2871 -2005 0 559
3000 -2685 -2170 0 560
3000 -2642 -2294 0 561
3000 -2470 -2441 0 562
3000 -2431 -2506 0 563
3000 -2317 -2658 0 564
3000 -2133 -2759 0 565
3000 -1978 -2880 0 566
3000 -1812 -2986 0 567
3000 -1627 -3104 0 568
3000 -1398 -3215 0 569
3000 -1340 -3300 0 570
3000 -1179 -3362 0 571
3000 -989 -3372 0 572
3000 -889 -3450 0 573
3000 -732 -3491 0 574
3000 -568 -3492 0 575
3000 -391 -3566 0 576
3000 -273 -3626 0 577
3000 -191 -3670 0 578
3000 -82 -3623 0 579
3000 41 -3662 0 580
3000 176 -3627 0 581
3000 428 -3637 0 582
3000 576 -3571 0 583
3000 776 -3484 0 584
3000 922 -3330 0 585
3000 1050 -3296 0 586
3000 1206 -3339 0 587
3000 1394 -3273 0 588
3000 1605 -3239 0 589
3000 1888 -3143 0 590
3000 2106 -3063 0 591
3000 2254 -2942 0 592
3000 2369 -2835 0 593
3000 2470 -2774 0 594
3000 2593 -2623 0 595
3000 2730 -2488 0 596
3000 2852 -2349 0 597
3000 2999 -2187 0 598
3000 3098 -2072 0 599
3000 3223 -1896 0 600
3000 3336 -1732 0 601
3000 3405 -1544 0 602
3000 3541 -1400 0 603
3000 3624 -1224 0 604
3000 3659 -1069 0 605
3000 3706 -813 0 606
3000 3828 -646 0 607
3000 3932 -356 0 608
3000 3953 -196 0 609
3000 3928 -10 0 610
3000 3904 154 0 611
3000 3922 375 0 612
3000 3918 652 0 613
3000 3845 935 0 614
3000 3789 1096 0 615
3000 3859 1324 0 616
3000 3663 1504 0 617
3000 3527 1677 0 618
3000 3310 1850 0 619
3000 3170 2015 0 620
3000 3014 2185 0 621
3000 2837 2298 0 622
3000 2688 2546 0 623
3000 2505 2747 0 624
3000 2353 2846 0 625
3000 2208 2988 0 626
3000 2058 3088 0 627
3000 1838 3267 0 628
3000 1685 3373 0 629
3000 1497 3503 0 630
3000 1240 3592 0 631
3000 1014 3550 0 632
3000 800 3736 0 633
3000 614 3602 0 634
3000 436 3733 0 635
3000 226 3726 0 636
3000 18 3734 0 637
3000 -152 3670 0 638
3000 -334 3627 0 639
3000 -531 3550 0 640
3000 -747 3516 0 641
3000 -875 3515 0 642
3000 -1015 3462 0 643
3000 -1143 3437 0 644
3000 -1332 3283 0 645
3000 -1490 3172 0 646
3000 -1593 3064 0 647
3000 -1818 2977 0 648
3000 -1987 2875 0 649
3000 -2134 2771 0 650
3000 -2282 2636 0 651
3000 -2403 2492 0 652
3000 -2602 2320 0 653
3000 -2736 2176 0 654
3000 -2837 2121 0 655
3000 -2982 1987 0 656
3000 -3140 1858 0 657
3000 -3184 1693 0 658
3000 -3283 1601 0 659
3000 -3435 1422 0 660
3000 -3452 1228 0 661
3000 -3529 1040 0 662
3000 -3552 975 0 663
3000 -3526 858 0 664
3000 -3590 664 0 665
3000 -3561 499 0 666
3000 -3585 304 0 667
3000 -3632 131 0 668
3000 -3660 -5 0 669
3000 -3687 -179 0 670
3000 -3655 -362 0 671
3000 -3609 -425 0 672
3000 -3584 -578 0 673
3000 -3584 -677 0 674
3000 -3562 -835 0 675
3000 -3459 -946 0 676
3000 -3447 -1057 0 677
3000 -3334 -1222 0 678
3000 -3171 -1379 0 679
3000 -3080 -1648 0 680
3000 -3010 -1739 0 681
3000 -2861 -1884 0 682
3000 -2816 -1942 0 683
3000 -2680 -2137 0 684
3000 -2598 -2245 0 685
3000 -2498 -2394 0 686
3000 -2388 -2564 0 687
3000 -2252 -2601 0 688
3000 -2055 -2773 0 689
3000 -1894 -2910 0 690
3000 -1735 -3018 0 691
3000 -1614 -3063 0 692
3000 -1454 -3222 0 693
3000 -1320 -3377 0 694
3000 -1200 -3436 0 695
3000 -1093 -3427 0 696
3000 -934 -3476 0 697
3000 -771 -3498 0 698
3000 -585 -3521 0 699
3000 -471 -3542 0 700
3000 -296 -3602 0 701
3000 -164 -3649 0 702
3000 -46 -3654 0 703
3000 106 -3676 0 704
3000 194 -3600 0 705
3000 383 -3557 0 706
3000 520 -3510 0 707
3000 704 -3504 0 708
3000 884 -3414 0 709
3000 1124 -3324 0 710
3000 1321 -3252 0 711
3000 1451 -3192 0 712
3000 1676 -3235 0 713
3000 1789 -3149 0 714
3000 1981 -3011 0 715
3000 2139 -2917 0 716
3000 2256 -2822 0 717
3000 2423 -2690 0 718
3000 2601 -2590 0 719
3000 2777 -2445 0 720
3000 2941 -2276 0 721
3000 3047 -2149 0 722
3000 3140 -2011 0 723
3000 3238 -1933 0 724
3000 3325 -1809 0 725
3000 3492 -1578 0 726
3000 3528 -1396 0 727
3000 3611 -1371 0 728
3000 3679 -1155 0 729
3000 3826 -868 0 730
3000 3847 -694 0 731
3000 3876 -467 0 732
3000 3872 -235 0 733
3000 3846 -75 0 734
3000 3872 167 0 735
3000 3835 399 0 736
3000 3942 600 0 737
3000 3886 884 0 738
3000 3825 1082 0 739
3000 3714 1335 0 740
3000 3601 1386 0 741
3000 3477 1646 0 742
3000 3347 1844 0 743
3000 3276 1950 0 744
3000 3133 2218 0 745
3000 2941 2331 0 746
3000 2733 2542 0 747
3000 2581 2752 0 748
3000 2479 2907 0 749
3000 2308 3060 0 750
3000 2073 3117 0 751
3000 1850 3200 0 752
3000 1657 3295 0 753
3000 1427 3441 0 754
3000 1196 3548 0 755
3000 1036 3589 0 756
3000 908 3637 0 757
3000 691 3690 0 758
3000 490 3688 0 759
3000 256 3658 0 760
3000 41 3694 0 761
3000 -153 3706 0 762
3000 -291 3664 0 763
3000 -558 3644 0 764
3000 -750 3560 0 765
3000 -888 3469 0 766
3000 -1018 3466 0 767
3000 -1158 3389 0 768
3000 -1309 3309 0 769
3000 -1495 3146 0 770
3000 -1599 3059 0 771
3000 -1914 2979 0 772
3000 -2007 2902 0 773
3000 -2138 2792 0 774
3000 -2309 2678 0 775
3000 -2388 2530 0 776
3000 -2531 2374 0 777
3000 -2540 2217 0 778
3000 -2837 2129 0 779
3000 -2906 1995 0 780
3000 -3004 1862 0 781
3000 -3155 1704 0 782
3000 -3262 1662 0 783
3000 -3322 1437 0 784
3000 -3353 1238 0 785
3000 -3460 1117 0 786
3000 -3526 1016 0 787
3000 -3569 858 0 788
3000 -3598 670 0 789
3000 -3635 498 0 790
3000 -3692 238 0 791
3000 -3724 140 0 792
3000 -3721 54 0 793
3000 -3673 -115 0 794
3000 -3599 -254 0 795
3000 -3580 -410 0 796
3000 -3564 -501 0 797
3000 -3644 -635 0 798
3000 -3557 -774 0 799
3000 -3508 -915 0 800
3000 -3374 -1048 0 801
3000 -3338 -1164 0 802
3000 -3208 -1305 0 803
3000 -3150 -1497 0 804
3000 -3092 -1675 0 805
3000 -2994 -1811 0 806
3000 -2832 -1987 0 807
3000 -2699 -2160 0 808
3000 -2522 -2295 0 809
3000 -2450 -2410 0 810
3000 -2327 -2550 0 811
3000 -2231 -2657 0 812
3000 -2164 -2768 0 813
3000 -1996 -2919 0 814
3000 -1821 -2976 0 815
3000 -1713 -3075 0 816
3000 -1560 -3188 0 817
3000 -1447 -3266 0 818
3000 -1348 -3315 0 819
3000 -1129 -3406 0 820
3000 -946 -3456 0 821
3000 -759 -3489 0 822
3000 -579 -3542 0 823
3000 -483 -3605 0 824
3000 -400 -3603 0 825
3000 -237 -3635 0 826
3000 -102 -3552 0 827
3000 62 -3571 0 8287
3000 201 -3586 0 829
3000 224 -3546 0 830
3000 449 -3485 0 831
3000 667 -3445 0 832
3000 919 -3445 0 833
3000 1100 -3388 0 834
3000 1320 -3285 0 835
3000 1378 -3256 0 836
3000 1655 -3193 0 837
3000 1806 -3109 0 838
3000 2013 -3004 0 839
3000 2128 -2873 0 840
3000 2262 -2853 0 841
3000 2397 -2763 0 842
3000 2516 -2649 0 843
3000 2701 -2464 0 844
3000 2838 -2442 0 845
3000 2939 -2231 0 846
3000 3041 -2250 0 847
3000 3190 -2019 0 848
3000 3271 -1850 0 849
3000 3428 -1652 0 850
3000 3489 -1492 0 851
3000 3649 -1303 0 852
3000 3691 -1127 0 853
3000 3715 -887 0 854
3000 3799 -652 0 855
3000 3863 -515 0 856
3000 3967 -297 0 857
3000 3936 -51 0 858
3000 3935 165 0 859
3000 3920 394 0 860
3000 3915 638 0 861
3000 3843 720 0 862
3000 3781 1009 0 863
3000 3777 1323 0 864
3000 3586 1522 0 865
3000 3473 1608 0 866
3000 3356 1816 0 867
3000 3238 2004 0 868
3000 3105 2119 0 869
3000 2927 2282 0 870
3000 2785 2487 0 871
3000 2669 2641 0 872
3000 2514 2828 0 873
3000 2312 3041 0 874
3000 2104 3168 0 875
3000 1921 3239 0 876
3000 1726 3321 0 877
3000 1468 3401 0 878
3000 1267 3529 0 879
3000 1072 3628 0 880
3000 937 3633 0 881
3000 694 3644 0 882
3000 486 3642 0 883
3000 287 3660 0 884
3000 88 3703 0 885
3000 -173 3683 0 886
3000 -358 3699 0 887
3000 -563 3660 0 888
3000 -702 3618 0 889
3000 -836 3559 0 890
3000 -1036 3469 0 891
3000 -1175 3412 0 892
3000 -1306 3300 0 893
3000 -1408 3171 0 894
3000 -1598 3060 0 895
3000 -1781 2991 0 896
3000 -1934 2846 0 897
3000 -2177 2762 0 898
3000 -2280 2624 0 899
3000 -2385 2518 0 900
3000 -2448 2405 0 901
3000 -2582 2304 0 902
3000 -2714 2164 0 903
3000 -3003 2027 0 904
3000 -3049 1823 0 905
3000 -3071 1684 0 906
3000 -3140 1646 0 907
3000 -3283 1425 0 908
3000 -3405 1242 0 909
3000 -3497 1174 0 910
3000 -3506 978 0 911
3000 -3589 851 0 912
3000 -3605 710 0 913
3000 -3629 547 0 914
3000 -3617 355 0 915
3000 -3647 217 0 916
3000 -3689 22 0 917
3000 -3720 -105 0 918
3000 -3694 -187 0 919
3000 -3644 -349 0 920
3000 -3603 -462 0 921
3000 -3547 -629 0 922
3000 -3486 -773 0 923
3000 -3467 -905 0 924
3000 -3418 -1025 0 925
3000 -3308 -1189 0 926
3000 -3230 -1370 0 927
3000 -3130 -1515 0 928
3000 -3060 -1621 0 929
3000 -2970 -1826 0 930
3000 -2876 -1993 0 931
3000 -2797 -2077 0 932
3000 -2625 -2225 0 933
3000 -2486 -2354 0 934
3000 -2368 -2494 0 935
3000 -2297 -2634 0 936
3000 -2158 -2807 0 937
3000 -2028 -2843 0 938
3000 -1858 -2930 0 939
3000 -1747 -3060 0 940
3000 -1631 -3149 0 941
3000 -1542 -3250 0 942
3000 -1353 -3316 0 943
3000 -1175 -3415 0 944
3000 -980 -3376 0 945
3000 -820 -3436 0 946
3000 -632 -3443 0 947
3000 -508 -3476 0 948
3000 -322 -3522 0 949
3000 -200 -3560 0 950
3000 -87 -3627 0 951
3000 47 -3610 0 952
3000 198 -3544 0 953
3000 360 -3568 0 954
3000 534 -3565 0 955
3000 650 -3478 0 956
3000 853 -3459 0 957
3000 1052 -3417 0 958
3000 1238 -3397 0 959
3000 1377 -3330 0 960
3000 1568 -3302 0 961
3000 1802 -3167 0 962
3000 1969 -3059 0 963
3000 2137 -2970 0 964
3000 2258 -2901 0 965
3000 2403 -2739 0 966
3000 2499 -2660 0 967
3000 2660 -2566 0 968
3000 2801 -2313 0 969
3000 2947 -2254 0 970
3000 3078 -2104 0 971
3000 3207 -1944 0 972
3000 3336 -1806 0 973
3000 3477 -1630 0 974
3000 3590 -1488 0 975
3000 3594 -1335 0 976
3000 3704 -1140 0 977
3000 3749 -880 0 978
3000 3835 -717 0 979
3000 3925 -510 0 980
3000 3900 -266 0 981
3000 3941 -41 0 982
3000 3945 111 0 983
3000 3987 336 0 984
3000 3938 501 0 985
3000 3866 717 0 986
3000 3805 992 0 987
3000 3715 1347 0 988
3000 3582 1511 0 989
3000 3535 1598 0 990
3000 3342 1811 0 991
3000 3213 1965 0 992
3000 2993 2176 0 993
3000 2831 2359 0 994
3000 2702 2575 0 995
3000 2584 2748 0 996
3000 2480 2873 0 997
3000 2411 2885 0 998
3000 2192 3085 0 999
3000 1961 3203 0 1000
3000 1803 3354 0 1001
3000 1472 3454 0 1002
3000 1335 3463 0 1003
3000 1125 3516 0 1004
3000 909 3567 0 1005
3000 730 3646 0 1006
3000 475 3645 0 1007
3000 329 3588 0 1008
3000 116 3694 0 1009
3000 -20 3719 0 1010
3000 -275 3676 0 1011
3000 -485 3606 0 1012
3000 -664 3547 0 1013
3000 -855 3465 0 1014
3000 -1012 3450 0 1015
3000 -1103 3438 0 1016
3000 -1188 3325 0 1017
3000 -1388 3241 0 1018
3000 -1664 3059 0 1019
3000 -1831 3034 0 1020
3000 -1973 2984 0 1021
3000 -2106 2824 0 1022
3000 -2297 2668 0 1023
3000 -2336 2536 0 1024
3000 -2459 2433 0 1025
3000 -2585 2287 0 1026
3000 -2729 2148 0 1027
3000 -2870 2011 0 1028
3000 -2971 1868 0 1029
3000 -3115 1761 0 1030
3000 -3236 1612 0 1031
3000 -3324 1493 0 1032
3000 -3375 1346 0 1033
3000 -3447 1199 0 1034
3000 -3514 1074 0 1035
3000 -3560 911 0 1036
3000 -3606 761 0 1037
3000 -3705 627 0 1038
3000 -3706 482 0 1039
3000 -3675 258 0 1040
3000 -3726 51 0 1041
3000 -3693 -111 0 1042
3000 -3665 -226 0 1043
3000 -3618 -344 0 1044
3000 -3575 -465 0 1045
3000 -3533 -573 0 1046
3000 -3497 -753 0 1047
3000 -3385 -853 0 1048
3000 -3345 -1000 0 1049
3000 -3306 -1138 0 1050
3000 -3262 -1284 0 1051
3000 -3173 -1459 0 1052
3000 -3048 -1639 0 1053
3000 -2962 -1922 0 1054
3000 -2864 -1983 0 1055
3000 -2753 -2126 0 1056
3000 -2643 -2253 0 1057
3000 -2509 -2404 0 1058
3000 -2357 -2552 0 1059
3000 -2231 -2659 0 1060
3000 -2152 -2734 0 1061
3000 -2046 -2855 0 1062
3000 -1860 -2977 0 1063
3000 -1691 -2923 0 1064
3000 -1540 -3128 0 1065
3000 -1437 -3227 0 1066
3000 -1303 -3364 0 1067
3000 -1165 -3388 0 1068
3000 -998 -3433 0 1069
3000 -845 -3476 0 1070
3000 -690 -3530 0 1071
3000 -518 -3576 0 1072
3000 -323 -3569 0 1073
3000 -150 -3592 0 1074
3000 -64 -3581 0 1075
3000 34 -3579 0 1076
3000 165 -3607 0 1077
3000 271 -3626 0 1078
3000 450 -3575 0 1079
3000 556 -3536 0 1080
3000 802 -3507 0 1081
3000 1053 -3380 0 1082
3000 1221 -3346 0 1083
3000 1422 -3385 0 1084
3000 1547 -3273 0 1085
3000 1770 -3158 0 1086
3000 1944 -3096 0 1087
3000 2103 -2993 0 1088
3000 2257 -2871 0 1089
3000 2405 -2764 0 1090
3000 2550 -2599 0 1091
3000 2650 -2472 0 1092
3000 2822 -2422 0 1093
3000 2987 -2239 0 1094
3000 3128 -2158 0 1095
3000 3296 -2033 0 1096
3000 3401 -1839 0 1097
3000 3437 -1683 0 1098
3000 3535 -1495 0 1099
3000 3614 -1322 0 1100
3000 3688 -1146 0 1101
3000 3714 -929 0 1102
3000 3782 -780 0 1103
3000 3867 -528 0 1104
3000 3920 -257 0 1105
3000 3925 -83 0 1106
3000 3953 124 0 1107
3000 3919 366 0 1108
3000 3920 604 0 1109
3000 3812 787 0 1110
3000 3722 1118 0 1111
3000 3619 1339 0 1112
3000 3585 1433 0 1113
3000 3491 1577 0 1114
3000 3367 1804 0 1115
3000 3244 1961 0 1116
3000 3078 2140 0 1117
3000 2930 2324 0 1118
3000 2837 2457 0 1119
3000 2670 2624 0 1120
3000 2528 2800 0 1121
3000 2342 2978 0 1122
3000 2156 3084 0 1123
3000 1935 3189 0 1124
3000 1687 3290 0 1125
3000 1455 3377 0 1126
3000 1232 3524 0 1127
3000 1048 3575 0 1128
3000 897 3683 0 1129
3000 747 3649 0 1130
3000 544 3662 0 1131
3000 362 3670 0 1132
3000 190 3685 0 1133
3000 -59 3676 0 1134
3000 -313 3720 0 1135
3000 -533 3642 0 1136
3000 -688 3577 0 1137
3000 -833 3519 0 1138
3000 -1018 3484 0 1139
3000 -1167 3440 0 1140
3000 -1265 3250 0 1141
3000 -1425 3201 0 1142
3000 -1588 3098 0 1143
3000 -1707 2992 0 1144
3000 -1869 2924 0 1145
3000 -2099 2816 0 1146
3000 -2158 2646 0 1147
3000 -2324 2529 0 1148
3000 -2460 2373 0 1149
3000 -2634 2300 0 1150
3000 -2759 2136 0 1151
3000 -2890 2021 0 1152
3000 -3052 1940 0 1153
3000 -3137 1810 0 1154
3000 -3209 1624 0 1155
3000 -3258 1596 0 1156
3000 -3406 1375 0 1157
3000 -3513 1230 0 1158
3000 -3548 1026 0 1159
3000 -3543 827 0 1160
3000 -3477 729 0 1161
3000 -3558 583 0 1162
3000 -3648 230 0 1163
3000 -3641 202 0 1164
3000 -3702 112 0 1165
3000 -3716 -46 0 1166
3000 -3683 -212 0 1167
3000 -3635 -373 0 1168
3000 -3611 -526 0 1169
3000 -3536 -682 0 1170
3000 -3513 -775 0 1171
3000 -3489 -891 0 1172
3000 -3370 -1063 0 1173
3000 -3299 -1107 0 1174
3000 -3264 -1261 0 1175
3000 -3199 -1427 0 1176
3000 -3114 -1595 0 1177
3000 -3049 -1765 0 1178
3000 -2915 -1974 0 1179
3000 -2726 -2089 0 1180
3000 -2626 -2209 0 1181
3000 -2455 -2390 0 1182
3000 -2360 -2548 0 1183
3000 -2250 -2604 0 1184
3000 -2221 -2709 0 1185
3000 -2122 -2865 0 1186
3000 -1979 -2920 0 1187
3000 -1785 -3061 0 1188
3000 -1609 -3066 0 1189
3000 -1496 -3231 0 1190
3000 -1267 -3337 0 1191
3000 -1076 -3394 0 1192
3000 -970 -3451 0 1193
3000 -720 -3502 0 1194
3000 -668 -3524 0 1195
3000 -457 -3565 0 1196
3000 -363 -3644 0 1197
3000 -295 -3668 0 1198
3000 -143 -3672 0 1199
3000 33 -3604 0 12009
3000 148 -3594 0 1201
3000 293 -3595 0 1202
3000 387 -3568 0 1203
3000 634 -3550 0 1204
3000 853 -3436 0 1205
3000 1097 -3445 0 1206
3000 1266 -3368 0 1207
3000 1446 -3260 0 1208
3000 1546 -3198 0 1209
3000 1790 -3089 0 1210
3000 1972 -3085 0 1211
3000 2125 -2928 0 1212
3000 2297 -2867 0 1213
3000 2405 -2855 0 1214
3000 2510 -2644 0 1215
3000 2622 -2487 0 1216
3000 2681 -2366 0 1217
3000 2866 -2271 0 1218
3000 3056 -2105 0 1219
3000 3235 -1953 0 1220
3000 3333 -1825 0 1221
3000 3494 -1677 0 1222
3000 3510 -1494 0 1223
3000 3616 -1292 0 1224
3000 3705 -1095 0 1225
3000 3749 -962 0 1226
3000 3844 -707 0 1227
3000 3872 -461 0 1228
3000 3949 -221 0 1229
3000 3917 -94 0 1230
3000 3900 50 0 1231
3000 3839 305 0 1232
3000 3833 595 0 1233
3000 3861 827 0 1234
3000 3808 1056 0 1235
3000 3673 1255 0 1236
3000 3596 1455 0 1237
3000 3505 1588 0 1238
3000 3341 1759 0 1239
3000 3217 2011 0 1240
3000 3103 2190 0 1241
3000 2976 2333 0 1242
3000 2827 2522 0 1243
3000 2714 2741 0 1244
3000 2530 2869 0 1245
3000 2381 3025 0 1246
3000 2165 3113 0 1247
3000 1957 3205 0 1248
3000 1747 3343 0 1249
3000 1495 3458 0 1250
3000 1351 3484 0 1251
3000 1100 3591 0 1252
3000 884 3602 0 1253
3000 672 3593 0 1254
3000 428 3526 0 1255
3000 189 3649 0 1256
3000 9 3697 0 12576
3000 -83 3668 0 1258
3000 -298 3675 0 1259
3000 -505 3596 0 1260
3000 -697 3571 0 1261
3000 -839 3521 0 1262
3000 -1009 3458 0 1263
3000 -1127 3407 0 1264
3000 -1249 3292 0 1265
3000 -1429 3335 0 1266
3000 -1563 3158 0 1267
3000 -1731 3067 0 1268
3000 -1915 2800 0 1269
3000 -2040 2752 0 1270
3000 -2215 2701 0 1271
3000 -2354 2560 0 1272
3000 -2428 2434 0 1273
3000 -2604 2260 0 1274
3000 -2772 2186 0 1275
3000 -2827 2013 0 1276
3000 -2935 1916 0 1277
3000 -3133 1777 0 1278
3000 -3214 1648 0 1279
3000 -3305 1508 0 1280
3000 -3368 1289 0 1281
3000 -3439 1158 0 1282
3000 -3525 1009 0 1283
3000 -3530 892 0 1284
3000 -3566 775 0 1285
3000 -3626 542 0 1286
3000 -3583 381 0 1287
3000 -3618 206 0 1288
3000 -3692 77 0 1289
3000 -3646 -73 0 1290
3000 -3661 -208 0 1291
3000 -3680 -300 0 1292
3000 -3659 -467 0 1293
3000 -3617 -631 0 1294
3000 -3570 -761 0 1295
3000 -3521 -894 0 1296
3000 -3444 -991 0 1297
3000 -3324 -1167 0 1298
3000 -3254 -1311 0 1299
3000 -3207 -1419 0 1300
3000 -3119 -1625 0 1301
3000 -2947 -1766 0 1302
3000 -2837 -1936 0 1303
3000 -2725 -2116 0 1304
3000 -2575 -2197 0 1305
3000 -2504 -2293 0 1306
3000 -2406 -2506 0 1307
3000 -2276 -2676 0 1308
3000 -2198 -2777 0 1309
3000 -2051 -2898 0 1310
3000 -1829 -2988 0 1311
3000 -1658 -3095 0 1312
3000 -1538 -3104 0 1313
3000 -1432 -3238 0 1314
3000 -1361 -3362 0 1315
3000 -1255 -3420 0 1316
3000 -1013 -3440 0 1317
3000 -783 -3409 0 1318
3000 -614 -3463 0 1319
3000 -500 -3571 0 1320
3000 -385 -3559 0 1321
3000 -267 -3633 0 1322
3000 -123 -3666 0 1323
3000 0 -3623 0 132423
3000 228 -3593 0 1325
3000 344 -3596 0 1326
3000 461 -3581 0 1327
3000 668 -3553 0 1328
3000 855 -3467 0 1329
3000 1002 -3383 0 1330
3000 1217 -3363 0 1331
3000 1380 -3298 0 1332
3000 1556 -3210 0 1333
3000 1807 -3141 0 1334
3000 1981 -3092 0 1335
3000 2189 -3009 0 1336
3000 2273 -2906 0 1337
3000 2365 -2796 0 1338
3000 2563 -2669 0 1339
3000 2706 -2511 0 1340
3000 2784 -2379 0 1341
3000 2901 -2233 0 1342
3000 3035 -2115 0 1343
3000 3209 -1955 0 1344
3000 3334 -1781 0 1345
3000 3467 -1644 0 1346
3000 3536 -1396 0 1347
3000 3633 -1279 0 1348
3000 3700 -1113 0 1349
3000 3769 -916 0 1350
3000 3851 -681 0 1351
3000 3923 -440 0 1352
3000 3954 -283 0 1353
3000 3947 -46 0 1354
3000 3970 86 0 1355
3000 3960 319 0 1356
3000 3949 538 0 1357
3000 3831 747 0 1358
3000 3789 1013 0 1359
3000 3684 1251 0 1360
3000 3571 1414 0 1361
3000 3475 1689 0 1362
3000 3372 1798 0 1363
3000 3230 1925 0 1364
3000 3077 2097 0 1365
3000 2943 2241 0 1366
3000 2787 2461 0 1367
3000 2586 2673 0 1368
3000 2484 2793 0 1369
3000 2304 3032 0 1370
3000 2116 3092 0 1371
3000 1926 3155 0 1372
3000 1762 3417 0 1373
3000 1565 3409 0 1374
3000 1303 3486 0 1375
3000 1018 3522 0 1376
3000 903 3621 0 1377
3000 708 3632 0 1378
3000 517 3631 0 1379
3000 274 3646 0 1380
3000 78 3626 0 1381
3000 -21 3706 0 1382
3000 -294 3654 0 1383
3000 -444 3632 0 1384
3000 -611 3599 0 1385
3000 -740 3556 0 1386
3000 -906 3494 0 1387
3000 -1100 3372 0 1388
3000 -1211 3313 0 1389
3000 -1362 3295 0 1390
3000 -1563 3133 0 1391
3000 -1769 3003 0 1392
3000 -1914 2932 0 1393
3000 -2029 2785 0 1394
3000 -2228 2674 0 1395
3000 -2346 2549 0 1396
3000 -2476 2484 0 1397
3000 -2628 2356 0 1398
3000 -2787 2217 0 1399
3000 -2974 2039 0 1400
3000 -3069 1952 0 1401
3000 -3099 1778 0 1402
3000 -3224 1621 0 1403
3000 -3283 1506 0 1404
3000 -3392 1319 0 1405
3000 -3489 1204 0 1406
3000 -3452 1045 0 1407
3000 -3487 930 0 1408
3000 -3576 775 0 1409
3000 -3648 568 0 1410
3000 -3645 401 0 1411
3000 -3613 264 0 1412
3000 -3642 119 0 1413
3000 -3678 -38 0 1414
3000 -3655 -222 0 1415
3000 -3641 -364 0 1416
3000 -3628 -480 0 1417
3000 -3597 -620 0 1418
3000 -3583 -767 0 1419
3000 -3531 -913 0 1420
3000 -3458 -1068 0 1421
3000 -3344 -1187 0 1422
3000 -3254 -1347 0 1423
3000 -3097 -1476 0 1424
3000 -3001 -1591 0 1425
3000 -2910 -1781 0 1426
3000 -2866 -1955 0 1427
3000 -2815 -2041 0 1428
3000 -2711 -2208 0 1429
3000 -2515 -2328 0 1430
3000 -2395 -2480 0 1431
3000 -2257 -2608 0 1432
3000 -2118 -2763 0 1433
3000 -2012 -2846 0 1434
3000 -1817 -2971 0 1435
3000 -1701 -3050 0 1436
3000 -1524 -3139 0 1437
3000 -1374 -3271 0 1438
3000 -1275 -3352 0 1439
3000 -1138 -3442 0 1440
3000 -1004 -3454 0 1441
3000 -827 -3503 0 1442
3000 -648 -3547 0 1443
3000 -525 -3540 0 1444
3000 -372 -3599 0 1445
3000 -210 -3662 0 1446
3000 -106 -3567 0 1447
3000 28 -3564 0 14487
3000 156 -3579 0 1449
3000 277 -3554 0 1450
3000 455 -3592 0 1451
3000 616 -3501 0 1452
3000 846 -3429 0 1453
3000 1028 -3446 0 1454
3000 1226 -3321 0 1455
3000 1358 -3282 0 1456
3000 1512 -3224 0 1457
3000 1708 -3148 0 1458
3000 1964 -3058 0 1459
3000 2128 -2961 0 1460
3000 2220 -2855 0 1461
3000 2385 -2748 0 1462
3000 2554 -2623 0 1463
3000 2660 -2524 0 1464
3000 2834 -2351 0 1465
3000 2983 -2244 0 1466
3000 3119 -2127 0 1467
3000 3235 -2004 0 1468
3000 3330 -1900 0 1469
3000 3416 -1689 0 1470
3000 3509 -1528 0 1471
3000 3599 -1332 0 1472
3000 3620 -1165 0 1473
3000 3701 -960 0 1474
3000 3684 -739 0 1475
3000 3768 -531 0 1476
3000 3939 -251 0 1477
3000 3926 -76 0 1478
3000 3961 6 0 14798
3000 3868 279 0 1480
3000 3885 548 0 1481
3000 3818 612 0 1482
3000 3739 912 0 1483
3000 3638 1204 0 1484
3000 3623 1465 0 1485
3000 3535 1601 0 1486
3000 3447 1789 0 1487
3000 3347 1956 0 1488
3000 3178 2158 0 1489
3000 3004 2292 0 1490
3000 2826 2445 0 1491
3000 2692 2654 0 1492
3000 2519 2828 0 1493
3000 2313 2985 0 1494
3000 2165 3120 0 1495
3000 1978 3166 0 1496
3000 1769 3211 0 1497
3000 1525 3322 0 1498
3000 1341 3465 0 1499
3000 1158 3566 0 1500
3000 956 3644 0 1501
3000 716 3654 0 1502
3000 526 3665 0 1503
3000 336 3662 0 1504
3000 146 3665 0 1505
3000 -66 3719 0 1506
3000 -331 3648 0 1507
3000 -578 3586 0 1508
3000 -693 3629 0 1509
3000 -834 3597 0 1510
3000 -889 3563 0 1511
3000 -1045 3456 0 1512
3000 -1253 3298 0 1513
3000 -1315 3229 0 1514
3000 -1578 3155 0 1515
3000 -1704 3006 0 1516
3000 -1819 2867 0 1517
3000 -2020 2723 0 1518
3000 -2181 2652 0 1519
3000 -2318 2557 0 1520
3000 -2455 2446 0 1521
3000 -2669 2288 0 1522
3000 -2748 2180 0 1523
3000 -2896 2077 0 1524
3000 -2975 1897 0 1525
3000 -3044 1811 0 1526
3000 -3184 1683 0 1527
3000 -3249 1583 0 1528
3000 -3371 1417 0 1529
3000 -3430 1236 0 1530
3000 -3511 1067 0 1531
3000 -3511 878 0 1532
3000 -3578 709 0 1533
3000 -3638 568 0 1534
3000 -3646 397 0 1535
3000 -3656 299 0 1536
3000 -3706 148 0 1537
3000 -3686 -51 0 1538
3000 -3666 -199 0 1539
3000 -3651 -325 0 1540
3000 -3604 -412 0 1541
3000 -3570 -571 0 1542
3000 -3560 -767 0 1543
3000 -3522 -923 0 1544
3000 -3506 -1046 0 1545
3000 -3362 -1177 0 1546
3000 -3275 -1345 0 1547
3000 -3152 -1491 0 1548
3000 -3027 -1635 0 1549
3000 -2997 -1814 0 1550
3000 -2888 -1933 0 1551
3000 -2780 -2058 0 1552
3000 -2671 -2205 0 1553
3000 -2504 -2286 0 1554
3000 -2418 -2482 0 1555
3000 -2296 -2575 0 1556
3000 -2194 -2752 0 1557
3000 -2109 -2857 0 1558
3000 -1890 -2925 0 1559
3000 -1773 -3041 0 1560
3000 -1600 -3137 0 1561
3000 -1408 -3273 0 1562
3000 -1316 -3350 0 1563
3000 -1185 -3389 0 1564
3000 -1026 -3387 0 1565
3000 -857 -3475 0 1566
3000 -712 -3478 0 1567
3000 -510 -3511 0 1568
3000 -374 -3512 0 1569
3000 -234 -3576 0 1570
3000 -124 -3594 0 1571
3000 24 -3584 0 15721
3000 206 -3584 0 1573
3000 344 -3540 0 1574
3000 489 -3511 0 1575
3000 658 -3527 0 1576
3000 810 -3454 0 1577
3000 1044 -3423 0 1578
3000 1184 -3326 0 1579
3000 1363 -3245 0 1580
3000 1575 -3208 0 1581
3000 1770 -3130 0 1582
3000 1959 -3027 0 1583
3000 2072 -3006 0 1584
3000 2202 -2905 0 1585
3000 2392 -2851 0 1586
3000 2532 -2720 0 1587
3000 2656 -2586 0 1588
3000 2779 -2431 0 1589
3000 2942 -2295 0 1590
3000 3094 -2174 0 1591
3000 3154 -2001 0 1592
3000 3269 -1877 0 1593
3000 3386 -1687 0 1594
3000 3572 -1551 0 1595
3000 3625 -1321 0 1596
3000 3704 -1161 0 1597
3000 3720 -909 0 1598
3000 3788 -708 0 1599
3000 3890 -482 0 1600
3000 3942 -329 0 1601
3000 3886 -102 0 1602
3000 3890 14 0 16032
3000 3883 237 0 1604
3000 3912 460 0 1605
3000 3894 759 0 1606
3000 3813 1003 0 1607
3000 3713 1253 0 1608
3000 3620 1455 0 1609
3000 3593 1610 0 1610
3000 3492 1822 0 1611
3000 3331 1928 0 1612
3000 3221 2092 0 1613
3000 3006 2261 0 1614
3000 2834 2408 0 1615
3000 2660 2573 0 1616
3000 2567 2798 0 1617
3000 2331 2955 0 1618
3000 2123 3099 0 1619
3000 1888 3208 0 1620
3000 1720 3275 0 1621
3000 1501 3416 0 1622
3000 1293 3506 0 1623
3000 1077 3596 0 1624
3000 902 3644 0 1625
3000 759 3677 0 1626
3000 547 3650 0 1627
3000 296 3712 0 1628
3000 61 3717 0 1629
3000 -96 3713 0 1630
3000 -272 3701 0 1631
3000 -511 3655 0 1632
3000 -655 3591 0 1633
3000 -787 3550 0 1634
3000 -917 3536 0 1635
3000 -1117 3454 0 1636
3000 -1214 3329 0 1637
3000 -1354 3229 0 1638
3000 -1460 3143 0 1639
3000 -1698 2983 0 1640
3000 -1849 2853 0 1641
3000 -2035 2780 0 1642
3000 -2198 2673 0 1643
3000 -2322 2521 0 1644
3000 -2434 2427 0 1645
3000 -2579 2299 0 1646
3000 -2774 2177 0 1647
3000 -2897 2015 0 1648
3000 -3013 1944 0 1649
3000 -3096 1796 0 1650
3000 -3145 1628 0 1651
3000 -3242 1557 0 1652
3000 -3366 1331 0 1653
3000 -3472 1182 0 1654
3000 -3551 1040 0 1655
3000 -3581 914 0 1656
3000 -3587 701 0 1657
3000 -3608 619 0 1658
3000 -3647 439 0 1659
3000 -3655 328 0 1660
3000 -3701 78 0 1661
3000 -3699 -93 0 1662
3000 -3695 -198 0 1663
3000 -3596 -336 0 1664
3000 -3578 -477 0 1665
3000 -3548 -631 0 1666
3000 -3532 -770 0 1667
3000 -3470 -894 0 1668
3000 -3452 -961 0 1669
3000 -3349 -1180 0 1670
3000 -3236 -1341 0 1671
3000 -3154 -1468 0 1672
3000 -3105 -1605 0 1673
3000 -2985 -1826 0 1674
3000 -2897 -1944 0 1675
3000 -2800 -2086 0 1676
3000 -2634 -2173 0 1677
3000 -2558 -2219 0 1678
3000 -2437 -2402 0 1679
3000 -2301 -2566 0 1680
3000 -2184 -2717 0 1681
3000 -2069 -2825 0 1682
3000 -1921 -2981 0 1683
3000 -1800 -3103 0 1684
3000 -1617 -3111 0 1685
3000 -1471 -3242 0 1686
3000 -1358 -3285 0 1687
3000 -1184 -3341 0 1688
3000 -1065 -3391 0 1689
3000 -886 -3403 0 1690
3000 -669 -3429 0 1691
3000 -519 -3506 0 1692
3000 -319 -3554 0 1693
3000 -226 -3587 0 1694
3000 -133 -3568 0 1695
3000 22 -3579 0 16965
3000 166 -3608 0 1697
3000 322 -3554 0 1698
3000 475 -3552 0 1699
3000 599 -3571 0 1700
3000 807 -3490 0 1701
3000 949 -3427 0 1702
3000 1134 -3475 0 1703
3000 1363 -3397 0 1704
3000 1535 -3294 0 1705
3000 1786 -3233 0 1706
3000 1958 -3102 0 1707
3000 2104 -2973 0 1708
3000 2295 -2852 0 1709
3000 2398 -2740 0 1710
3000 2580 -2689 0 1711
3000 2627 -2480 0 1712
3000 2799 -2399 0 1713
3000 2901 -2289 0 1714
3000 3076 -2096 0 1715
3000 3170 -1988 0 1716
3000 3273 -1869 0 1717
3000 3394 -1708 0 1718
3000 3500 -1536 0 1719
3000 3624 -1356 0 1720
3000 3701 -1118 0 1721
3000 3728 -905 0 1722
3000 3799 -710 0 1723
3000 3884 -560 0 1724
3000 3948 -347 0 1725
3000 3927 -130 0 1726
3000 3917 70 0 17276
3000 3929 295 0 1728
3000 3906 537 0 1729
3000 3828 716 0 1730
3000 3772 995 0 1731
3000 3717 1259 0 1732
3000 3628 1427 0 1733
3000 3555 1513 0 1734
3000 3404 1676 0 1735
3000 3253 1938 0 1736
3000 3099 2146 0 1737
3000 2933 2340 0 1738
3000 2832 2452 0 1739
3000 2684 2642 0 1740
3000 2503 2785 0 1741
3000 2337 2927 0 1742
3000 2198 3052 0 1743
3000 1945 3174 0 1744
3000 1743 3268 0 1745
3000 1596 3309 0 1746
3000 1366 3471 0 1747
3000 1178 3603 0 1748
3000 949 3648 0 1749
3000 701 3668 0 1750
3000 510 3634 0 1751
3000 357 3594 0 1752
3000 155 3670 0 1753
3000 0 3693 0 17543
3000 -248 3693 0 1755
3000 -454 3649 0 1756
3000 -604 3568 0 1757
3000 -796 3559 0 1758
3000 -929 3475 0 1759
3000 -1091 3406 0 1760
3000 -1216 3345 0 1761
3000 -1349 3278 0 1762
3000 -1582 3093 0 1763
3000 -1797 3010 0 1764
3000 -1914 2930 0 1765
3000 -2041 2900 0 1766
3000 -2221 2768 0 1767
3000 -2310 2627 0 1768
3000 -2425 2434 0 1769
3000 -2597 2349 0 1770
3000 -2711 2103 0 1771
3000 -2900 2030 0 1772
3000 -3011 1909 0 1773
3000 -3108 1776 0 1774
3000 -3189 1668 0 1775
3000 -3341 1546 0 1776
3000 -3353 1411 0 1777
3000 -3413 1189 0 1778
3000 -3440 1066 0 1779
3000 -3529 879 0 1780
3000 -3569 721 0 1781
3000 -3589 589 0 1782
3000 -3635 467 0 1783
3000 -3688 277 0 1784
3000 -3712 171 0 1785
3000 -3713 -27 0 1786
3000 -3682 -237 0 1787
3000 -3632 -343 0 1788
3000 -3618 -472 0 1789
3000 -3550 -609 0 1790
3000 -3529 -717 0 1791
3000 -3536 -828 0 1792
3000 -3490 -941 0 1793
3000 -3400 -1064 0 1794
3000 -3308 -1218 0 1795
3000 -3187 -1378 0 1796
3000 -3106 -1538 0 1797
3000 -3002 -1696 0 1798
3000 -2966 -1904 0 1799
3000 -2858 -2037 0 1800
3000 -2695 -2149 0 1801
3000 -2517 -2277 0 1802
3000 -2364 -2402 0 1803
3000 -2238 -2581 0 1804
3000 -2180 -2695 0 1805
3000 -1981 -2807 0 1806
3000 -1841 -2880 0 1807
3000 -1654 -2991 0 1808
3000 -1524 -3093 0 1809
3000 -1401 -3282 0 1810
3000 -1356 -3321 0 1811
3000 -1179 -3484 0 1812
3000 -1057 -3418 0 1813
3000 -868 -3518 0 1814
3000 -671 -3552 0 1815
3000 -570 -3580 0 1816
3000 -424 -3594 0 1817
3000 -260 -3665 0 1818
3000 -136 -3684 0 1819
3000 7 -3576 0 182019
3000 122 -3612 0 1821
3000 291 -3524 0 1822
3000 442 -3619 0 1823
3000 577 -3491 0 1824
3000 809 -3423 0 1825
3000 996 -3347 0 1826
3000 1178 -3296 0 1827
3000 1342 -3323 0 1828
3000 1448 -3284 0 1829
3000 1671 -3211 0 1830
3000 1873 -3064 0 1831
3000 2108 -2965 0 1832
3000 2304 -2880 0 1833
3000 2388 -2785 0 1834
3000 2537 -2691 0 1835
3000 2684 -2582 0 1836
3000 2801 -2428 0 1837
3000 2961 -2294 0 1838
3000 3072 -2173 0 1839
3000 3174 -2007 0 1840
3000 3271 -1856 0 1841
3000 3384 -1681 0 1842
3000 3492 -1427 0 1843
3000 3640 -1330 0 1844
3000 3735 -1207 0 1845
3000 3802 -1052 0 1846
3000 3804 -793 0 1847
3000 3900 -531 0 1848
3000 3896 -311 0 1849
3000 3914 -137 0 1850
3000 3828 57 0 18510
3000 3858 283 0 1852
3000 3835 495 0 1853
3000 3830 665 0 1854
3000 3833 886 0 1855
3000 3676 1175 0 1856
3000 3639 1369 0 1857
3000 3519 1553 0 1858
3000 3431 1672 0 1859
3000 3272 1921 0 1860
3000 3216 2092 0 1861
3000 3112 2265 0 1862
3000 2929 2459 0 1863
3000 2744 2648 0 1864
3000 2563 2816 0 1865
3000 2415 2962 0 1866
3000 2203 3078 0 1867
3000 1948 3152 0 1868
3000 1760 3170 0 1869
3000 1516 3371 0 1870
3000 1357 3457 0 1871
3000 1076 3548 0 1872
3000 931 3619 0 1873
3000 801 3640 0 1874
3000 571 3607 0 1875
3000 312 3652 0 1876
3000 67 3683 0 1877
3000 6 3699 0 1878
3000 -189 3737 0 1879
3000 -388 3670 0 1880
3000 -572 3649 0 1881
3000 -747 3564 0 1882
3000 -928 3558 0 1883
3000 -1068 3340 0 1884
3000 -1226 3328 0 1885
3000 -1360 3211 0 1886
3000 -1503 3151 0 1887
3000 -1726 3076 0 1888
3000 -1836 2948 0 1889
3000 -1996 2765 0 1890
3000 -2113 2668 0 1891
3000 -2255 2575 0 1892
3000 -2416 2503 0 1893
3000 -2565 2400 0 1894
3000 -2687 2299 0 1895
3000 -2813 2131 0 1896
3000 -2928 1941 0 1897
3000 -3065 1790 0 1898
3000 -3193 1707 0 1899
3000 -3299 1627 0 1900
3000 -3353 1461 0 1901
3000 -3352 1271 0 1902
3000 -3495 1039 0 1903
3000 -3562 881 0 1904
3000 -3624 714 0 1905
3000 -3682 686 0 1906
3000 -3659 549 0 1907
3000 -3762 374 0 1908
3000 -3774 149 0 1909
3000 -3735 -11 0 1910
3000 -3693 -122 0 1911
3000 -3665 -259 0 1912
3000 -3641 -437 0 1913
3000 -3592 -575 0 1914
3000 -3592 -690 0 1915
3000 -3503 -771 0 1916
3000 -3443 -969 0 1917
3000 -3355 -1102 0 1918
3000 -3226 -1292 0 1919
3000 -3172 -1437 0 1920
3000 -3083 -1549 0 1921
3000 -2960 -1721 0 1922
3000 -2853 -1842 0 1923
3000 -2756 -2002 0 1924
3000 -2634 -2121 0 1925
3000 -2503 -2300 0 1926
3000 -2445 -2455 0 1927
3000 -2289 -2632 0 1928
3000 -2227 -2804 0 1929
3000 -2102 -2905 0 1930
3000 -1955 -2927 0 1931
3000 -1838 -3046 0 1932
3000 -1690 -3140 0 1933
3000 -1460 -3214 0 1934
3000 -1341 -3403 0 1935
3000 -1131 -3384 0 1936
3000 -1050 -3436 0 1937
3000 -867 -3465 0 1938
3000 -631 -3511 0 1939
3000 -494 -3563 0 1940
3000 -393 -3498 0 1941
3000 -288 -3591 0 1942
3000 -201 -3666 0 1943
3000 -49 -3619 0 1944
3000 154 -3585 0 1945
3000 298 -3594 0 1946
3000 481 -3521 0 1947
3000 645 -3490 0 1948
3000 780 -3505 0 1949
3000 984 -3473 0 1950
3000 1110 -3401 0 1951
3000 1340 -3303 0 1952
3000 1397 -3214 0 1953
3000 1705 -3145 0 1954
3000 2008 -3061 0 1955
3000 2199 -3005 0 1956
3000 2298 -2891 0 1957
3000 2385 -2822 0 1958
3000 2489 -2685 0 1959
3000 2646 -2572 0 1960
3000 2844 -2457 0 1961
3000 2931 -2294 0 1962
3000 3025 -2166 0 1963
3000 3070 -1978 0 1964
3000 3181 -1849 0 1965
3000 3359 -1662 0 1966
3000 3459 -1518 0 1967
3000 3562 -1325 0 1968
3000 3677 -1174 0 1969
3000 3723 -1000 0 1970
3000 3797 -801 0 1971
3000 3852 -614 0 1972
3000 3942 -350 0 1973
3000 4074 -197 0 1974
3000 3994 -8 0 19754
3000 3956 178 0 1976
3000 3901 443 0 1977
3000 3869 721 0 1978
3000 3853 961 0 1979
3000 3803 1098 0 1980
3000 3624 1366 0 1981
3000 3504 1559 0 1982
3000 3397 1738 0 1983
3000 3276 1923 0 1984
3000 3158 2074 0 1985
3000 2985 2214 0 1986
3000 2852 2413 0 1987
3000 2662 2585 0 1988
3000 2486 2705 0 1989
3000 2332 2954 0 1990
3000 2236 3037 0 1991
3000 2000 3141 0 1992
3000 1797 3261 0 1993
3000 1576 3360 0 1994
3000 1421 3443 0 1995
3000 1148 3518 0 1996
3000 966 3588 0 1997
3000 832 3644 0 1998
3000 617 3640 0 1999