0 1101 0 0 0
0 1107 0 0 1
0 1055 0 0 2
0 661 0 0 3
0 330 0 0 4
0 8 0 0 54
0 5921 0 0 6
0 5750 0 0 7
0 5948 0 0 8
0 23 0 0 98
0 376 0 0 10
78 365 0 0 11
78 57 0 0 12
78 5816 0 0 13
157 5561 0 0 14
157 5620 0 0 15
235 5892 0 0 16
235 6202 0 0 17
314 118 0 0 18
392 183 0 0 19
392 155 0 0 20
471 126 0 0 21
549 102 0 0 22
628 135 0 0 23
628 235 0 0 24
706 305 0 0 25
785 374 0 0 26
863 464 0 0 27
942 503 0 0 28
1021 585 0 0 29
1099 630 0 0 30
1178 698 0 0 31
1256 752 0 0 32
1335 810 0 0 33
1413 875 0 0 34
1492 930 0 0 35
1570 1008 0 0 36
1649 1126 0 0 37
1727 1185 0 0 38
1806 1256 0 0 39
1884 1338 0 0 40
1963 1393 0 0 41
2042 1443 0 0 42
2199 1512 0 0 43
2277 1596 0 0 44
2356 1641 0 0 45
2356 1719 0 0 46
2434 1807 0 0 47
2513 1878 0 0 48
2591 1951 0 0 49
2670 2014 0 0 50
2748 2088 0 0 51
2827 2160 0 0 52
2905 2241 0 0 53
2984 2316 0 0 54
3063 2399 0 0 55
3141 2474 0 0 56
3220 2544 0 0 57
3298 2631 0 0 58
3377 2720 0 0 59
3455 2806 0 0 60
3534 2898 0 0 61
3534 2985 0 0 62
3612 3057 0 0 63
3691 3134 0 0 64
3769 3180 0 0 65
3848 3256 0 0 66
3926 3319 0 0 67
4005 3399 0 0 68
4084 3471 0 0 69
4084 3523 0 0 70
4162 3590 0 0 71
4241 3681 0 0 72
4319 3752 0 0 73
4398 3820 0 0 74
4476 3892 0 0 75
4555 3967 0 0 76
4633 4063 0 0 77
4712 4131 0 0 78
4790 4211 0 0 79
4869 4300 0 0 80
4948 4369 0 0 81
5026 4442 0 0 82
5105 4508 0 0 83
5262 4582 0 0 84
5340 4657 0 0 85
5419 4725 0 0 86
5497 4797 0 0 87
5576 4885 0 0 88
5654 4953 0 0 89
5733 5033 0 0 90
5811 5131 0 0 91
5890 5198 0 0 92
6047 5282 0 0 93
6126 5382 0 0 94
6204 5465 0 0 95
0 5551 0 0 9695
78 5622 0 0 975
157 5726 0 0 98
235 5818 0 0 99
392 5925 0 0 100
471 6016 0 0 101
549 6106 0 0 102
628 6193 0 0 103
706 5 0 0 10403
785 62 0 0 1053
863 135 0 0 106
942 227 0 0 107
1021 316 0 0 108
1021 380 0 0 109
1099 459 0 0 110
1178 547 0 0 111
1256 631 0 0 112
1335 704 0 0 113
1413 767 0 0 114
1492 830 0 0 115
1570 912 0 0 116
1649 981 0 0 117
1649 1068 0 0 118
1727 1139 0 0 119
1806 1213 0 0 120
1884 1292 0 0 121
1963 1345 0 0 122
2042 1419 0 0 123
2120 1492 0 0 124
2120 1564 0 0 125
2199 1606 0 0 126
2277 1656 0 0 127
2356 1712 0 0 128
2434 1788 0 0 129
2513 1866 0 0 130
2513 1948 0 0 131
2591 2005 0 0 132
2670 2051 0 0 133
2748 2144 0 0 134
2827 2188 0 0 135
2905 2273 0 0 136
2984 2319 0 0 137
3063 2412 0 0 138
3141 2501 0 0 139
3141 2569 0 0 140
3220 2662 0 0 141
3298 2749 0 0 142
3377 2833 0 0 143
3455 2899 0 0 144
3534 2950 0 0 145
3612 3025 0 0 146
3691 3098 0 0 147
3769 3167 0 0 148
3848 3222 0 0 149
3926 3277 0 0 150
3926 3361 0 0 151
4005 3439 0 0 152
4084 3514 0 0 153
4162 3578 0 0 154
4241 3648 0 0 155
4319 3703 0 0 156
4398 3790 0 0 157
4476 3852 0 0 158
4555 3939 0 0 159
4633 4021 0 0 160
4712 4124 0 0 161
4790 4181 0 0 162
4869 4280 0 0 163
4948 4355 0 0 164
5026 4413 0 0 165
5183 4495 0 0 166
5262 4571 0 0 167
5340 4643 0 0 168
5419 4715 0 0 169
5497 4795 0 0 170
5576 4882 0 0 171
5654 4945 0 0 172
5733 5029 0 0 173
5811 5128 0 0 174
5890 5206 0 0 175
6047 5291 0 0 176
6126 5370 0 0 177
6204 5468 0 0 178
0 5543 0 0 17978
78 5641 0 0 1808
157 5722 0 0 181
235 5824 0 0 182
314 5921 0 0 183
392 6011 0 0 184
471 6093 0 0 185
549 6159 0 0 186
628 6248 0 0 187
706 49 0 0 1887
785 129 0 0 189
863 195 0 0 190
942 311 0 0 191
1021 385 0 0 192
1099 466 0 0 193
1178 536 0 0 194
1256 623 0 0 195
1335 690 0 0 196
1413 767 0 0 197
1492 837 0 0 198
1570 919 0 0 199
1570 982 0 0 200
1649 1052 0 0 201
1727 1129 0 0 202
1806 1212 0 0 203
1884 1288 0 0 204
1963 1362 0 0 205
2042 1425 0 0 206
2120 1473 0 0 207
2120 1536 0 0 208
2199 1614 0 0 209
2277 1658 0 0 210
2356 1722 0 0 211
2434 1792 0 0 212
2513 1842 0 0 213
2591 1919 0 0 214
2591 2026 0 0 215
2670 2065 0 0 216
2748 2122 0 0 217
2827 2180 0 0 218
2905 2264 0 0 219
2984 2337 0 0 220
3063 2421 0 0 221
3141 2487 0 0 222
3220 2558 0 0 223
3298 2645 0 0 224
3298 2734 0 0 225
3377 2828 0 0 226
3455 2901 0 0 227
3534 2954 0 0 228
3612 3029 0 0 229
3691 3106 0 0 230
3769 3168 0 0 231
3848 3242 0 0 232
3926 3280 0 0 233
4005 3348 0 0 234
4084 3436 0 0 235
4084 3505 0 0 236
4162 3569 0 0 237
4241 3652 0 0 238
4319 3725 0 0 239
4398 3795 0 0 240
4476 3875 0 0 241
4555 3949 0 0 242
4633 4027 0 0 243
4712 4098 0 0 244
4790 4186 0 0 245
4869 4268 0 0 246
4948 4352 0 0 247
5026 4427 0 0 248
5105 4491 0 0 249
5183 4572 0 0 250
5340 4657 0 0 251
5419 4727 0 0 252
5497 4791 0 0 253
5576 4870 0 0 254
5654 4954 0 0 255
5733 5017 0 0 256
5811 5114 0 0 257
5890 5203 0 0 258
5969 5275 0 0 259
6126 5366 0 0 260
6204 5454 0 0 261
0 5544 0 0 26261
78 5615 0 0 2631
157 5725 0 0 264
235 5844 0 0 265
314 5913 0 0 266
392 5999 0 0 267
471 6097 0 0 268
549 6167 0 0 269
628 6260 0 0 270
706 49 0 0 2710
785 126 0 0 272
863 191 0 0 273
942 282 0 0 274
1021 353 0 0 275
1099 442 0 0 276
1178 543 0 0 277
1256 619 0 0 278
1335 680 0 0 279
1413 752 0 0 280
1492 817 0 0 281
1570 896 0 0 282
1649 965 0 0 283
1649 1047 0 0 284
1727 1125 0 0 285
1806 1204 0 0 286
1884 1279 0 0 287
1963 1378 0 0 288
2042 1416 0 0 289
2120 1481 0 0 290
2120 1535 0 0 291
2199 1600 0 0 292
2277 1663 0 0 293
2356 1714 0 0 294
2434 1779 0 0 295
2513 1838 0 0 296
2591 1918 0 0 297
2591 1984 0 0 298
2670 2040 0 0 299
2748 2140 0 0 300
2827 2206 0 0 301
2905 2267 0 0 302
2984 2348 0 0 303
3063 2422 0 0 304
3141 2490 0 0 305
3141 2566 0 0 306
3220 2646 0 0 307
3298 2749 0 0 308
3377 2832 0 0 309
3455 2895 0 0 310
3534 2947 0 0 311
3612 3030 0 0 312
3691 3097 0 0 313
3769 3172 0 0 314
3848 3219 0 0 315
3926 3285 0 0 316
3926 3351 0 0 317
4005 3415 0 0 318
4084 3491 0 0 319
4162 3558 0 0 320
4241 3636 0 0 321
4319 3723 0 0 322
4398 3787 0 0 323
4476 3860 0 0 324
4555 3935 0 0 325
4633 4016 0 0 326
4712 4095 0 0 327
4790 4167 0 0 328
4869 4248 0 0 329
4948 4356 0 0 330
5026 4417 0 0 331
5105 4495 0 0 332
5262 4579 0 0 333
5340 4645 0 0 334
5419 4716 0 0 335
5497 4790 0 0 336
5576 4871 0 0 337
5654 4939 0 0 338
5733 5031 0 0 339
5811 5113 0 0 340
5890 5209 0 0 341
5969 5288 0 0 342
6126 5383 0 0 343
6204 5467 0 0 344
0 5543 0 0 34544
78 5623 0 0 3464
157 5714 0 0 347
235 5833 0 0 348
314 5916 0 0 349
392 6007 0 0 350
471 6093 0 0 351
549 6176 0 0 352
628 6259 0 0 353
706 69 0 0 3543
785 146 0 0 355
863 214 0 0 356
942 291 0 0 357
1021 365 0 0 358
1099 441 0 0 359
1178 540 0 0 360
1256 605 0 0 361
1335 680 0 0 362
1413 753 0 0 363
1492 836 0 0 364
1570 900 0 0 365
1649 972 0 0 366
1727 1055 0 0 367
1727 1130 0 0 368
1806 1211 0 0 369
1884 1299 0 0 370
1963 1363 0 0 371
2042 1431 0 0 372
2120 1490 0 0 373
2199 1545 0 0 374
2277 1606 0 0 375
2277 1682 0 0 376
2356 1741 0 0 377
2434 1790 0 0 378
2513 1861 0 0 379
2591 1941 0 0 380
2670 2002 0 0 381
2670 2062 0 0 382
2748 2139 0 0 383
2827 2239 0 0 384
2905 2303 0 0 385
2984 2367 0 0 386
3063 2432 0 0 387
3141 2530 0 0 388
3220 2611 0 0 389
3298 2662 0 0 390
3377 2749 0 0 391
3455 2833 0 0 392
3455 2902 0 0 393
3534 2955 0 0 394
3612 3032 0 0 395
3691 3108 0 0 396
3769 3172 0 0 397
3848 3233 0 0 398
3926 3316 0 0 399
4005 3380 0 0 400
4084 3455 0 0 401
4162 3524 0 0 402
4241 3598 0 0 403
4241 3665 0 0 404
4319 3760 0 0 405
4398 3817 0 0 406
4476 3877 0 0 407
4555 3959 0 0 408
4633 4038 0 0 409
4712 4130 0 0 410
4790 4210 0 0 411
4948 4291 0 0 412
5026 4356 0 0 413
5105 4429 0 0 414
5183 4513 0 0 415
5262 4589 0 0 416
5340 4655 0 0 417
5419 4728 0 0 418
5497 4816 0 0 419
5576 4893 0 0 420
5654 4956 0 0 421
5733 5053 0 0 422
5890 5135 0 0 423
5969 5228 0 0 424
6047 5308 0 0 425
6126 5402 0 0 426
6204 5475 0 0 427
0 5559 0 0 42827
78 5634 0 0 4297
157 5739 0 0 430
235 5843 0 0 431
392 5934 0 0 432
471 6034 0 0 433
549 6115 0 0 434
628 6206 0 0 435
706 6273 0 0 436
785 88 0 0 4376
863 136 0 0 438
942 227 0 0 439
1021 304 0 0 440
1099 385 0 0 441
1099 462 0 0 442
1178 522 0 0 443
1256 624 0 0 444
1335 706 0 0 445
1413 796 0 0 446
1492 861 0 0 447
1570 925 0 0 448
1649 1002 0 0 449
1727 1075 0 0 450
1806 1148 0 0 451
1806 1217 0 0 452
1884 1296 0 0 453
1963 1378 0 0 454
2042 1438 0 0 455
2120 1511 0 0 456
2199 1562 0 0 457
2277 1619 0 0 458
2277 1673 0 0 459
2356 1728 0 0 460
2434 1805 0 0 461
2513 1859 0 0 462
2591 1952 0 0 463
2670 2014 0 0 464
2748 2063 0 0 465
2748 2138 0 0 466
2827 2225 0 0 467
2905 2303 0 0 468
2984 2361 0 0 469
3063 2437 0 0 470
3141 2503 0 0 471
3220 2587 0 0 472
3298 2694 0 0 473
3377 2779 0 0 474
3455 2847 0 0 475
3455 2906 0 0 476
3534 2970 0 0 477
3612 3042 0 0 478
3691 3110 0 0 479
3769 3196 0 0 480
3848 3237 0 0 481
3926 3307 0 0 482
4005 3378 0 0 483
4084 3441 0 0 484
4162 3520 0 0 485
4241 3587 0 0 486
4241 3657 0 0 487
4319 3737 0 0 488
4398 3810 0 0 489
4476 3879 0 0 490
4555 3956 0 0 491
4633 4041 0 0 492
4712 4116 0 0 493
4790 4173 0 0 494
4869 4284 0 0 495
5026 4369 0 0 496
5105 4438 0 0 497
5183 4502 0 0 498
5262 4577 0 0 499
5340 4658 0 0 500
5419 4744 0 0 501
5497 4808 0 0 502
5576 4885 0 0 503
5654 4964 0 0 504
5733 5036 0 0 505
5811 5131 0 0 506
5969 5207 0 0 507
6047 5311 0 0 508
6126 5384 0 0 509
6204 5476 0 0 510
0 5558 0 0 51110
78 5640 0 0 5120
157 5727 0 0 513
235 5803 0 0 514
314 5933 0 0 515
471 6020 0 0 516
549 6092 0 0 517
628 6169 0 0 518
706 6271 0 0 519
785 63 0 0 5209
863 163 0 0 521
942 232 0 0 522
1021 298 0 0 523
1021 397 0 0 524
1099 467 0 0 525
1178 538 0 0 526
1256 628 0 0 527
1335 708 0 0 528
1413 766 0 0 529
1492 833 0 0 530
1570 916 0 0 531
1649 986 0 0 532
1727 1083 0 0 533
1727 1136 0 0 534
1806 1187 0 0 535
1884 1291 0 0 536
1963 1364 0 0 537
2042 1432 0 0 538
2120 1481 0 0 539
2199 1552 0 0 540
2277 1644 0 0 541
2277 1684 0 0 542
2356 1703 0 0 543
2434 1800 0 0 544
2513 1874 0 0 545
2591 1941 0 0 546
2670 2002 0 0 547
2670 2076 0 0 548
2748 2152 0 0 549
2827 2227 0 0 550
2905 2282 0 0 551
2984 2343 0 0 552
3063 2421 0 0 553
3141 2500 0 0 554
3220 2571 0 0 555
3298 2658 0 0 556
3377 2751 0 0 557
3377 2818 0 0 558
3455 2895 0 0 559
3534 2971 0 0 560
3612 3038 0 0 561
3691 3097 0 0 562
3769 3167 0 0 563
3848 3244 0 0 564
3926 3301 0 0 565
4005 3380 0 0 566
4084 3451 0 0 567
4084 3508 0 0 568
4162 3581 0 0 569
4241 3657 0 0 570
4319 3750 0 0 571
4398 3810 0 0 572
4476 3873 0 0 573
4555 3941 0 0 574
4633 4032 0 0 575
4712 4103 0 0 576
4790 4200 0 0 577
4869 4279 0 0 578
4948 4355 0 0 579
5026 4406 0 0 580
5183 4493 0 0 581
5262 4575 0 0 582
5340 4651 0 0 583
5419 4717 0 0 584
5497 4797 0 0 585
5576 4874 0 0 586
5654 4937 0 0 587
5733 5046 0 0 588
5811 5118 0 0 589
5969 5227 0 0 590
6047 5297 0 0 591
6126 5393 0 0 592
6204 5472 0 0 593
0 5550 0 0 59493
78 5629 0 0 5953
157 5741 0 0 596
235 5838 0 0 597
314 5926 0 0 598
471 6023 0 0 599
549 6109 0 0 600
628 6179 0 0 601
706 3 0 0 60201
785 82 0 0 6031
863 143 0 0 604
942 220 0 0 605
1021 316 0 0 606
1099 393 0 0 607
1099 463 0 0 608
1178 539 0 0 609
1256 615 0 0 610
1335 699 0 0 611
1413 772 0 0 612
1492 856 0 0 613
1570 922 0 0 614
1649 1009 0 0 615
1727 1074 0 0 616
1806 1133 0 0 617
1806 1224 0 0 618
1884 1291 0 0 619
1963 1370 0 0 620
2042 1411 0 0 621
2120 1504 0 0 622
2199 1574 0 0 623
2277 1625 0 0 624
2277 1680 0 0 625
2356 1748 0 0 626
2434 1806 0 0 627
2513 1862 0 0 628
2591 1943 0 0 629
2670 2017 0 0 630
2748 2070 0 0 631
2827 2159 0 0 632
2827 2231 0 0 633
2905 2311 0 0 634
2984 2376 0 0 635
3063 2448 0 0 636
3141 2532 0 0 637
3220 2602 0 0 638
3298 2699 0 0 639
3377 2785 0 0 640
3455 2866 0 0 641
3534 2900 0 0 642
3612 2979 0 0 643
3612 3041 0 0 644
3691 3110 0 0 645
3769 3182 0 0 646
3848 3247 0 0 647
3926 3311 0 0 648
4005 3383 0 0 649
4084 3468 0 0 650
4162 3533 0 0 651
4241 3601 0 0 652
4319 3678 0 0 653
4398 3767 0 0 654
4476 3850 0 0 655
4555 3898 0 0 656
4633 3985 0 0 657
4712 4066 0 0 658
4790 4151 0 0 659
4869 4212 0 0 660
4948 4304 0 0 661
5026 4383 0 0 662
5105 4432 0 0 663
5183 4527 0 0 664
5262 4589 0 0 665
5340 4670 0 0 666
5419 4754 0 0 667
5497 4828 0 0 668
5576 4907 0 0 669
5733 4979 0 0 670
5811 5071 0 0 671
5890 5163 0 0 672
5969 5237 0 0 673
6047 5334 0 0 674
6126 5416 0 0 675
6204 5504 0 0 676
0 5581 0 0 67776
157 5665 0 0 678
235 5768 0 0 679
314 5871 0 0 680
392 5993 0 0 681
471 6063 0 0 682
549 6121 0 0 683
628 6201 0 0 684
706 18 0 0 6854
785 96 0 0 6864
863 161 0 0 687
942 246 0 0 688
1021 332 0 0 689
1099 417 0 0 690
1178 495 0 0 691
1256 574 0 0 692
1335 660 0 0 693
1335 724 0 0 694
1413 777 0 0 695
1492 870 0 0 696
1570 939 0 0 697
1649 1025 0 0 698
1727 1093 0 0 699
1806 1177 0 0 700
1884 1241 0 0 701
1963 1328 0 0 702
1963 1401 0 0 703
2042 1451 0 0 704
2120 1504 0 0 705
2199 1585 0 0 706
2277 1645 0 0 707
2356 1691 0 0 708
2434 1758 0 0 709
2434 1829 0 0 710
2513 1893 0 0 711
2591 1967 0 0 712
2670 2036 0 0 713
2748 2098 0 0 714
2827 2169 0 0 715
2905 2261 0 0 716
2984 2303 0 0 717
2984 2370 0 0 718
3063 2432 0 0 719
3141 2535 0 0 720
3220 2621 0 0 721
3298 2694 0 0 722
3377 2787 0 0 723
3455 2862 0 0 724
3534 2938 0 0 725
3612 2996 0 0 726
3691 3057 0 0 727
3691 3122 0 0 728
3769 3194 0 0 729
3848 3261 0 0 730
3926 3331 0 0 731
4005 3408 0 0 732
4084 3491 0 0 733
4162 3531 0 0 734
4241 3608 0 0 735
4319 3679 0 0 736
4398 3774 0 0 737
4476 3821 0 0 738
4555 3899 0 0 739
4633 3971 0 0 740
4712 4066 0 0 741
4790 4142 0 0 742
4869 4226 0 0 743
4948 4318 0 0 744
5026 4385 0 0 745
5105 4457 0 0 746
5183 4526 0 0 747
5262 4607 0 0 748
5340 4665 0 0 749
5419 4748 0 0 750
5497 4813 0 0 751
5576 4902 0 0 752
5733 4992 0 0 753
5811 5064 0 0 754
5890 5133 0 0 755
5969 5239 0 0 756
6047 5314 0 0 757
6126 5421 0 0 758
6204 5491 0 0 759
0 5593 0 0 76059
78 5666 0 0 7619
235 5761 0 0 762
314 5865 0 0 763
392 5957 0 0 764
471 6045 0 0 765
549 6120 0 0 766
628 6199 0 0 767
706 11 0 0 7687
785 90 0 0 7697
863 167 0 0 770
942 226 0 0 771
1021 320 0 0 772
1099 407 0 0 773
1178 492 0 0 774
1256 570 0 0 775
1256 619 0 0 776
1335 720 0 0 777
1413 793 0 0 778
1492 862 0 0 779
1570 927 0 0 780
1649 1020 0 0 781
1727 1084 0 0 782
1806 1158 0 0 783
1884 1229 0 0 784
1884 1318 0 0 785
1963 1379 0 0 786
2042 1434 0 0 787
2120 1498 0 0 788
2199 1576 0 0 789
2277 1626 0 0 790
2356 1704 0 0 791
2356 1754 0 0 792
2434 1817 0 0 793
2513 1897 0 0 794
2591 1945 0 0 795
2670 1998 0 0 796
2748 2083 0 0 797
2827 2160 0 0 798
2827 2251 0 0 799
2905 2332 0 0 800
2984 2391 0 0 801
3063 2466 0 0 802
3141 2532 0 0 803
3220 2634 0 0 804
3298 2731 0 0 805
3377 2790 0 0 806
3455 2878 0 0 807
3534 2928 0 0 808
3612 2990 0 0 809
3612 3072 0 0 810
3691 3127 0 0 811
3769 3196 0 0 812
3848 3266 0 0 813
3926 3326 0 0 814
4005 3406 0 0 815
4084 3454 0 0 816
4162 3517 0 0 817
4241 3623 0 0 818
4319 3696 0 0 819
4398 3786 0 0 820
4476 3836 0 0 821
4555 3918 0 0 822
4633 3996 0 0 823
4712 4091 0 0 824
4790 4152 0 0 825
4869 4250 0 0 826
4948 4328 0 0 827
5026 4409 0 0 828
5105 4461 0 0 829
5183 4553 0 0 830
5262 4615 0 0 831
5340 4697 0 0 832
5497 4772 0 0 833
5576 4861 0 0 834
5654 4929 0 0 835
5733 4998 0 0 836
5811 5079 0 0 837
5890 5172 0 0 838
5969 5258 0 0 839
6047 5362 0 0 840
6204 5439 0 0 841
0 5523 0 0 84241
78 5609 0 0 8431
157 5692 0 0 844
235 5793 0 0 845
314 5891 0 0 846
392 6002 0 0 847
471 6088 0 0 848
549 6148 0 0 849
628 6267 0 0 850
706 41 0 0 8510
785 129 0 0 852
863 185 0 0 853
942 266 0 0 854
1021 347 0 0 855
1099 440 0 0 856
1178 528 0 0 857
1256 608 0 0 858
1335 691 0 0 859
1413 750 0 0 860
1492 811 0 0 861
1570 880 0 0 862
1570 963 0 0 863
1649 1053 0 0 864
1727 1127 0 0 865
1806 1183 0 0 866
1884 1284 0 0 867
1963 1344 0 0 868
2042 1426 0 0 869
2120 1478 0 0 870
2120 1543 0 0 871
2199 1598 0 0 872
2277 1666 0 0 873
2356 1725 0 0 874
2434 1776 0 0 875
2513 1813 0 0 876
2591 1944 0 0 877
2591 1988 0 0 878
2670 2051 0 0 879
2748 2136 0 0 880
2827 2213 0 0 881
2905 2258 0 0 882
2984 2338 0 0 883
3063 2400 0 0 884
3141 2488 0 0 885
3220 2569 0 0 886
3220 2657 0 0 887
3298 2732 0 0 888
3377 2803 0 0 889
3455 2881 0 0 890
3534 2955 0 0 891
3612 3029 0 0 892
3691 3105 0 0 893
3769 3175 0 0 894
3848 3225 0 0 895
3926 3282 0 0 896
3926 3352 0 0 897
4005 3423 0 0 898
4084 3478 0 0 899
4162 3549 0 0 900
4241 3637 0 0 901
4319 3731 0 0 902
4398 3789 0 0 903
4476 3858 0 0 904
4555 3909 0 0 905
4633 4002 0 0 906
4712 4089 0 0 907
4790 4173 0 0 908
4869 4244 0 0 909
4948 4340 0 0 910
5026 4424 0 0 911
5105 4484 0 0 912
5183 4555 0 0 913
5262 4630 0 0 914
5419 4702 0 0 915
5497 4778 0 0 916
5576 4857 0 0 917
5654 4930 0 0 918
5733 5008 0 0 919
5811 5105 0 0 920
5890 5177 0 0 921
5969 5261 0 0 922
6047 5362 0 0 923
6204 5434 0 0 924
0 5536 0 0 92524
78 5605 0 0 9264
157 5715 0 0 927
235 5823 0 0 928
314 5886 0 0 929
392 5991 0 0 930
471 6079 0 0 931
549 6164 0 0 932
628 6254 0 0 933
706 48 0 0 9343
785 127 0 0 935
863 191 0 0 936
942 280 0 0 937
1021 358 0 0 938
1099 444 0 0 939
1178 512 0 0 940
1256 591 0 0 941
1335 664 0 0 942
1413 760 0 0 943
1492 817 0 0 944
1570 874 0 0 945
1570 969 0 0 946
1649 1069 0 0 947
1727 1130 0 0 948
1806 1201 0 0 949
1884 1274 0 0 950
1963 1341 0 0 951
2042 1416 0 0 952
2120 1479 0 0 953
2120 1532 0 0 954
2199 1600 0 0 955
2277 1660 0 0 956
2356 1712 0 0 957
2434 1774 0 0 958
2513 1847 0 0 959
2591 1921 0 0 960
2591 2010 0 0 961
2670 2054 0 0 962
2748 2130 0 0 963
2827 2205 0 0 964
2905 2278 0 0 965
2984 2338 0 0 966
3063 2427 0 0 967
3141 2484 0 0 968
3220 2564 0 0 969
3220 2637 0 0 970
3298 2740 0 0 971
3377 2819 0 0 972
3455 2904 0 0 973
3534 2969 0 0 974
3612 3035 0 0 975
3691 3115 0 0 976
3769 3186 0 0 977
3848 3245 0 0 978
3926 3287 0 0 979
4005 3379 0 0 980
4005 3454 0 0 981
4084 3518 0 0 982
4162 3573 0 0 983
4241 3671 0 0 984
4319 3736 0 0 985
4398 3793 0 0 986
4476 3859 0 0 987
4555 3936 0 0 988
4633 4011 0 0 989
4712 4121 0 0 990
4790 4190 0 0 991
4869 4273 0 0 992
4948 4355 0 0 993
5026 4430 0 0 994
5183 4488 0 0 995
5262 4570 0 0 996
5340 4648 0 0 997
5419 4725 0 0 998
5497 4792 0 0 999
5576 4878 0 0 1000
5654 4975 0 0 1001
5733 5055 0 0 1002
5811 5137 0 0 1003
5890 5211 0 0 1004
6047 5300 0 0 1005
6126 5385 0 0 1006
6204 5468 0 0 1007
0 5558 0 0 100807
78 5638 0 0 10097
157 5738 0 0 1010
235 5842 0 0 1011
314 5934 0 0 1012
392 6030 0 0 1013
549 6101 0 0 1014
628 6173 0 0 1015
706 6272 0 0 1016
785 103 0 0 1017
863 151 0 0 1018
942 227 0 0 1019
1021 299 0 0 1020
1021 408 0 0 1021
1099 466 0 0 1022
1178 536 0 0 1023
1256 611 0 0 1024
1335 701 0 0 1025
1413 754 0 0 1026
1492 855 0 0 1027
1570 920 0 0 1028
1649 1006 0 0 1029
1727 1088 0 0 1030
1806 1169 0 0 1031
1806 1234 0 0 1032
1884 1299 0 0 1033
1963 1383 0 0 1034
2042 1440 0 0 1035
2120 1502 0 0 1036
2199 1563 0 0 1037
2277 1634 0 0 1038
2356 1699 0 0 1039
2356 1750 0 0 1040
2434 1822 0 0 1041
2513 1890 0 0 1042
2591 1966 0 0 1043
2670 2007 0 0 1044
2748 2085 0 0 1045
2827 2168 0 0 1046
2827 2248 0 0 1047
2905 2307 0 0 1048
2984 2371 0 0 1049
3063 2453 0 0 1050
3141 2519 0 0 1051
3220 2599 0 0 1052
3298 2691 0 0 1053
3377 2779 0 0 1054
3455 2861 0 0 1055
3534 2934 0 0 1056
3612 2997 0 0 1057
3612 3073 0 0 1058
3691 3126 0 0 1059
3769 3186 0 0 1060
3848 3252 0 0 1061
3926 3314 0 0 1062
4005 3384 0 0 1063
4084 3458 0 0 1064
4162 3511 0 0 1065
4241 3587 0 0 1066
4319 3689 0 0 1067
4398 3776 0 0 1068
4476 3822 0 0 1069
4555 3886 0 0 1070
4633 3973 0 0 1071
4712 4056 0 0 1072
4790 4141 0 0 1073
4869 4223 0 0 1074
4948 4313 0 0 1075
5026 4384 0 0 1076
5105 4455 0 0 1077
5183 4530 0 0 1078
5262 4598 0 0 1079
5340 4677 0 0 1080
5419 4749 0 0 1081
5497 4825 0 0 1082
5576 4909 0 0 1083
5654 4977 0 0 1084
5811 5064 0 0 1085
5890 5166 0 0 1086
5969 5234 0 0 1087
6047 5309 0 0 1088
6126 5396 0 0 1089
6204 5471 0 0 1090
0 5560 0 0 109190
78 5679 0 0 10920
157 5770 0 0 1093
314 5877 0 0 1094
392 5959 0 0 1095
471 6041 0 0 1096
549 6126 0 0 1097
628 6212 0 0 1098
706 7 0 0 109998
785 81 0 0 11008
863 165 0 0 1101
942 250 0 0 1102
1021 324 0 0 1103
1099 402 0 0 1104
1178 473 0 0 1105
1178 564 0 0 1106
1256 662 0 0 1107
1335 713 0 0 1108
1413 775 0 0 1109
1492 865 0 0 1110
1570 955 0 0 1111
1649 1047 0 0 1112
1727 1089 0 0 1113
1806 1175 0 0 1114
1884 1251 0 0 1115
1884 1321 0 0 1116
1963 1384 0 0 1117
2042 1447 0 0 1118
2120 1505 0 0 1119
2199 1568 0 0 1120
2277 1628 0 0 1121
2356 1686 0 0 1122
2434 1754 0 0 1123
2434 1823 0 0 1124
2513 1917 0 0 1125
2591 1964 0 0 1126
2670 2040 0 0 1127
2748 2099 0 0 1128
2827 2174 0 0 1129
2905 2240 0 0 1130
2984 2325 0 0 1131
2984 2396 0 0 1132
3063 2459 0 0 1133
3141 2547 0 0 1134
3220 2620 0 0 1135
3298 2729 0 0 1136
3377 2789 0 0 1137
3455 2859 0 0 1138
3534 2955 0 0 1139
3612 3021 0 0 1140
3691 3109 0 0 1141
3691 3166 0 0 1142
3769 3224 0 0 1143
3848 3264 0 0 1144
3926 3344 0 0 1145
4005 3402 0 0 1146
4084 3473 0 0 1147
4162 3543 0 0 1148
4241 3628 0 0 1149
4319 3702 0 0 1150
4398 3776 0 0 1151
4476 3824 0 0 1152
4555 3900 0 0 1153
4633 3970 0 0 1154
4712 4087 0 0 1155
4790 4158 0 0 1156
4869 4264 0 0 1157
4948 4334 0 0 1158
5026 4411 0 0 1159
5105 4474 0 0 1160
5183 4557 0 0 1161
5262 4641 0 0 1162
5340 4702 0 0 1163
5497 4779 0 0 1164
5576 4848 0 0 1165
5654 4953 0 0 1166
5733 5015 0 0 1167
5811 5104 0 0 1168
5890 5186 0 0 1169
5969 5282 0 0 1170
6047 5354 0 0 1171
6126 5465 0 0 1172
0 5529 0 0 117372
78 5599 0 0 11742
157 5696 0 0 1175
235 5818 0 0 1176
314 5908 0 0 1177
392 5985 0 0 1178
471 6082 0 0 1179
549 6158 0 0 1180
628 6252 0 0 1181
706 53 0 0 11821
785 127 0 0 1183
863 206 0 0 1184
942 280 0 0 1185
1021 361 0 0 1186
1099 435 0 0 1187
1178 512 0 0 1188
1256 599 0 0 1189
1335 667 0 0 1190
1413 748 0 0 1191
1492 826 0 0 1192
1570 897 0 0 1193
1570 977 0 0 1194
1649 1048 0 0 1195
1727 1136 0 0 1196
1806 1206 0 0 1197
1884 1282 0 0 1198
1963 1349 0 0 1199
2042 1403 0 0 1200
2120 1480 0 0 1201
2120 1533 0 0 1202
2199 1634 0 0 1203
2277 1667 0 0 1204
2356 1734 0 0 1205
2434 1795 0 0 1206
2513 1843 0 0 1207
2591 1916 0 0 1208
2591 1998 0 0 1209
2670 2059 0 0 1210
2748 2136 0 0 1211
2827 2218 0 0 1212
2905 2298 0 0 1213
2984 2334 0 0 1214
3063 2409 0 0 1215
3141 2479 0 0 1216
3141 2555 0 0 1217
3220 2647 0 0 1218
3298 2739 0 0 1219
3377 2813 0 0 1220
3455 2892 0 0 1221
3534 2966 0 0 1222
3612 3035 0 0 1223
3691 3102 0 0 1224
3769 3173 0 0 1225
3848 3230 0 0 1226
3926 3298 0 0 1227
3926 3368 0 0 1228
4005 3427 0 0 1229
4084 3489 0 0 1230
4162 3571 0 0 1231
4241 3644 0 0 1232
4319 3704 0 0 1233
4398 3782 0 0 1234
4476 3864 0 0 1235
4555 3941 0 0 1236
4633 4007 0 0 1237
4712 4107 0 0 1238
4790 4177 0 0 1239
4869 4266 0 0 1240
4948 4362 0 0 1241
5026 4430 0 0 1242
5105 4496 0 0 1243
5183 4574 0 0 1244
5262 4638 0 0 1245
5419 4701 0 0 1246
5497 4774 0 0 1247
5576 4872 0 0 1248
5654 4947 0 0 1249
5733 5026 0 0 1250
5811 5116 0 0 1251
5890 5190 0 0 1252
5969 5276 0 0 1253
6047 5360 0 0 1254
6204 5462 0 0 1255
0 5554 0 0 125655
78 5615 0 0 12575
157 5720 0 0 1258
235 5818 0 0 1259
314 5915 0 0 1260
392 5988 0 0 1261
471 6073 0 0 1262
549 6157 0 0 1263
628 6256 0 0 1264
706 71 0 0 12654
785 139 0 0 1266
863 213 0 0 1267
942 286 0 0 1268
1021 372 0 0 1269
1099 441 0 0 1270
1178 525 0 0 1271
1256 607 0 0 1272
1335 689 0 0 1273
1413 759 0 0 1274
1492 830 0 0 1275
1492 876 0 0 1276
1570 961 0 0 1277
1649 1033 0 0 1278
1727 1125 0 0 1279
1806 1200 0 0 1280
1884 1277 0 0 1281
1963 1338 0 0 1282
2042 1417 0 0 1283
2120 1480 0 0 1284
2120 1543 0 0 1285
2199 1614 0 0 1286
2277 1661 0 0 1287
2356 1750 0 0 1288
2434 1794 0 0 1289
2513 1853 0 0 1290
2513 1915 0 0 1291
2591 1965 0 0 1292
2670 2054 0 0 1293
2748 2136 0 0 1294
2827 2223 0 0 1295
2905 2288 0 0 1296
2984 2346 0 0 1297
3063 2407 0 0 1298
3063 2491 0 0 1299
3141 2560 0 0 1300
3220 2626 0 0 1301
3298 2724 0 0 1302
3377 2813 0 0 1303
3455 2878 0 0 1304
3534 2956 0 0 1305
3612 3022 0 0 1306
3691 3105 0 0 1307
3769 3149 0 0 1308
3769 3229 0 0 1309
3848 3279 0 0 1310
3926 3358 0 0 1311
4005 3417 0 0 1312
4084 3502 0 0 1313
4162 3566 0 0 1314
4241 3642 0 0 1315
4319 3713 0 0 1316
4398 3788 0 0 1317
4476 3857 0 0 1318
4555 3918 0 0 1319
4633 4011 0 0 1320
4712 4096 0 0 1321
4790 4178 0 0 1322
4869 4252 0 0 1323
4948 4330 0 0 1324
5026 4403 0 0 1325
5105 4471 0 0 1326
5183 4542 0 0 1327
5262 4636 0 0 1328
5340 4700 0 0 1329
5419 4785 0 0 1330
5576 4849 0 0 1331
5654 4928 0 0 1332
5733 5020 0 0 1333
5811 5092 0 0 1334
5890 5190 0 0 1335
5969 5266 0 0 1336
6047 5353 0 0 1337
6126 5437 0 0 1338
0 5544 0 0 133938
78 5609 0 0 13408
157 5701 0 0 1341
235 5802 0 0 1342
314 5885 0 0 1343
392 5998 0 0 1344
471 6091 0 0 1345
549 6165 0 0 1346
628 6227 0 0 1347
706 55 0 0 13487
785 136 0 0 1349
863 200 0 0 1350
942 276 0 0 1351
1021 368 0 0 1352
1099 440 0 0 1353
1178 529 0 0 1354
1256 607 0 0 1355
1335 668 0 0 1356
1413 755 0 0 1357
1413 814 0 0 1358
1492 894 0 0 1359
1570 969 0 0 1360
1649 1036 0 0 1361
1727 1128 0 0 1362
1806 1210 0 0 1363
1884 1266 0 0 1364
1963 1344 0 0 1365
2042 1416 0 0 1366
2042 1483 0 0 1367
2120 1535 0 0 1368
2199 1589 0 0 1369
2277 1668 0 0 1370
2356 1733 0 0 1371
2434 1792 0 0 1372
2513 1842 0 0 1373
2513 1916 0 0 1374
2591 1985 0 0 1375
2670 2071 0 0 1376
2748 2146 0 0 1377
2827 2224 0 0 1378
2905 2278 0 0 1379
2984 2338 0 0 1380
3063 2431 0 0 1381
3141 2512 0 0 1382
3220 2572 0 0 1383
3220 2676 0 0 1384
3298 2761 0 0 1385
3377 2833 0 0 1386
3455 2915 0 0 1387
3534 2975 0 0 1388
3612 3049 0 0 1389
3691 3118 0 0 1390
3769 3188 0 0 1391
3848 3239 0 0 1392
3926 3298 0 0 1393
3926 3377 0 0 1394
4005 3442 0 0 1395
4084 3500 0 0 1396
4162 3580 0 0 1397
4241 3648 0 0 1398
4319 3736 0 0 1399
4398 3792 0 0 1400
4476 3881 0 0 1401
4555 3944 0 0 1402
4633 4042 0 0 1403
4712 4126 0 0 1404
4790 4197 0 0 1405
4869 4289 0 0 1406
4948 4369 0 0 1407
5026 4436 0 0 1408
5183 4509 0 0 1409
5262 4601 0 0 1410
5340 4667 0 0 1411
5419 4717 0 0 1412
5497 4803 0 0 1413
5576 4867 0 0 1414
5654 4970 0 0 1415
5733 5049 0 0 1416
5811 5128 0 0 1417
5890 5215 0 0 1418
6047 5310 0 0 1419
6126 5409 0 0 1420
6204 5488 0 0 1421
0 5572 0 0 142221
78 5651 0 0 14231
157 5750 0 0 1424
235 5832 0 0 1425
314 5938 0 0 1426
392 6040 0 0 1427
471 6116 0 0 1428
628 6190 0 0 1429
706 5 0 0 143029
785 88 0 0 14319
863 165 0 0 1432
942 229 0 0 1433
942 294 0 0 1434
1021 382 0 0 1435
1099 467 0 0 1436
1178 568 0 0 1437
1256 644 0 0 1438
1335 715 0 0 1439
1413 777 0 0 1440
1492 844 0 0 1441
1570 914 0 0 1442
1649 1012 0 0 1443
1727 1080 0 0 1444
1727 1172 0 0 1445
1806 1226 0 0 1446
1884 1320 0 0 1447
1963 1376 0 0 1448
2042 1461 0 0 1449
2120 1492 0 0 1450
2199 1566 0 0 1451
2277 1636 0 0 1452
2277 1680 0 0 1453
2356 1734 0 0 1454
2434 1795 0 0 1455
2513 1873 0 0 1456
2591 1927 0 0 1457
2670 2032 0 0 1458
2748 2120 0 0 1459
2748 2185 0 0 1460
2827 2255 0 0 1461
2905 2298 0 0 1462
2984 2361 0 0 1463
3063 2439 0 0 1464
3141 2509 0 0 1465
3220 2583 0 0 1466
3298 2684 0 0 1467
3377 2772 0 0 1468
3455 2847 0 0 1469
3455 2933 0 0 1470
3534 2995 0 0 1471
3612 3067 0 0 1472
3691 3129 0 0 1473
3769 3199 0 0 1474
3848 3243 0 0 1475
3926 3326 0 0 1476
4005 3383 0 0 1477
4084 3455 0 0 1478
4084 3520 0 0 1479
4162 3592 0 0 1480
4241 3661 0 0 1481
4319 3750 0 0 1482
4398 3820 0 0 1483
4476 3898 0 0 1484
4555 3967 0 0 1485
4633 4053 0 0 1486
4712 4131 0 0 1487
4790 4211 0 0 1488
4869 4308 0 0 1489
4948 4365 0 0 1490
5105 4441 0 0 1491
5183 4515 0 0 1492
5262 4609 0 0 1493
5340 4663 0 0 1494
5419 4735 0 0 1495
5497 4821 0 0 1496
5576 4898 0 0 1497
5654 4982 0 0 1498
5733 5035 0 0 1499
5811 5134 0 0 1500
5969 5233 0 0 1501
6047 5308 0 0 1502
6126 5398 0 0 1503
6204 5480 0 0 1504
0 5570 0 0 150504
78 5655 0 0 15064
157 5746 0 0 1507
235 5844 0 0 1508
314 5932 0 0 1509
392 6039 0 0 1510
549 6125 0 0 1511
628 6187 0 0 1512
706 1 0 0 151312
785 80 0 0 15142
863 172 0 0 1515
863 255 0 0 1516
942 321 0 0 1517
1021 393 0 0 1518
1099 495 0 0 1519
1178 553 0 0 1520
1256 616 0 0 1521
1335 697 0 0 1522
1413 793 0 0 1523
1492 860 0 0 1524
1570 930 0 0 1525
1649 995 0 0 1526
1649 1086 0 0 1527
1727 1162 0 0 1528
1806 1233 0 0 1529
1884 1300 0 0 1530
1963 1375 0 0 1531
2042 1443 0 0 1532
2120 1506 0 0 1533
2199 1546 0 0 1534
2199 1613 0 0 1535
2277 1678 0 0 1536
2356 1744 0 0 1537
2434 1802 0 0 1538
2513 1879 0 0 1539
2591 1952 0 0 1540
2670 2016 0 0 1541
2670 2095 0 0 1542
2748 2149 0 0 1543
2827 2230 0 0 1544
2905 2283 0 0 1545
2984 2371 0 0 1546
3063 2435 0 0 1547
3141 2531 0 0 1548
3220 2598 0 0 1549
3298 2677 0 0 1550
3298 2762 0 0 1551
3377 2847 0 0 1552
3455 2910 0 0 1553
3534 2958 0 0 1554
3612 3040 0 0 1555
3691 3112 0 0 1556
3769 3198 0 0 1557
3848 3245 0 0 1558
3926 3301 0 0 1559
4005 3367 0 0 1560
4005 3457 0 0 1561
4084 3513 0 0 1562
4162 3590 0 0 1563
4241 3665 0 0 1564
4319 3743 0 0 1565
4398 3814 0 0 1566
4476 3890 0 0 1567
4555 3961 0 0 1568
4633 4030 0 0 1569
4712 4120 0 0 1570
4790 4207 0 0 1571
4869 4280 0 0 1572
4948 4355 0 0 1573
5026 4429 0 0 1574
5105 4497 0 0 1575
5183 4584 0 0 1576
5340 4657 0 0 1577
5419 4714 0 0 1578
5497 4797 0 0 1579
5576 4878 0 0 1580
5654 4950 0 0 1581
5733 5048 0 0 1582
5811 5128 0 0 1583
5890 5217 0 0 1584
5969 5287 0 0 1585
6126 5387 0 0 1586
6204 5486 0 0 1587
0 5546 0 0 158887
78 5633 0 0 15897
157 5733 0 0 1590
235 5830 0 0 1591
314 5927 0 0 1592
392 6021 0 0 1593
471 6109 0 0 1594
549 6180 0 0 1595
628 6269 0 0 1596
706 68 0 0 15976
785 139 0 0 1598
863 217 0 0 1599
942 305 0 0 1600
1021 393 0 0 1601
1099 454 0 0 1602
1178 537 0 0 1603
1256 615 0 0 1604
1335 691 0 0 1605
1413 768 0 0 1606
1492 849 0 0 1607
1570 936 0 0 1608
1570 992 0 0 1609
1649 1061 0 0 1610
1727 1141 0 0 1611
1806 1209 0 0 1612
1884 1285 0 0 1613
1963 1368 0 0 1614
2042 1441 0 0 1615
2120 1490 0 0 1616
2120 1543 0 0 1617
2199 1617 0 0 1618
2277 1660 0 0 1619
2356 1733 0 0 1620
2434 1792 0 0 1621
2513 1867 0 0 1622
2591 1938 0 0 1623
2591 1996 0 0 1624
2670 2055 0 0 1625
2748 2157 0 0 1626
2827 2239 0 0 1627
2905 2305 0 0 1628
2984 2370 0 0 1629
3063 2430 0 0 1630
3141 2519 0 0 1631
3220 2613 0 0 1632
3220 2687 0 0 1633
3298 2782 0 0 1634
3377 2866 0 0 1635
3455 2916 0 0 1636
3534 2990 0 0 1637
3612 3056 0 0 1638
3691 3146 0 0 1639
3769 3200 0 0 1640
3848 3242 0 0 1641
3926 3298 0 0 1642
4005 3392 0 0 1643
4084 3446 0 0 1644
4084 3509 0 0 1645
4162 3562 0 0 1646
4241 3657 0 0 1647
4319 3735 0 0 1648
4398 3820 0 0 1649
4476 3873 0 0 1650
4555 3968 0 0 1651
4633 4048 0 0 1652
4712 4140 0 0 1653
4790 4210 0 0 1654
4869 4304 0 0 1655
5026 4393 0 0 1656
5105 4430 0 0 1657
5183 4514 0 0 1658
5262 4601 0 0 1659
5340 4688 0 0 1660
5419 4755 0 0 1661
5497 4831 0 0 1662
5576 4902 0 0 1663
5654 4975 0 0 1664
5733 5076 0 0 1665
5890 5150 0 0 1666
5969 5246 0 0 1667
6047 5346 0 0 1668
6126 5410 0 0 1669
6204 5483 0 0 1670
0 5593 0 0 167170
78 5667 0 0 16720
157 5759 0 0 1673
235 5845 0 0 1674
314 5943 0 0 1675
471 6052 0 0 1676
549 6126 0 0 1677
628 6222 0 0 1678
706 21 0 0 16798
785 100 0 0 1680
863 154 0 0 1681
942 246 0 0 1682
1021 334 0 0 1683
1021 415 0 0 1684
1099 480 0 0 1685
1178 562 0 0 1686
1256 652 0 0 1687
1335 725 0 0 1688
1413 794 0 0 1689
1492 866 0 0 1690
1570 941 0 0 1691
1649 1020 0 0 1692
1727 1094 0 0 1693
1806 1192 0 0 1694
1806 1241 0 0 1695
1884 1326 0 0 1696
1963 1399 0 0 1697
2042 1445 0 0 1698
2120 1524 0 0 1699
2199 1571 0 0 1700
2277 1616 0 0 1701
2277 1706 0 0 1702
2356 1761 0 0 1703
2434 1814 0 0 1704
2513 1896 0 0 1705
2591 1994 0 0 1706
2670 2051 0 0 1707
2748 2106 0 0 1708
2827 2187 0 0 1709
2827 2288 0 0 1710
2905 2347 0 0 1711
2984 2408 0 0 1712
3063 2470 0 0 1713
3141 2557 0 0 1714
3220 2635 0 0 1715
3298 2727 0 0 1716
3377 2816 0 0 1717
3455 2883 0 0 1718
3534 2945 0 0 1719
3612 2995 0 0 1720
3612 3087 0 0 1721
3691 3135 0 0 1722
3769 3200 0 0 1723
3848 3251 0 0 1724
3926 3339 0 0 1725
4005 3419 0 0 1726
4084 3490 0 0 1727
4162 3557 0 0 1728
4241 3631 0 0 1729
4319 3723 0 0 1730
4398 3810 0 0 1731
4476 3857 0 0 1732
4555 3933 0 0 1733
4633 4007 0 0 1734
4712 4095 0 0 1735
4790 4188 0 0 1736
4869 4260 0 0 1737
4948 4341 0 0 1738
5026 4403 0 0 1739
5105 4462 0 0 1740
5183 4555 0 0 1741
5262 4633 0 0 1742
5340 4705 0 0 1743
5419 4785 0 0 1744
5576 4860 0 0 1745
5654 4939 0 0 1746
5733 5005 0 0 1747
5811 5112 0 0 1748
5890 5201 0 0 1749
5969 5277 0 0 1750
6047 5376 0 0 1751
6126 5456 0 0 1752
6204 5549 0 0 1753
78 5606 0 0 17543
157 5708 0 0 1755
235 5820 0 0 1756
314 5914 0 0 1757
392 6010 0 0 1758
471 6117 0 0 1759
549 6171 0 0 1760
628 6264 0 0 1761
706 40 0 0 17621
785 131 0 0 1763
863 194 0 0 1764
942 276 0 0 1765
1021 367 0 0 1766
1099 446 0 0 1767
1178 517 0 0 1768
1256 616 0 0 1769
1335 697 0 0 1770
1413 759 0 0 1771
1413 825 0 0 1772
1492 885 0 0 1773
1570 984 0 0 1774
1649 1053 0 0 1775
1727 1142 0 0 1776
1806 1208 0 0 1777
1884 1270 0 0 1778
1963 1344 0 0 1779
1963 1424 0 0 1780
2042 1476 0 0 1781
2120 1546 0 0 1782
2199 1603 0 0 1783
2277 1656 0 0 1784
2356 1730 0 0 1785
2434 1761 0 0 1786
2434 1834 0 0 1787
2513 1940 0 0 1788
2591 2005 0 0 1789
2670 2066 0 0 1790
2748 2138 0 0 1791
2827 2225 0 0 1792
2905 2266 0 0 1793
2984 2365 0 0 1794
2984 2422 0 0 1795
3063 2488 0 0 1796
3141 2567 0 0 1797
3220 2655 0 0 1798
3298 2745 0 0 1799
3377 2821 0 0 1800
3455 2893 0 0 1801
3534 2962 0 0 1802
3612 3043 0 0 1803
3691 3101 0 0 1804
3769 3157 0 0 1805
3769 3231 0 0 1806
3848 3298 0 0 1807
3926 3366 0 0 1808
4005 3437 0 0 1809
4084 3502 0 0 1810
4162 3565 0 0 1811
4241 3636 0 0 1812
4319 3717 0 0 1813
4398 3787 0 0 1814
4476 3859 0 0 1815
4555 3937 0 0 1816
4633 4028 0 0 1817
4712 4108 0 0 1818
4790 4193 0 0 1819
4869 4265 0 0 1820
4948 4344 0 0 1821
5026 4408 0 0 1822
5105 4490 0 0 1823
5183 4572 0 0 1824
5262 4647 0 0 1825
5340 4707 0 0 1826
5419 4785 0 0 1827
5497 4853 0 0 1828
5654 4937 0 0 1829
5733 5024 0 0 1830
5811 5125 0 0 1831
5890 5204 0 0 1832
5969 5272 0 0 1833
6047 5367 0 0 1834
6126 5456 0 0 1835
6204 5536 0 0 1836
78 5618 0 0 18376
157 5700 0 0 1838
235 5792 0 0 1839
314 5903 0 0 1840
392 6002 0 0 1841
471 6087 0 0 1842
549 6165 0 0 1843
628 6240 0 0 1844
706 50 0 0 18454
785 106 0 0 1846
863 191 0 0 1847
942 284 0 0 1848
1021 396 0 0 1849
1099 452 0 0 1850
1178 527 0 0 1851
1256 604 0 0 1852
1335 686 0 0 1853
1335 747 0 0 1854
1413 835 0 0 1855
1492 891 0 0 1856
1570 969 0 0 1857
1649 1055 0 0 1858
1727 1117 0 0 1859
1806 1217 0 0 1860
1884 1275 0 0 1861
1963 1337 0 0 1862
1963 1402 0 0 1863
2042 1465 0 0 1864
2120 1536 0 0 1865
2199 1595 0 0 1866
2277 1666 0 0 1867
2356 1718 0 0 1868
2356 1813 0 0 1869
2434 1839 0 0 1870
2513 1926 0 0 1871
2591 1990 0 0 1872
2670 2013 0 0 1873
2748 2100 0 0 1874
2827 2200 0 0 1875
2905 2268 0 0 1876
2905 2336 0 0 1877
2984 2414 0 0 1878
3063 2487 0 0 1879
3141 2559 0 0 1880
3220 2644 0 0 1881
3298 2730 0 0 1882
3377 2810 0 0 1883
3455 2882 0 0 1884
3534 2950 0 0 1885
3612 3020 0 0 1886
3612 3088 0 0 1887
3691 3155 0 0 1888
3769 3213 0 0 1889
3848 3278 0 0 1890
3926 3336 0 0 1891
4005 3420 0 0 1892
4084 3478 0 0 1893
4162 3558 0 0 1894
4241 3615 0 0 1895
4319 3699 0 0 1896
4398 3789 0 0 1897
4398 3857 0 0 1898
4555 3919 0 0 1899
4555 4022 0 0 1900
4712 4096 0 0 1901
4790 4165 0 0 1902
4869 4259 0 0 1903
4948 4338 0 0 1904
5026 4421 0 0 1905
5105 4476 0 0 1906
5183 4533 0 0 1907
5262 4624 0 0 1908
5340 4688 0 0 1909
5419 4761 0 0 1910
5497 4856 0 0 1911
5576 4921 0 0 1912
5654 4995 0 0 1913
5811 5080 0 0 1914
5890 5175 0 0 1915
5969 5267 0 0 1916
6047 5360 0 0 1917
6126 5428 0 0 1918
6204 5535 0 0 1919
0 5602 0 0 192019
78 5689 0 0 19219
235 5794 0 0 1922
314 5882 0 0 1923
392 5995 0 0 1924
471 6086 0 0 1925
549 6151 0 0 1926
628 6223 0 0 1927
706 34 0 0 19287
785 125 0 0 1929
863 192 0 0 1930
942 271 0 0 1931
1021 353 0 0 1932
1099 436 0 0 1933
1099 494 0 0 1934
1178 573 0 0 1935
1256 662 0 0 1936
1335 746 0 0 1937
1413 809 0 0 1938
1492 875 0 0 1939
1570 979 0 0 1940
1649 1040 0 0 1941
1727 1133 0 0 1942
1806 1178 0 0 1943
1806 1278 0 0 1944
1884 1345 0 0 1945
1963 1405 0 0 1946
2042 1461 0 0 1947
2120 1542 0 0 1948
2199 1603 0 0 1949
2277 1655 0 0 1950
2356 1698 0 0 1951
2356 1782 0 0 1952
2434 1837 0 0 1953
2513 1906 0 0 1954
2591 1976 0 0 1955
2670 2041 0 0 1956
2748 2138 0 0 1957
2827 2204 0 0 1958
2827 2282 0 0 1959
2905 2332 0 0 1960
2984 2418 0 0 1961
3063 2476 0 0 1962
3141 2588 0 0 1963
3220 2641 0 0 1964
3298 2728 0 0 1965
3377 2810 0 0 1966
3455 2889 0 0 1967
3534 2965 0 0 1968
3612 3031 0 0 1969
3612 3106 0 0 1970
3691 3171 0 0 1971
3769 3238 0 0 1972
3848 3280 0 0 1973
3926 3363 0 0 1974
4005 3436 0 0 1975
4084 3513 0 0 1976
4162 3577 0 0 1977
4241 3644 0 0 1978
4319 3724 0 0 1979
4398 3793 0 0 1980
4476 3855 0 0 1981
4555 3934 0 0 1982
4633 4006 0 0 1983
4712 4100 0 0 1984
4790 4174 0 0 1985
4869 4270 0 0 1986
4948 4349 0 0 1987
5026 4427 0 0 1988
5105 4487 0 0 1989
5183 4573 0 0 1990
5262 4629 0 0 1991
5340 4716 0 0 1992
5419 4775 0 0 1993
5576 4872 0 0 1994
5654 4967 0 0 1995
5733 5027 0 0 1996
5811 5128 0 0 1997
5890 5198 0 0 1998
5969 5280 0 0 1999