-520 2787 2944 2459
-623 2588 2923 2642
-826 2405 2868 2835
-976 2279 2819 2978
-1123 2108 2761 3098
-1267 1969 2696 3180
-1408 1731 2623 3314
-1545 1544 2544 3414
-1720 1288 2427 3471
-1763 1138 2395 3570
-1928 966 2264 3585
-2045 790 2158 3663
-2194 560 2007 3681
-2264 352 1928 3666
-2331 98 1846 3702
-2427 -109 1720 3688
-2516 -277 1589 3705
-2623 -433 1408 3607
-2648 -579 1361 3595
-2740 -734 1172 3544
-2781 -917 1075 3442
-2853 -1072 877 3389
-2897 -1231 725 3357
-2934 -1401 572 3298
-2944 -1568 520 3098
-2963 -1729 417 2986
-2983 -1881 261 2923
-2995 -2080 104 2813
-2999 -2194 0 26983
-2999 -2281 -52 2569
-2992 -2449 -209 2476
-2983 -2550 -313 2295
-2977 -2698 -365 2220
-2934 -2817 -623 2121
-2910 -2952 -725 1970
-2883 -3124 -826 1825
-2836 -3203 -976 1680
-2781 -3280 -1123 1582
-2718 -3374 -1267 1425
-2673 -3448 -1361 1219
-2623 -3524 -1454 1052
-2544 -3563 -1589 916
-2457 -3632 -1720 742
-2364 -3733 -1846 586
-2264 -3683 -1968 435
-2158 -3692 -2083 290
-2083 -3703 -2158 46
-1968 -3729 -2264 -80
-1846 -3658 -2364 -240
-1720 -3652 -2457 -367
-1545 -3687 -2571 -439
-1408 -3632 -2648 -565
-1220 -3626 -2740 -773
-1075 -3517 -2800 -875
-976 -3463 -2836 -1003
-826 -3301 -2883 -1183
-725 -3191 -2910 -1316
-572 -3152 -2944 -1486
-417 -3109 -2970 -1643
-261 -2996 -2988 -1822
-157 -2891 -2995 -1939
-52 -2794 -2999 -2072
157 -2698 -2995 -2275
261 -2563 -2988 -2364
365 -2381 -2977 -2487
520 -2258 -2954 -2623
623 -2164 -2934 -2736
776 -2036 -2897 -2870
927 -1878 -2853 -2972
1026 -1708 -2819 -3057
1172 -1616 -2761 -3138
1315 -1506 -2696 -3247
1454 -1374 -2623 -3339
1589 -1161 -2544 -3456
1720 -1015 -2457 -3422
1805 -852 -2395 -3492
1928 -662 -2298 -3545
2007 -413 -2229 -3542
2121 -342 -2121 -3546
2229 -222 -2007 -3661
2364 -122 -1846 -3644
2487 -30 -1677 -3621
2544 112 -1589 -3606
2648 324 -1408 -3617
2718 537 -1267 -3592
2781 718 -1123 -3546
2836 915 -976 -3506
2868 1080 -877 -3414
2897 1222 -776 -3359
2944 1423 -572 -3277
2963 1535 -469 -3225
2988 1767 -261 -3211
2995 1932 -157 -3150
2999 2132 52 -30270
2992 2199 209 -2884
2983 2365 313 -2767
2963 2502 469 -2646
2944 2606 572 -2540
2910 2809 725 -2379
2868 2988 877 -2264
2800 3129 1075 -2090
2740 3244 1220 -1980
2648 3378 1408 -1888
2544 3535 1589 -1717
2427 3620 1763 -1502
2364 3724 1846 -1337
2229 3787 2007 -1182
2083 3815 2158 -1006
2007 3836 2229 -709
1887 3891 2331 -412
1763 3883 2427 -268
1589 3941 2544 -71
1408 3988 2648 48
1220 3947 2740 294
1075 3910 2800 550
877 3821 2868 792
776 3784 2897 1099
572 3686 2944 1320
365 3597 2977 1412
261 3481 2988 1607
104 3328 2998 1723
-52 3126 2998 1943
-209 3041 2988 2129
-365 2942 2970 2273
-520 2812 2944 2432
-674 2609 2910 2630
-826 2448 2868 2849
-1026 2312 2800 2973
-1172 2067 2740 2992
-1267 1938 2696 3142
-1408 1737 2623 3268
-1545 1463 2544 3399
-1677 1249 2457 3455
-1763 1074 2395 3587
-1887 854 2298 3591
-2045 765 2158 3682
-2158 600 2045 3680
-2229 377 1968 3665
-2331 111 1846 3697
-2427 -148 1720 3740
-2544 -228 1545 3682
-2623 -430 1408 3685
-2673 -636 1315 3567
-2718 -798 1220 3496
-2781 -956 1075 3457
-2836 -1081 927 3373
-2883 -1189 776 3394
-2934 -1316 572 3191
-2954 -1496 469 3127
-2977 -1695 313 3043
-2983 -1876 261 2840
-2992 -2031 157 2764
-2999 -2191 0 26944
-2998 -2347 -104 2605
-2995 -2474 -157 2467
-2983 -2624 -313 2296
-2970 -2692 -417 2191
-2954 -2857 -520 2064
-2923 -2943 -674 1881
-2897 -3076 -776 1796
-2853 -3210 -927 1676
-2781 -3304 -1123 1558
-2718 -3391 -1267 1425
-2673 -3506 -1361 1203
-2623 -3503 -1454 1009
-2571 -3533 -1545 908
-2487 -3623 -1677 747
-2395 -3656 -1805 542
-2298 -3661 -1928 464
-2194 -3617 -2045 314
-2083 -3680 -2158 137
-2007 -3678 -2229 -25
-1928 -3632 -2298 -212
-1763 -3635 -2427 -326
-1633 -3585 -2516 -420
-1454 -3576 -2623 -557
-1361 -3578 -2673 -665
-1172 -3540 -2761 -801
-976 -3468 -2836 -934
-826 -3411 -2883 -1128
-674 -3297 -2923 -1266
-572 -3268 -2944 -1425
-417 -3158 -2970 -1628
-313 -3011 -2983 -1825
-157 -2896 -2995 -1940
-52 -2774 -2999 -2097
52 -2655 -2999 -2216
209 -2535 -2992 -2375
313 -2414 -2983 -2470
417 -2281 -2970 -2595
572 -2197 -2944 -2733
776 -2074 -2897 -2927
877 -1889 -2868 -2951
976 -1775 -2836 -3008
1123 -1644 -2781 -3167
1267 -1457 -2718 -3247
1408 -1362 -2648 -3307
1545 -1195 -2571 -3421
1677 -1058 -2487 -3429
1805 -893 -2395 -3438
1846 -720 -2364 -3483
2007 -533 -2229 -3593
2121 -381 -2121 -3640
2229 -251 -2007 -3677
2331 -142 -1887 -3628
2427 -18 -1763 -3595
2544 119 -1589 -3625
2623 257 -1454 -3625
2696 403 -1315 -3614
2781 583 -1123 -3583
2819 841 -1026 -3535
2868 1040 -877 -3417
2897 1188 -776 -3351
2934 1359 -623 -3322
2963 1439 -469 -3233
2977 1611 -365 -3122
2992 1872 -209 -3081
2999 2178 -52 -2969
2998 2290 104 -2957
2988 2345 261 -2821
2977 2513 365 -2678
2944 2616 572 -2630
2910 2773 725 -2505
2883 2868 826 -2298
2836 3059 976 -2139
2761 3231 1172 -2073
2673 3298 1361 -1974
2571 3434 1545 -1800
2487 3538 1677 -1587
2395 3604 1805 -1378
2264 3644 1968 -1196
2194 3770 2045 -993
2045 3820 2194 -788
1928 3863 2298 -509
1805 3906 2395 -328
1633 3831 2516 -185
1500 3874 2598 295
1315 3896 2696 188
1123 3907 2781 338
927 3866 2853 575
776 3787 2897 918
623 3748 2934 1308
469 3654 2963 1462
261 3491 2988 1584
157 3399 2995 1741
0 3285 2999 19021
-157 3097 2992 2008
-313 2954 2977 2172
-417 2820 2963 2408
-623 2685 2923 2596
-776 2514 2883 2804
-927 2341 2836 2946
-1075 2193 2781 3052
-1267 1976 2696 3210
-1361 1823 2648 3225
-1500 1591 2571 3362
-1633 1355 2487 3473
-1763 1160 2395 3510
-1846 919 2331 3570
-1968 810 2229 3599
-2083 587 2121 3610
-2194 357 2007 3603
-2298 201 1887 3732
-2427 99 1720 3695
-2516 -133 1589 3649
-2598 -397 1454 3674
-2648 -550 1361 3611
-2740 -734 1172 3629
-2800 -837 1026 3539
-2853 -1009 877 3480
-2883 -1153 776 3328
-2910 -1380 674 3142
-2944 -1522 520 3123
-2963 -1664 417 3034
-2977 -1893 313 2867
-2988 -2043 209 2771
-2998 -2167 52 2704
-3000 -2263 0 2535
-2998 -2331 -104 2451
-2988 -2481 -261 2410
-2970 -2632 -417 2265
-2954 -2771 -520 2113
-2934 -2966 -623 1943
-2910 -3027 -725 1766
-2883 -3109 -826 1692
-2836 -3241 -976 1619
-2761 -3348 -1172 1437
-2718 -3395 -1267 1206
-2673 -3507 -1361 1160
-2571 -3533 -1545 1044
-2487 -3629 -1677 837
-2395 -3708 -1805 686
-2331 -3655 -1887 503
-2229 -3672 -2007 378
-2121 -3696 -2121 146
-2045 -3685 -2194 -2
-1968 -3679 -2264 -147
-1805 -3664 -2395 -261
-1677 -3690 -2487 -411
-1500 -3672 -2598 -503
-1315 -3590 -2696 -637
-1220 -3571 -2740 -791
-1026 -3509 -2819 -931
-877 -3414 -2868 -1052
-725 -3336 -2910 -1192
-623 -3233 -2934 -1350
-469 -3092 -2963 -1500
-365 -3011 -2977 -1685
-209 -2903 -2992 -1789
-104 -2819 -2998 -2095
52 -2712 -2999 -21855
157 -2569 -2995 -2284
261 -2444 -2988 -2412
417 -2292 -2970 -2542
469 -2164 -2963 -2677
674 -2072 -2923 -2876
877 -2026 -2868 -2944
976 -1834 -2836 -3057
1075 -1654 -2800 -3124
1220 -1530 -2740 -3241
1361 -1417 -2673 -3303
1545 -1300 -2571 -3377
1633 -1164 -2516 -3360
1763 -969 -2427 -3437
1887 -745 -2331 -3495
1968 -575 -2264 -3545
2121 -437 -2121 -3623
2194 -283 -2045 -3580
2298 -199 -1928 -3558
2395 -55 -1805 -3562
2457 145 -1720 -3493
2544 282 -1589 -3561
2648 421 -1408 -3609
2740 493 -1220 -3577
2800 703 -1075 -3567
2853 926 -927 -3442
2883 1104 -826 -3391
2923 1280 -674 -3351
2954 1456 -520 -3316
2977 1620 -365 -3226
2992 1852 -209 -3191
2999 2006 -52 -3107
2998 2167 104 -2914
2992 2326 209 -2862
2970 2411 417 -2791
2954 2566 520 -2650
2923 2735 674 -2485
2883 2897 826 -2360
2836 3053 976 -2188
2781 3162 1123 -2071
2696 3268 1315 -1923
2623 3367 1454 -1747
2516 3491 1633 -1608
2427 3569 1763 -1438
2331 3711 1887 -1291
2194 3746 2045 -1059
2083 3798 2158 -901
1928 3870 2298 -620
1846 3877 2364 -325
1720 3894 2457 -123
1545 3888 2571 -34
1361 3883 2673 66
1123 3903 2781 330
1026 3854 2819 520
826 3767 2883 785
725 3682 2910 1200
572 3615 2944 1311
365 3580 2977 1454
209 3455 2992 1673
52 3333 2999 1877
-104 3199 2995 2059
-261 3127 2983 2228
-417 2948 2963 2305
-572 2782 2934 2573
-725 2605 2897 2805
-877 2456 2853 2919
-1026 2264 2800 2958
-1172 2082 2740 3154
-1315 1874 2673 3212
-1454 1669 2598 3383
-1589 1579 2516 3402
-1763 1331 2395 3592
-1887 1121 2298 3624
-2007 906 2194 3651
-2083 642 2121 3613
-2158 444 2045 3656
-2229 230 1968 3692
-2331 6 1846 37092
-2427 -160 1720 3767
-2544 -312 1545 3717
-2623 -506 1408 3691
-2696 -672 1267 3602
-2761 -803 1123 3505
-2819 -906 976 3393
-2853 -1115 877 3415
-2910 -1302 674 3277
-2923 -1458 623 3238
-2963 -1602 417 3105
-2970 -1769 365 2949
-2983 -1997 261 2866
-2995 -2157 104 2844
-3000 -2260 0 26804
-2995 -2394 -157 2564
-2983 -2547 -313 2437
-2970 -2697 -417 2305
-2954 -2799 -520 2150
-2934 -2875 -623 2046
-2897 -3106 -776 1901
-2853 -3138 -927 1790
-2800 -3187 -1075 1709
-2740 -3242 -1220 1421
-2718 -3302 -1267 1174
-2673 -3463 -1361 1061
-2598 -3520 -1500 932
-2516 -3634 -1633 774
-2395 -3651 -1805 736
-2331 -3636 -1887 527
-2229 -3701 -2007 458
-2121 -3648 -2121 204
-2083 -3694 -2158 -43
-1968 -3697 -2264 -167
-1846 -3677 -2364 -268
-1677 -3607 -2487 -413
-1545 -3579 -2571 -540
-1408 -3514 -2648 -654
-1267 -3522 -2718 -785
-1075 -3495 -2800 -905
-927 -3415 -2853 -1055
-776 -3359 -2897 -1213
-623 -3254 -2934 -1358
-469 -3168 -2963 -1487
-365 -3108 -2977 -1704
-209 -2976 -2992 -1799
-104 -2865 -2998 -1999
52 -2769 -2999 -21089
209 -2602 -2992 -2228
261 -2425 -2988 -2400
417 -2311 -2970 -2513
520 -2198 -2954 -2676
674 -2042 -2923 -2758
826 -1993 -2883 -2879
1026 -1820 -2819 -3008
1075 -1637 -2800 -3096
1220 -1497 -2740 -3168
1361 -1362 -2673 -3233
1500 -1271 -2598 -3274
1633 -1101 -2516 -3475
1763 -940 -2427 -3430
1887 -757 -2331 -3490
1968 -628 -2264 -3506
2083 -404 -2158 -3486
2158 -232 -2083 -3493
2264 -153 -1968 -3584
2395 -11 -1805 -3546
2457 55 -1720 -3503
2544 214 -1589 -3578
2648 304 -1408 -3593
2761 491 -1172 -3620
2800 673 -1075 -3517
2853 916 -927 -3438
2883 1079 -826 -3385
2910 1259 -725 -3283
2954 1465 -520 -3286
2983 1644 -313 -3258
2992 1808 -209 -3137
2999 1994 -52 -3062
2998 2147 104 -2966
2988 2280 261 -2883
2970 2403 417 -2777
2954 2507 520 -2597
2923 2688 674 -2469
2883 2840 826 -2282
2836 2932 976 -2195
2800 3082 1075 -2032
2740 3158 1220 -1888
2673 3359 1361 -1779
2544 3470 1589 -1593
2457 3581 1720 -1458
2331 3706 1887 -1244
2229 3777 2007 -1046
2083 3750 2158 -949
2007 3837 2229 -706
1846 3877 2364 -494
1720 3918 2457 -226
1545 3893 2571 -84
1408 3898 2648 148
1267 3939 2718 434
1026 3947 2819 527
826 3857 2883 801
725 3744 2910 1093
572 3688 2944 1284
417 3616 2970 1450
209 3499 2992 1651
52 3423 2999 1766
-104 3298 2995 2014
-261 3116 2983 2102
-417 2943 2963 2276
-520 2804 2944 2411
-674 2602 2910 2611
-877 2496 2853 2776
-1026 2348 2800 2959
-1172 2106 2740 3102
-1315 1923 2673 3185
-1454 1682 2598 3279
-1589 1504 2516 3368
-1720 1300 2427 3537
-1846 1064 2331 3614
-1968 880 2229 3672
-2045 713 2158 3673
-2158 490 2045 3670
-2229 271 1968 3641
-2298 46 1887 3667
-2427 -7 1720 3647
-2487 -297 1633 3677
-2571 -482 1500 3656
-2648 -672 1361 3619
-2761 -830 1123 3624
-2819 -925 976 3523
-2853 -1141 877 3463
-2897 -1278 725 3372
-2923 -1392 623 3273
-2954 -1571 469 3130
-2970 -1733 365 2949
-2983 -1975 261 2815
-2995 -2092 104 2802
-2999 -2156 0 26932
-2999 -2324 -52 2607
-2988 -2491 -261 2559
-2977 -2634 -365 2359
-2963 -2724 -469 2138
-2944 -2860 -572 2046
-2910 -3010 -725 1910
-2883 -3087 -826 1821
-2836 -3223 -976 1646
-2781 -3223 -1123 1588
-2718 -3378 -1267 1380
-2673 -3418 -1361 1210
-2598 -3590 -1500 1080
-2487 -3668 -1677 897
-2427 -3618 -1763 709
-2364 -3608 -1846 509
-2264 -3612 -1968 413
-2194 -3671 -2045 268
-2045 -3722 -2194 72
-1928 -3745 -2298 -78
-1805 -3731 -2395 -160
-1677 -3661 -2487 -394
-1589 -3643 -2544 -503
-1408 -3589 -2648 -598
-1267 -3508 -2718 -769
-1123 -3475 -2781 -905
-976 -3383 -2836 -1062
-826 -3341 -2883 -1230
-674 -3223 -2923 -1357
-572 -3128 -2944 -1494
-417 -3068 -2970 -1682
-261 -2935 -2988 -1858
-157 -2936 -2995 -2026
0 -2842 -3000 -209926
157 -2659 -2995 -2227
261 -2590 -2988 -2352
417 -2454 -2970 -2488
520 -2294 -2954 -2697
725 -2192 -2910 -2824
776 -2008 -2897 -2876
927 -1841 -2853 -2984
1026 -1647 -2819 -3080
1172 -1474 -2761 -3208
1315 -1431 -2696 -3282
1454 -1248 -2623 -3355
1589 -1127 -2544 -3412
1720 -1011 -2457 -3508
1846 -875 -2364 -3510
1968 -656 -2264 -3565
2045 -496 -2194 -3594
2158 -334 -2083 -3599
2264 -202 -1968 -3655
2364 -47 -1846 -3654
2457 46 -1720 -3631
2571 177 -1545 -3629
2648 287 -1408 -3614
2718 445 -1267 -3582
2781 607 -1123 -3507
2836 860 -976 -3473
2868 1114 -877 -3429
2910 1264 -725 -3432
2954 1419 -520 -3382
2970 1527 -417 -3247
2988 1766 -261 -3182
2998 1983 -104 -3061
2999 2128 52 -30291
2992 2245 209 -2933
2983 2381 313 -2711
2970 2512 417 -2608
2934 2715 623 -2527
2897 2905 776 -2388
2853 3009 927 -2265
2781 3123 1123 -2159
2718 3189 1267 -2037
2623 3336 1454 -1875
2544 3390 1589 -1667
2457 3511 1720 -1409
2395 3571 1805 -1280
2264 3678 1968 -1123
2121 3823 2121 -866
2007 3873 2229 -648
1887 3884 2331 -466
1763 3907 2427 -311
1545 3973 2571 -170
1361 3918 2673 650
1220 3903 2740 283
1075 3896 2800 547
927 3843 2853 872
725 3771 2910 1051
572 3645 2944 1281
417 3573 2970 1431
261 3461 2988 1553
104 3382 2998 1803
-52 3234 2998 1999
-209 3128 2988 2092
-365 2958 2970 2272
-520 2850 2944 2513
-674 2678 2910 2707
-877 2568 2853 2920
-1026 2370 2800 3003
-1172 2141 2740 3124
-1315 1952 2673 3166
-1500 1763 2571 3285
-1633 1576 2487 3385
-1720 1297 2427 3549
-1846 1181 2331 3531
-1968 956 2229 3606
-2083 734 2121 3628
-2158 469 2045 3616
-2264 269 1928 3628
-2331 11 1846 3714
-2427 -199 1720 3713
-2544 -381 1545 3712
-2623 -477 1408 3618
-2696 -665 1267 3590
-2761 -865 1123 3468
-2819 -947 976 3459
-2853 -1162 877 3363
-2897 -1268 725 3250
-2923 -1437 623 3184
-2954 -1614 469 3087
-2970 -1774 365 2934
-2983 -1894 261 2857
-2992 -2009 157 2730
-2999 -2200 0 26700
-2998 -2378 -104 2539
-2995 -2480 -157 2410
-2983 -2621 -313 2347
-2963 -2784 -469 2201
-2944 -2874 -572 2037
-2923 -3035 -674 1904
-2883 -3112 -826 1768
-2836 -3189 -976 1703
-2781 -3299 -1123 1551
-2740 -3410 -1220 1305
-2696 -3449 -1315 1176
-2623 -3552 -1454 1039
-2544 -3566 -1589 871
-2457 -3598 -1720 774
-2331 -3689 -1887 616
-2264 -3663 -1968 431
-2194 -3724 -2045 196
-2083 -3702 -2158 116
-1968 -3698 -2264 -94
-1887 -3682 -2331 -188
-1720 -3717 -2457 -290
-1589 -3629 -2544 -460
-1454 -3607 -2623 -607
-1267 -3626 -2718 -729
-1123 -3515 -2781 -863
-976 -3406 -2836 -1064
-877 -3382 -2868 -1179
-725 -3282 -2910 -1317
-572 -3181 -2944 -1475
-469 -3082 -2963 -1621
-313 -3010 -2983 -1757
-157 -2936 -2995 -1941
0 -2806 -3000 -201641
104 -2651 -2998 -2187
261 -2559 -2988 -2384
365 -2382 -2977 -2528
520 -2258 -2954 -2686
623 -2174 -2934 -2777
826 -2080 -2883 -2832
927 -1931 -2853 -2945
1026 -1719 -2819 -3052
1123 -1548 -2781 -3177
1267 -1415 -2718 -3254
1454 -1306 -2623 -3307
1589 -1205 -2544 -3400
1720 -1020 -2457 -3389
1805 -868 -2395 -3479
1968 -693 -2264 -3528
2045 -542 -2194 -3524
2121 -376 -2121 -3549
2229 -219 -2007 -3613
2364 -116 -1846 -3621
2457 39 -1720 -35651
2544 172 -1589 -3673
2648 363 -1408 -3698
2718 474 -1267 -3613
2781 611 -1123 -3488
2836 835 -976 -3461
2868 1128 -877 -3371
2897 1245 -776 -3352
2944 1373 -572 -3288
2970 1492 -417 -3231
2988 1735 -261 -3212
2995 1936 -157 -3083
3000 2103 0 -297583
2995 2198 157 -2858
2983 2310 313 -2774
2970 2460 417 -2683
2934 2637 623 -2553
2897 2784 776 -2438
2868 2964 877 -2256
2800 3084 1075 -2145
2740 3168 1220 -2055
2648 3322 1408 -1857
2544 3416 1589 -1660
2487 3549 1677 -1469
2364 3641 1846 -1353
2264 3664 1968 -1151
2158 3739 2083 -998
2045 3765 2194 -713
1928 3876 2298 -514
1763 3938 2427 -345
1589 3917 2544 -133
1408 3945 2648 373
1220 3969 2740 245
1075 3955 2800 571
877 3934 2868 801
725 3772 2910 1021
572 3697 2944 1161
417 3560 2970 1406
313 3428 2983 1615
104 3370 2998 1736
-104 3307 2995 1933
-209 3099 2988 2131
-365 2943 2970 2303
-520 2788 2944 2474
-674 2648 2910 2652
-826 2529 2868 2846
-1026 2352 2800 2957
-1123 2137 2761 3112
-1267 1939 2696 3158
-1408 1743 2623 3283
-1545 1519 2544 3429
-1677 1341 2457 3514
-1846 1142 2331 3523
-1928 958 2264 3609
-2045 792 2158 3621
-2158 514 2045 3646
-2194 350 2007 3570
-2331 103 1846 3694
-2395 -114 1763 3702
-2487 -288 1633 3637
-2544 -429 1545 3580
-2648 -636 1361 3649
-2718 -819 1220 3595
-2781 -953 1075 3490
-2836 -1088 927 3417
-2883 -1212 776 3315
-2923 -1377 623 3214
-2944 -1527 520 3124
-2970 -1682 365 3054
-2983 -1872 261 2979
-2995 -2025 104 2820
-2999 -2203 0 26840
-2999 -2310 -52 2596
-2995 -2403 -157 2402
-2988 -2545 -261 2287
-2977 -2765 -365 2178
-2954 -2873 -520 2085
-2923 -2996 -674 1985
-2883 -3072 -826 1814
-2853 -3168 -927 1663
-2800 -3289 -1075 1530
-2761 -3317 -1172 1363
-2718 -3427 -1267 1203
-2648 -3511 -1408 1037
-2571 -3663 -1545 919
-2457 -3658 -1720 858
-2364 -3641 -1846 685
-2298 -3661 -1928 492
-2194 -3685 -2045 307
-2121 -3672 -2121 73
-2045 -3642 -2194 -56
-1928 -3705 -2298 -201
-1805 -3621 -2395 -289
-1633 -3591 -2516 -400
-1454 -3631 -2623 -534
-1315 -3584 -2696 -720
-1172 -3558 -2761 -857
-1026 -3456 -2819 -1035
-877 -3399 -2868 -1142
-776 -3292 -2897 -1246
-623 -3180 -2934 -1428
-520 -3114 -2954 -1617
-365 -3047 -2977 -1739
-209 -2931 -2992 -1925
-104 -2843 -2998 -1962
52 -2664 -2999 -21202
157 -2596 -2995 -2277
313 -2448 -2983 -2406
417 -2366 -2970 -2597
623 -2242 -2934 -2757
776 -2142 -2897 -2875
927 -2029 -2853 -2923
1026 -1763 -2819 -3047
1123 -1652 -2781 -3072
1220 -1542 -2740 -3163
1408 -1418 -2648 -3294
1545 -1200 -2571 -3420
1677 -1037 -2487 -3426
1763 -869 -2427 -3455
1887 -742 -2331 -3499
2007 -587 -2229 -3521
2083 -402 -2158 -3573
2194 -293 -2045 -3688
2331 -217 -1887 -3645
2427 -25 -1763 -3638
2544 110 -1589 -3621
2598 263 -1500 -3523
2673 328 -1361 -3486
2740 570 -1220 -3560
2819 758 -1026 -3546
2853 1025 -927 -3402
2897 1190 -776 -3431
2934 1363 -623 -3342
2963 1435 -469 -3232
2983 1679 -313 -3235
2992 1871 -209 -3096
2999 2079 -52 -3035
2998 2228 104 -2896
2988 2363 261 -2792
2963 2492 469 -2715
2944 2662 572 -2605
2910 2783 725 -2467
2868 2876 877 -2259
2836 3015 976 -2119
2761 3131 1172 -2073
2673 3283 1361 -1905
2598 3384 1500 -1728
2487 3459 1677 -1587
2395 3615 1805 -1402
2264 3676 1968 -1220
2194 3729 2045 -991
2083 3769 2158 -799
1968 3850 2264 -580
1805 3941 2395 -332
1677 3959 2487 -202
1454 3924 2623 102
1315 3948 2696 167
1123 3921 2781 395
976 3849 2836 644
826 3825 2883 921
674 3735 2923 1256
520 3682 2954 1379
313 3581 2983 1494
157 3492 2995 1625
-52 3339 2998 1958
-209 3240 2988 2136
-313 3044 2977 2231
-469 2915 2954 2416
-623 2749 2923 2593
-776 2580 2883 2763
-927 2372 2836 2987
-1123 2299 2761 3118
-1315 2046 2673 3143
-1408 1822 2623 3255
-1500 1569 2571 3312
-1633 1366 2487 3465
-1763 1136 2395 3578
-1887 954 2298 3606
-2007 860 2194 3551
-2083 611 2121 3639
-2229 435 1968 3737
-2331 211 1846 3740
-2427 69 1720 3728
-2516 -177 1589 3717
-2598 -381 1454 3625
-2648 -572 1361 3604
-2718 -730 1220 3535
-2761 -855 1123 3460
-2819 -1053 976 3403
-2868 -1159 826 3376
-2923 -1371 623 3280
-2944 -1542 520 3199
-2970 -1702 365 3078
-2983 -1829 261 2993
-2988 -2057 209 2797
-2999 -2161 0 28017
-2998 -2284 -104 2624
-2992 -2422 -209 2579
-2977 -2577 -365 2410
-2963 -2715 -469 2254
-2944 -2840 -572 2071
-2923 -2973 -674 1933
-2883 -3109 -826 1830
-2853 -3150 -927 1692
-2761 -3284 -1172 1613
-2740 -3392 -1220 1429
-2673 -3472 -1361 1177
-2623 -3490 -1454 991
-2544 -3527 -1589 924
-2457 -3553 -1720 785
-2364 -3586 -1846 675
-2264 -3645 -1968 482
-2194 -3689 -2045 260
-2083 -3703 -2158 55
-2007 -3718 -2229 -96
-1887 -3677 -2331 -284
-1763 -3689 -2427 -357
-1633 -3619 -2516 -448
-1454 -3613 -2623 -565
-1267 -3608 -2718 -704
-1075 -3551 -2800 -878
-976 -3463 -2836 -1043
-826 -3357 -2883 -1101
-725 -3267 -2910 -1289
-572 -3142 -2944 -1458
-469 -3102 -2963 -1671
-313 -3034 -2983 -1752
-157 -2895 -2995 -1981
0 -2790 -3000 -207581
104 -2647 -2998 -2201
261 -2477 -2988 -2285
313 -2374 -2983 -2454
469 -2257 -2963 -2617
623 -2140 -2934 -2757
776 -2058 -2897 -2868
927 -1955 -2853 -3022
1075 -1774 -2800 -3069
1220 -1608 -2740 -3168
1315 -1447 -2696 -3272
1454 -1239 -2623 -3323
1545 -1062 -2571 -3423
1677 -952 -2487 -3513
1805 -811 -2395 -3568
1928 -639 -2298 -3475
2007 -537 -2229 -3503
2121 -371 -2121 -3541
2229 -194 -2007 -3576
2364 -117 -1846 -3623
2457 49 -1720 -35823
2544 176 -1589 -3555
2623 336 -1454 -3583
2718 506 -1267 -3581
2781 570 -1123 -3545
2836 791 -976 -3446
2883 983 -826 -3390
2910 1198 -725 -3301
2934 1401 -623 -3231
2970 1496 -417 -3221
2983 1771 -313 -3068
2992 1916 -209 -2960
2999 2124 -52 -2930
2998 2267 104 -2837
2988 2406 261 -2766
2963 2496 469 -2698
2944 2637 572 -2558
2910 2776 725 -2388
2868 2947 877 -2239
2819 3064 1026 -2130
2740 3142 1220 -1996
2696 3215 1315 -1824
2623 3390 1454 -1649
2516 3488 1633 -1550
2395 3607 1805 -1332
2298 3629 1928 -1205
2194 3703 2045 -1004
2083 3777 2158 -771
1968 3812 2264 -553
1805 3878 2395 -317
1677 3941 2487 -171
1500 3928 2598 -34
1315 3966 2696 166
1123 3933 2781 440
927 3928 2853 705
776 3826 2897 911
623 3702 2934 1190
520 3610 2954 1357
365 3492 2977 1531
209 3400 2992 1689
0 3349 2999 18989
-157 3226 2992 2052
-313 3097 2977 2261
-469 2899 2954 2410
-623 2733 2923 2591
-776 2560 2883 2733
-927 2390 2836 2864
-1075 2222 2781 2977
-1220 2069 2718 3149
-1408 1832 2623 3237
-1500 1590 2571 3355
-1633 1422 2487 3481
-1805 1194 2364 3488
-1887 1032 2298 3537
-2007 857 2194 3595
-2121 629 2083 3616
-2194 379 2007 3722
-2298 173 1887 3738
-2427 17 1720 3750
-2487 -170 1633 3622
-2571 -368 1500 3685
-2648 -539 1361 3595
-2718 -718 1220 3587
-2761 -894 1123 3462
-2819 -974 976 3445
-2868 -1183 826 3358
-2897 -1343 725 3195
-2934 -1511 572 3162
-2963 -1667 417 3087
-2983 -1812 261 3017
-2992 -1999 157 2912
-2999 -2112 0 27662
-2999 -2227 -52 2624
-2995 -2409 -157 2449
-2988 -2561 -261 2313
-2970 -2736 -417 2192
-2954 -2876 -520 2098
-2934 -3024 -623 1932
-2897 -3069 -776 1826
-2853 -3144 -927 1686
-2819 -3235 -1026 1501
-2740 -3302 -1220 1411
-2718 -3455 -1267 1271
-2623 -3537 -1454 1216
-2544 -3581 -1589 1068
-2427 -3605 -1763 986
-2331 -3625 -1887 769
-2264 -3643 -1968 516
-2194 -3684 -2045 201
-2121 -3673 -2121 52
-2007 -3707 -2229 7
-1887 -3678 -2331 -182
-1763 -3647 -2427 -273
-1633 -3589 -2516 -452
-1500 -3553 -2598 -607
-1315 -3576 -2696 -728
-1172 -3533 -2761 -829
-1026 -3427 -2819 -1025
-877 -3353 -2868 -1097
-725 -3280 -2910 -1254
-623 -3202 -2934 -1352
-469 -3129 -2963 -1552
-313 -3007 -2983 -1674
-209 -2887 -2992 -1882
-52 -2788 -2999 -2040
52 -2642 -2999 -2159
157 -2528 -2995 -2396
261 -2375 -2988 -2535
417 -2321 -2970 -2620
572 -2234 -2944 -2758
725 -2083 -2910 -2914
877 -1946 -2868 -3034
1026 -1794 -2819 -3118
1123 -1635 -2781 -3166
1267 -1501 -2718 -3242
1361 -1331 -2673 -3318
1545 -1172 -2571 -3416
1677 -1062 -2487 -3434
1763 -895 -2427 -3427
1846 -693 -2364 -3421
1968 -527 -2264 -3523
2083 -413 -2158 -3534
2194 -266 -2045 -3550
2331 -175 -1887 -3629
2427 -19 -1763 -3582
2516 111 -1633 -3540
2598 313 -1500 -3542
2673 432 -1361 -3584
2740 557 -1220 -3545
2800 732 -1075 -3549
2868 938 -877 -3513
2910 1078 -725 -3352
2923 1294 -674 -3281
2954 1487 -520 -3138
2970 1659 -417 -3117
2992 1809 -209 -3055
2998 1985 -104 -2935
3000 2183 0 -281735
2995 2344 157 -2849
2970 2446 417 -2778
2944 2546 572 -2659
2923 2703 674 -2533
2883 2836 826 -2358
2836 3050 976 -2232
2781 3100 1123 -2082
2696 3247 1315 -1962
2623 3336 1454 -1760
2544 3441 1589 -1622
2427 3558 1763 -1395
2364 3655 1846 -1189
2229 3698 2007 -1105
2083 3774 2158 -857
2007 3895 2229 -597
1846 3909 2364 -391
1677 3926 2487 -227
1545 3872 2571 -89
1361 3935 2673 115
1172 3903 2761 310
1026 3880 2819 599
826 3871 2883 842
674 3786 2923 1154
520 3645 2954 1365
365 3580 2977 1518
157 3428 2995 1603
0 3359 2999 18183
-157 3228 2992 1994
-261 3053 2983 2159
-417 2927 2963 2275
-623 2791 2923 2522
-776 2626 2883 2717
-927 2430 2836 2902
-1075 2271 2781 2966
-1172 2056 2740 3070
-1361 1921 2648 3205
-1500 1659 2571 3366
-1633 1485 2487 3432
-1763 1270 2395 3484
-1846 1075 2331 3574
-2007 855 2194 3617
-2045 658 2158 3561
-2158 422 2045 3669
-2298 232 1887 3774
-2395 -7 1763 3764
-2516 -177 1589 3706
-2571 -377 1500 3758
-2648 -576 1361 3657
-2718 -727 1220 3556
-2761 -876 1123 3487
-2819 -1029 976 3449
-2868 -1194 826 3364
-2910 -1356 674 3332
-2944 -1499 520 3151
-2963 -1686 417 3012
-2977 -1749 313 2932
-2988 -2011 209 2813
-2995 -2159 104 2714
-2999 -2250 -52 2677
-2995 -2418 -157 2528
-2988 -2525 -261 2428
-2970 -2683 -417 2299
-2954 -2822 -520 2177
-2934 -2953 -623 1964
-2910 -3120 -725 1860
-2868 -3189 -877 1724
-2819 -3210 -1026 1665
-2761 -3346 -1172 1496
-2718 -3396 -1267 1332
-2648 -3464 -1408 1226
-2571 -3554 -1545 1015
-2516 -3582 -1633 838
-2395 -3671 -1805 657
-2331 -3701 -1887 509
-2229 -3714 -2007 315
-2121 -3719 -2121 88
-2045 -3699 -2194 -40
-1928 -3660 -2298 -201
-1846 -3621 -2364 -286
-1677 -3602 -2487 -414
-1500 -3629 -2598 -568
-1361 -3533 -2673 -698
-1172 -3574 -2761 -842
-1075 -3433 -2800 -979
-927 -3389 -2853 -1073
-826 -3270 -2883 -1251
-674 -3176 -2923 -1386
-520 -3153 -2954 -1539
-365 -3037 -2977 -1738
-261 -2977 -2988 -1866
-104 -2881 -2998 -2022
0 -2724 -3000 -215422
157 -2615 -2995 -2273
261 -2514 -2988 -2400
417 -2354 -2970 -2510
572 -2220 -2944 -2675
674 -2125 -2923 -2790
826 -1989 -2883 -2936
976 -1846 -2836 -2980
1123 -1655 -2781 -3132
1172 -1510 -2761 -3227
1361 -1457 -2673 -3296
1500 -1202 -2598 -3412
1633 -1106 -2516 -3448
1763 -998 -2427 -3481
1846 -775 -2364 -3501
1968 -566 -2264 -3567
2045 -387 -2194 -3594
2158 -321 -2083 -3580
2298 -207 -1928 -3615
2395 -79 -1805 -3620
2487 60 -1677 -3569
2544 255 -1589 -3559
2673 336 -1361 -3634
2761 539 -1172 -3595
2800 715 -1075 -3495
2836 963 -976 -3425
2868 1168 -877 -3354
2910 1300 -725 -3314
2944 1410 -572 -3258
2970 1541 -417 -3246
2988 1791 -261 -3190
2998 2020 -104 -3051
2999 2184 52 -29511
2992 2286 209 -2826
2983 2395 313 -2781
2954 2568 520 -2697
2923 2692 674 -2513
2883 2865 826 -2429
2836 2938 976 -2279
2781 3140 1123 -2137
2696 3234 1315 -2016
2623 3360 1454 -1796
2544 3451 1589 -1658
2427 3513 1763 -1436
2331 3581 1887 -1234
2229 3647 2007 -1057
2121 3761 2121 -891
2007 3843 2229 -635
1846 3912 2364 -446
1720 3945 2457 -208
1545 3918 2571 -94
1361 3921 2673 125
1220 3917 2740 376
1075 3879 2800 535
877 3843 2868 805
725 3781 2910 1111
572 3661 2944 1359
365 3621 2977 1504
157 3537 2995 1630
-52 3440 2998 1816
-157 3262 2992 1983
-365 3093 2970 2166
-417 2895 2963 2354
-572 2714 2934 2503
-674 2526 2910 2618
-877 2447 2853 2826
-1026 2246 2800 2972
-1123 2011 2761 3089
-1267 1916 2696 3180
-1500 1755 2571 3336
-1589 1543 2516 3446
-1763 1327 2395 3498
-1846 1089 2331 3560
-2007 946 2194 3492
-2083 721 2121 3583
-2194 488 2007 3592
-2264 217 1928 3681
-2331 41 1846 3607
-2427 -140 1720 3633
-2544 -331 1545 3729
-2648 -514 1361 3667
-2696 -699 1267 3657
-2761 -824 1123 3571
-2800 -975 1026 3476
-2868 -1112 826 3455
-2923 -1239 623 3352
-2944 -1415 520 3205
-2963 -1622 417 3100
-2977 -1818 313 3034
-2992 -1951 157 2925
-2998 -2085 52 2745
-3000 -2171 0 2607
-2998 -2377 -104 2491
-2992 -2550 -209 2396
-2977 -2663 -365 2316
-2963 -2788 -469 2088
-2944 -2866 -572 1975
-2923 -3040 -674 1884
-2868 -3144 -877 1804
-2819 -3254 -1026 1643
-2761 -3309 -1172 1503
-2696 -3389 -1315 1323
-2648 -3476 -1408 1217
-2571 -3486 -1545 1014
-2516 -3576 -1633 863
-2427 -3581 -1763 748
-2331 -3570 -1887 585
-2298 -3654 -1928 300
-2194 -3715 -2045 175
-2045 -3738 -2194 139
-1928 -3738 -2298 -80
-1763 -3681 -2427 -193
-1677 -3633 -2487 -342
-1500 -3666 -2598 -462
-1361 -3541 -2673 -595
-1267 -3508 -2718 -758
-1123 -3448 -2781 -930
-927 -3480 -2853 -1061
-725 -3352 -2910 -1175
-623 -3225 -2934 -1314
-520 -3123 -2954 -1477
-417 -3001 -2970 -1684
-313 -2884 -2983 -1824
-157 -2841 -2995 -2023
0 -2715 -3000 -209423
157 -2675 -2995 -2211
261 -2518 -2988 -2412
365 -2367 -2977 -2566
572 -2254 -2944 -2659
725 -2150 -2910 -2784
877 -2032 -2868 -2900
1026 -1911 -2819 -2963
1172 -1781 -2761 -3064
1267 -1524 -2718 -3183
1361 -1404 -2673 -3202
1454 -1223 -2623 -3339
1633 -1127 -2516 -3390
1805 -1004 -2395 -3427
1887 -824 -2331 -3494
2007 -574 -2229 -3526
2083 -415 -2158 -3543
2158 -239 -2083 -3574
2298 -158 -1928 -3589
2395 -10 -1805 -3619
2516 117 -1633 -3608
2598 203 -1500 -3613
2696 292 -1315 -3628
2740 551 -1220 -3582
2800 731 -1075 -3508
2853 974 -927 -3447
2883 1148 -826 -3391
2923 1290 -674 -3382
2963 1425 -469 -3275
2977 1655 -365 -3198
2992 1812 -209 -3153
2999 1943 -52 -2983
2999 2135 52 -2963
2992 2267 209 -2870
2970 2465 417 -2779
2934 2552 623 -2679
2910 2729 725 -2471
2883 2871 826 -2277
2836 2996 976 -2233
2781 3157 1123 -2062
2696 3230 1315 -1888
2648 3386 1408 -1710
2544 3498 1589 -1555
2427 3603 1763 -1415
2298 3689 1928 -1281
2194 3760 2045 -1069
2083 3815 2158 -865
1968 3939 2264 -610
1846 3899 2364 -376
1720 3930 2457 -255
1545 3977 2571 -59
1315 3963 2696 115
1172 3934 2761 447
1026 3925 2819 649
826 3834 2883 818
674 3772 2923 1059
520 3726 2954 1348
313 3589 2983 1440
209 3474 2992 1647
52 3361 2999 1860
-157 3245 2992 2061
-313 3090 2977 2276
-417 2896 2963 2420
-572 2728 2934 2601
-725 2639 2897 2765
-877 2426 2853 2859
-1026 2284 2800 3046
-1220 2060 2718 3145
-1361 1853 2648 3267
-1500 1712 2571 3326
-1633 1480 2487 3457
-1763 1271 2395 3528
-1887 1084 2298 3568
-2007 869 2194 3625
-2083 589 2121 3680
-2194 382 2007 3656
-2264 174 1928 3633
-2364 29 1805 3615
-2457 -160 1677 3664
-2544 -370 1545 3646
-2623 -538 1408 3596
-2673 -700 1315 3529
-2740 -855 1172 3506
-2800 -1053 1026 3474
-2853 -1192 877 3381
-2897 -1331 725 3274
-2934 -1437 572 3215
-2963 -1585 417 3121
-2977 -1762 313 3025
-2988 -1940 209 2867
-2995 -2089 104 2767
-3000 -2135 0 26387
-2998 -2400 -104 2527
-2992 -2512 -209 2401
-2977 -2649 -365 2269
-2963 -2738 -469 2115
-2934 -2886 -623 2116
-2897 -2996 -776 1859
-2868 -3128 -877 1727
-2836 -3246 -976 1589
-2800 -3295 -1075 1345
-2740 -3413 -1220 1310
-2673 -3441 -1361 1188
-2571 -3521 -1545 1045
-2516 -3593 -1633 861
-2427 -3635 -1763 669
-2331 -3658 -1887 545
-2229 -3703 -2007 420
-2158 -3662 -2083 202
-2045 -3666 -2194 105
-1968 -3654 -2264 -99
-1846 -3657 -2364 -226
-1720 -3640 -2457 -348
-1545 -3670 -2571 -490
-1361 -3639 -2673 -631
-1220 -3581 -2740 -757
-1026 -3523 -2819 -901
-927 -3373 -2853 -1030
-776 -3276 -2897 -1240
-674 -3218 -2923 -1364
-520 -3118 -2954 -1414
-365 -3064 -2977 -1730
-261 -2941 -2988 -1802
-104 -2881 -2998 -1944
52 -2707 -2999 -21294
157 -2670 -2995 -2216
313 -2484 -2983 -2301
417 -2405 -2970 -2542
572 -2254 -2944 -2655
674 -2133 -2923 -2792
826 -1966 -2883 -2900
927 -1846 -2853 -2888
1075 -1657 -2800 -3073
1172 -1531 -2761 -3170
1361 -1392 -2673 -3276
1454 -1213 -2623 -3358
1589 -1094 -2544 -3391
1763 -951 -2427 -3435
1887 -804 -2331 -3457
1968 -626 -2264 -3511
2045 -478 -2194 -3513
2158 -330 -2083 -3587
2298 -203 -1928 -3629
2395 -99 -1805 -3644
2487 70 -1677 -3607
2598 230 -1500 -3665
2673 356 -1361 -3614
2761 475 -1172 -3580
2800 704 -1075 -3540
2853 951 -927 -3443
2883 1125 -826 -3339
2910 1235 -725 -3306
2954 1442 -520 -3254
2977 1630 -365 -3245
2992 1842 -209 -3144
2999 1981 -52 -3071
2998 2168 104 -3017
2988 2304 261 -2913
2977 2440 365 -2724
2944 2571 572 -2664
2923 2735 674 -2461
2883 2934 826 -2350
2836 3000 976 -2160
2781 3081 1123 -2076
2696 3225 1315 -1948
2623 3387 1454 -1738
2544 3498 1589 -1580
2427 3595 1763 -1396
2331 3670 1887 -1245
2229 3774 2007 -1091
2083 3791 2158 -909
1968 3921 2264 -632
1846 3910 2364 -395
1720 3955 2457 -225
1500 3967 2598 -14
1361 3930 2673 176
1220 3941 2740 415
1026 3847 2819 541
877 3818 2868 861
725 3744 2910 1099
520 3654 2954 1387
365 3669 2977 1488
157 3504 2995 1633
52 3376 2999 1869
-104 3240 2995 2024
-261 3047 2983 2152
-417 2939 2963 2354
-572 2797 2934 2526
-725 2592 2897 2739
-877 2560 2853 2843
-1075 2332 2781 2997
-1220 2081 2718 3203
-1315 1858 2673 3245
-1454 1618 2598 3316
-1589 1420 2516 3431
-1720 1237 2427 3562
-1887 1062 2298 3623
-2007 887 2194 3613
-2083 592 2121 3672
-2158 442 2045 3648
-2298 261 1887 3683
-2395 13 1763 3682
-2457 -141 1677 3665
-2544 -323 1545 3661
-2623 -496 1408 3617
-2696 -700 1267 3561
-2761 -838 1123 3462
-2800 -1003 1026 3468
-2853 -1135 877 3358
-2897 -1279 725 3272
-2934 -1466 572 3235
-2963 -1612 417 3159
-2983 -1783 261 3009
-2992 -1993 157 2896
-2998 -2134 52 2732
-3000 -2239 0 2666
-2998 -2357 -104 2553
-2988 -2541 -261 2372
-2977 -2653 -365 2145
-2970 -2777 -417 2088
-2944 -2876 -572 2004
-2910 -3018 -725 1909
-2868 -3157 -877 1756
-2819 -3267 -1026 1657
-2781 -3323 -1123 1462
-2740 -3420 -1220 1265
-2673 -3524 -1361 1141
-2598 -3600 -1500 1046
-2487 -3657 -1677 905
-2427 -3678 -1763 735
-2298 -3722 -1928 649
-2229 -3709 -2007 404
-2158 -3694 -2083 197
-2045 -3715 -2194 23
-1928 -3724 -2298 -180
-1805 -3672 -2395 -262
-1720 -3662 -2457 -373
-1545 -3653 -2571 -503
-1361 -3683 -2673 -636
-1172 -3590 -2761 -765
-1075 -3531 -2800 -947
-927 -3423 -2853 -1066
-776 -3297 -2897 -1247
-674 -3250 -2923 -1413
-520 -3140 -2954 -1575
-365 -3060 -2977 -1752
-261 -2969 -2988 -1918
-104 -2879 -2998 -2025
0 -2695 -3000 -216125
157 -2613 -2995 -2326
261 -2490 -2988 -2459
417 -2387 -2970 -2547
572 -2265 -2944 -2731
725 -2177 -2910 -2829
826 -1996 -2883 -2908
976 -1806 -2836 -2988
1026 -1647 -2819 -3067
1220 -1547 -2740 -3166
1361 -1396 -2673 -3338
1500 -1233 -2598 -3389
1633 -1088 -2516 -3414
1763 -896 -2427 -3549
1846 -748 -2364 -3510
1968 -605 -2264 -3568
2121 -446 -2121 -3639
2194 -356 -2045 -3577
2298 -138 -1928 -3580
2364 1 -1846 -358680
2487 105 -1677 -3579
2571 237 -1545 -3560
2673 356 -1361 -3583
2740 518 -1220 -3587
2800 700 -1075 -3547
2853 920 -927 -3444
2883 1122 -826 -3382
2923 1305 -674 -3279
2954 1398 -520 -3258
2970 1616 -417 -3188
2988 1870 -261 -3094
2998 2014 -104 -3030
2999 2162 52 -29510
2992 2299 209 -2766
2983 2437 313 -2730
2954 2589 520 -2678
2910 2702 725 -2513
2897 2827 776 -2316
2853 2957 927 -2132
2800 3095 1075 -2083
2718 3130 1267 -1936
2648 3318 1408 -1794
2544 3459 1589 -1579
2457 3581 1720 -1441
2331 3666 1887 -1328
2194 3634 2045 -1130
2121 3743 2121 -909
1968 3849 2264 -635
1846 3841 2364 -480
1720 3962 2457 -248
1545 3900 2571 -15
1361 3911 2673 105
1172 3885 2761 297
976 3866 2836 560
826 3816 2883 743
725 3703 2910 1022
572 3632 2944 1343
417 3555 2970 1546
261 3457 2988 1651
52 3375 2999 1823
-104 3261 2995 2057
-261 3117 2983 2238
-417 2981 2963 2264
-623 2781 2923 2440
-674 2591 2910 2607
-877 2438 2853 2807
-1026 2288 2800 2961
-1172 2101 2740 3019
-1315 1894 2673 3078
-1408 1683 2623 3191
-1545 1505 2544 3413
-1720 1287 2427 3533
-1846 1080 2331 3617
-1968 941 2229 3683
-2083 739 2121 3648
-2194 542 2007 3667
-2264 337 1928 3652
-2364 66 1805 3656
-2457 -80 1677 3681
-2544 -261 1545 3668
-2623 -502 1408 3597
-2648 -701 1361 3611
-2761 -819 1123 3520
-2819 -944 976 3455
-2868 -1108 826 3429
-2910 -1272 674 3334
-2934 -1441 572 3271
-2954 -1616 469 3124
-2970 -1799 365 2960
-2988 -1963 209 2928
-2999 -2075 0 28528
-3000 -2208 0 25838
-2998 -2375 -104 2470
-2992 -2472 -209 2483
-2970 -2660 -417 2334
-2954 -2743 -520 2304
-2923 -2891 -674 2112
-2897 -3016 -776 1930
-2868 -3122 -877 1797
-2819 -3191 -1026 1654
-2781 -3263 -1123 1525
-2696 -3395 -1315 1357
-2648 -3513 -1408 1146
-2598 -3585 -1500 932
-2516 -3603 -1633 821
-2427 -3647 -1763 722
-2298 -3661 -1928 533
-2229 -3665 -2007 359
-2158 -3648 -2083 189
-2045 -3651 -2194 19
-1968 -3709 -2264 -101
-1805 -3701 -2395 -317
-1720 -3638 -2457 -453
-1545 -3621 -2571 -501
-1361 -3633 -2673 -653
-1172 -3565 -2761 -791
-1026 -3549 -2819 -972
-927 -3444 -2853 -1094
-776 -3328 -2897 -1234
-674 -3223 -2923 -1343
-520 -3126 -2954 -1532
-417 -3008 -2970 -1767
-261 -2934 -2988 -1915
-104 -2811 -2998 -2025
52 -2739 -2999 -21255
157 -2633 -2995 -2236
313 -2483 -2983 -2375
417 -2334 -2970 -2530
572 -2239 -2944 -2693
674 -2085 -2923 -2807
826 -1994 -2883 -2896
976 -1829 -2836 -3028
1075 -1643 -2800 -3045
1220 -1536 -2740 -3170
1361 -1387 -2673 -3247
1500 -1263 -2598 -3358
1633 -1008 -2516 -3407
1720 -875 -2457 -3466
1846 -763 -2364 -3478
1968 -645 -2264 -3547
2083 -491 -2158 -3621
2194 -289 -2045 -3625
2298 -151 -1928 -3572
2364 -14 -1846 -3541
2457 101 -1720 -3570
2544 263 -1589 -3618
2648 415 -1408 -3562
2718 521 -1267 -3576
2800 645 -1075 -3501
2836 890 -976 -3459
2883 1019 -826 -3316
2923 1192 -674 -3306
2944 1355 -572 -3261
2977 1461 -365 -3190
2988 1787 -261 -3120
2998 2066 -104 -3003
3000 2257 0 -290503
2995 2325 157 -2801
2988 2428 261 -2683
2963 2505 469 -2633
2934 2707 623 -2548
2897 2820 776 -2402
2853 2958 927 -2317
2781 3092 1123 -2145
2740 3190 1220 -1940
2648 3315 1408 -1809
2571 3450 1545 -1649
2457 3558 1720 -1438
2364 3617 1846 -1280
2229 3685 2007 -1126
2121 3760 2121 -930
2007 3830 2229 -691
1846 3891 2364 -400
1720 3870 2457 -260
1589 3903 2544 -93
1408 3903 2648 66
1220 3874 2740 239
1123 3797 2781 526
927 3851 2853 794
725 3777 2910 1007
572 3663 2944 1201
417 3608 2970 1386
209 3527 2992 1534
52 3408 2999 1750
-104 3278 2995 1968
-313 3144 2977 2205
-417 2966 2963 2341
-572 2844 2934 2543
-725 2640 2897 2677
-877 2452 2853 2782
-976 2262 2819 2937
-1123 2078 2761 3011
-1220 1906 2718 3067
-1408 1712 2623 3281
-1545 1497 2544 3444
-1677 1336 2457 3548
-1805 1166 2364 3572
-1928 935 2264 3533
-2007 746 2194 3612
-2121 550 2083 3658
-2229 324 1968 3699
-2331 115 1846 3747
-2457 -62 1677 3774
-2544 -203 1545 3739
-2648 -479 1361 3745
-2718 -604 1220 3641
-2761 -776 1123 3480
-2800 -956 1026 3416
-2853 -1127 877 3311
-2883 -1231 776 3241
-2910 -1387 674 3182
-2934 -1535 572 3094
-2963 -1749 417 2970
-2977 -1911 313 2922
-2992 -2099 157 2877
-2999 -2228 0 27357
-2998 -2318 -104 2669
-2988 -2487 -261 2519
-2977 -2648 -365 2385
-2963 -2767 -469 2218
-2934 -2884 -623 2120
-2910 -2998 -725 1986
-2868 -3090 -877 1804
-2819 -3200 -1026 1675
-2761 -3295 -1172 1511
-2740 -3381 -1220 1298
-2696 -3427 -1315 1147
-2623 -3479 -1454 1026
-2571 -3596 -1545 869
-2457 -3586 -1720 755
-2331 -3637 -1887 616
-2229 -3689 -2007 454
-2121 -3689 -2121 234
-2045 -3688 -2194 99
-1928 -3782 -2298 -108
-1763 -3730 -2427 -212
-1677 -3643 -2487 -366
-1589 -3607 -2544 -529
-1454 -3558 -2623 -685
-1267 -3546 -2718 -706
-1123 -3486 -2781 -909
-976 -3411 -2836 -1017
-826 -3324 -2883 -1191
-674 -3242 -2923 -1335
-572 -3141 -2944 -1522
-417 -3044 -2970 -1666
-261 -2992 -2988 -1856
-104 -2899 -2998 -1953
0 -2747 -3000 -213653
104 -2613 -2998 -2231
209 -2515 -2992 -2401
365 -2394 -2977 -2498
469 -2243 -2963 -2639
674 -2152 -2923 -2755
776 -2048 -2897 -2843
927 -1856 -2853 -2981
1075 -1693 -2800 -3065
1123 -1535 -2781 -3166
1267 -1409 -2718 -3242
1408 -1253 -2648 -3326
1545 -1142 -2571 -3385
1720 -976 -2457 -3501
1805 -788 -2395 -3550
1928 -638 -2298 -3545
2045 -517 -2194 -3614
2194 -351 -2045 -3606
2264 -260 -1968 -3618
2395 -119 -1805 -3622
2487 46 -1677 -36352
2571 229 -1545 -3597
2648 319 -1408 -3584
2740 468 -1220 -3556
2800 669 -1075 -3496
2853 862 -927 -3442
2868 1042 -877 -3262
2897 1159 -776 -3289
2923 1383 -674 -3168
2963 1558 -469 -3201
2977 1795 -365 -3142
2995 1978 -157 -3070
3000 2120 0 -297770
2992 2307 209 -2969
2988 2362 261 -2735
2977 2493 365 -2630
2954 2620 520 -2459
2910 2779 725 -2402
2853 2967 927 -2355
2761 3117 1172 -2290
2696 3214 1315 -2132
2623 3320 1454 -1875
2544 3416 1589 -1621
2487 3484 1677 -1446
2395 3568 1805 -1273
2264 3666 1968 -1108
2194 3778 2045 -935
2045 3826 2194 -725
1928 3856 2298 -505
1763 3884 2427 -279
1589 3925 2544 -131
1454 3900 2623 131
1267 3911 2718 259
1123 3907 2781 478
927 3905 2853 762
725 3814 2910 1063
572 3718 2944 1248
469 3618 2963 1432
261 3543 2988 1628
104 3420 2998 1759
-52 3316 2998 1969
-209 3127 2988 2095
-365 3003 2970 2272
-469 2856 2954 2400
-674 2689 2910 2631
-776 2500 2883 2791
-927 2338 2836 2868
-1075 2210 2781 3029
-1220 2008 2718 3138
-1361 1795 2648 3267
-1545 1582 2544 3442
-1633 1331 2487 3493
-1805 1178 2364 3578
-1928 986 2264 3640
-2045 781 2158 3727
-2158 610 2045 3715
-2229 374 1968 3658
-2298 127 1887 3687
-2395 -55 1763 3648
-2457 -198 1677 3736
-2598 -402 1454 3699
-2673 -616 1315 3641
-2740 -766 1172 3621
-2800 -897 1026 3510
-2836 -1071 927 3426
-2868 -1251 826 3302
-2923 -1431 623 3285
-2944 -1493 520 3130
-2963 -1714 417 3072
-2983 -1830 261 3031
-2995 -2041 104 2923
-3000 -2170 0 27343
-2999 -2296 -52 2542
-2992 -2466 -209 2481
-2983 -2574 -313 2366
-2963 -2707 -469 2213
-2944 -2847 -572 2079
-2897 -2993 -776 1996
-2883 -3086 -826 1846
-2836 -3201 -976 1736
-2761 -3249 -1172 1653
-2696 -3397 -1315 1371
-2696 -3441 -1315 1154
-2623 -3469 -1454 943
-2571 -3532 -1545 815
-2487 -3624 -1677 702
-2395 -3599 -1805 588
-2298 -3661 -1928 418
-2194 -3722 -2045 264
-2083 -3695 -2158 136
-2007 -3705 -2229 46
-1846 -3676 -2364 -168
-1763 -3632 -2427 -344
-1589 -3648 -2544 -491
-1454 -3543 -2623 -613
-1315 -3577 -2696 -767
-1123 -3548 -2781 -865
-976 -3463 -2836 -1018
-826 -3321 -2883 -1126
-725 -3243 -2910 -1310
-572 -3162 -2944 -1475
-417 -3109 -2970 -1558
-261 -2947 -2988 -1735
-209 -2845 -2992 -1937
-52 -2722 -2999 -2098
104 -2638 -2998 -2192
209 -2494 -2992 -2298
313 -2365 -2983 -2476
469 -2274 -2963 -2646
623 -2232 -2934 -2753
826 -2076 -2883 -2778
927 -1883 -2853 -2952
1026 -1714 -2819 -3027
1172 -1583 -2761 -3112
1267 -1400 -2718 -3177
1408 -1303 -2648 -3285
1589 -1160 -2544 -3392
1677 -969 -2487 -3415
1763 -781 -2427 -3420
1887 -648 -2331 -3463
2007 -526 -2229 -3533
2121 -372 -2121 -3595
2229 -275 -2007 -3616
2331 -152 -1887 -3649
2457 27 -1720 -36169
2516 176 -1633 -3537
2623 367 -1454 -3567
2696 486 -1315 -3537
2761 622 -1172 -3532
2819 779 -1026 -3499
2868 961 -877 -3393
2910 1176 -725 -3352
2944 1328 -572 -3295
2963 1488 -469 -3190
2983 1733 -313 -3105
2992 1868 -209 -2993
2999 2053 -52 -2990
2995 2195 157 -2912
2988 2328 261 -2817
2963 2455 469 -2741
2944 2593 572 -2599
2910 2756 725 -2419
2868 2926 877 -2326
2800 3076 1075 -2175
2718 3180 1267 -2059
2673 3277 1361 -1848
2623 3358 1454 -1691
2516 3481 1633 -1487
2395 3600 1805 -1351
2298 3690 1928 -1167
2194 3762 2045 -1025
2045 3865 2194 -777
1928 3893 2298 -518
1805 3851 2395 -346
1677 3874 2487 -134
1545 3895 2571 274
1315 3915 2696 227
1123 3924 2781 403
1026 3864 2819 711
826 3857 2883 914
623 3785 2934 1240
469 3687 2963 1382
313 3597 2983 1539
157 3569 2995 1710
-52 3376 2998 1899
-157 3184 2992 2061
-313 3014 2977 2149
-469 2851 2954 2338
-572 2757 2934 2456
-776 2596 2883 2723
-927 2449 2836 3000
-1172 2298 2740 3030
-1267 2037 2696 3147
-1361 1828 2648 3255
-1500 1567 2571 3318
-1633 1389 2487 3498
-1805 1203 2364 3588
-1887 1021 2298 3580
-1968 865 2229 3553
-2083 624 2121 3610
-2194 419 2007 3692