0 2 0 0 0
0 2 0 0 1
3 16 0 0 2
3 16 0 0 3
3 16 0 0 4
9 22 0 0 5
9 22 0 0 6
13 25 0 0 7
13 25 0 0 8
13 25 0 0 9
15 28 0 0 10
15 28 0 0 11
18 29 0 0 12
18 29 0 0 13
18 29 0 0 14
21 32 0 0 15
21 32 0 0 16
24 34 0 0 17
24 34 0 0 18
24 34 0 0 19
26 37 0 0 20
26 37 0 0 21
28 37 0 0 22
28 37 0 0 23
28 37 0 0 24
30 39 0 0 25
30 39 0 0 26
33 42 0 0 27
33 42 0 0 28
33 42 0 0 29
35 44 0 0 30
35 44 0 0 31
36 44 0 0 32
36 44 0 0 33
36 44 0 0 34
38 46 0 0 35
38 46 0 0 36
41 48 0 0 37
41 48 0 0 38
41 48 0 0 39
42 49 0 0 40
42 49 0 0 41
43 49 0 0 42
43 49 0 0 43
43 49 0 0 44
45 51 0 0 45
45 51 0 0 46
47 52 0 0 47
47 52 0 0 48
47 52 0 0 49
48 54 0 0 50
48 54 0 0 51
49 54 0 0 52
49 54 0 0 53
49 54 0 0 54
50 55 0 0 55
50 55 0 0 56
52 56 0 0 57
52 56 0 0 58
52 56 0 0 59
53 57 0 0 60
53 57 0 0 61
53 57 0 0 62
53 57 0 0 63
53 57 0 0 64
54 58 0 0 65
54 58 0 0 66
56 59 0 0 67
56 59 0 0 68
56 59 0 0 69
56 60 0 0 70
56 60 0 0 71
57 60 0 0 72
57 60 0 0 73
57 60 0 0 74
58 60 0 0 75
58 60 0 0 76
59 62 0 0 77
59 62 0 0 78
59 62 0 0 79
59 62 0 0 80
59 62 0 0 81
60 62 0 0 82
60 62 0 0 83
60 62 0 0 84
60 62 0 0 85
60 62 0 0 86
62 63 0 0 87
62 63 0 0 88
62 63 0 0 89
62 64 0 0 90
62 64 0 0 91
62 63 0 0 92
62 63 0 0 93
62 63 0 0 94
63 64 0 0 95
63 64 0 0 96
64 65 0 0 97
64 65 0 0 98
64 65 0 0 99
64 65 0 0 100
64 65 0 0 101
64 65 0 0 102
64 65 0 0 103
64 65 0 0 104
64 65 0 0 105
64 65 0 0 106
65 66 0 0 107
65 66 0 0 108
65 66 0 0 109
65 66 0 0 110
65 66 0 0 111
65 66 0 0 112
65 66 0 0 113
65 66 0 0 114
65 66 0 0 115
65 66 0 0 116
66 67 0 0 117
66 67 0 0 118
66 67 0 0 119
66 67 0 0 120
66 67 0 0 121
66 66 0 0 122
66 66 0 0 123
66 66 0 0 124
66 66 0 0 125
66 66 0 0 126
67 67 0 0 127
67 67 0 0 128
67 67 0 0 129
67 67 0 0 130
67 67 0 0 131
66 66 0 0 132
66 66 0 0 133
66 66 0 0 134
67 67 0 0 135
67 67 0 0 136
68 67 0 0 137
68 67 0 0 138
68 67 0 0 139
67 67 0 0 140
67 67 0 0 141
67 67 0 0 142
67 67 0 0 143
67 67 0 0 144
67 67 0 0 145
67 67 0 0 146
68 67 0 0 147
68 67 0 0 148
68 67 0 0 149
67 67 0 0 150
67 67 0 0 151
67 67 0 0 152
67 67 0 0 153
67 67 0 0 154
67 67 0 0 155
67 67 0 0 156
68 67 0 0 157
68 67 0 0 158
68 67 0 0 159
67 67 0 0 160
67 67 0 0 161
67 66 0 0 162
67 66 0 0 163
67 66 0 0 164
67 66 0 0 165
67 66 0 0 166
68 67 0 0 167
68 67 0 0 168
68 67 0 0 169
67 67 0 0 170
67 67 0 0 171
67 66 0 0 172
67 66 0 0 173
67 66 0 0 174
67 66 0 0 175
67 66 0 0 176
68 67 0 0 177
68 67 0 0 178
68 67 0 0 179
67 67 0 0 180
67 67 0 0 181
67 66 0 0 182
67 66 0 0 183
67 66 0 0 184
67 66 0 0 185
67 66 0 0 186
68 67 0 0 187
68 67 0 0 188
68 67 0 0 189
67 67 0 0 190
67 67 0 0 191
66 66 0 0 192
66 66 0 0 193
66 66 0 0 194
67 66 0 0 195
67 66 0 0 196
67 66 0 0 197
67 66 0 0 198
67 66 0 0 199
67 66 0 0 200
67 66 0 0 201
66 65 0 0 202
66 65 0 0 203
66 65 0 0 204
66 65 0 0 205
66 65 0 0 206
67 66 0 0 207
67 66 0 0 208
67 66 0 0 209
66 66 0 0 210
66 66 0 0 211
66 65 0 0 212
66 65 0 0 213
66 65 0 0 214
66 65 0 0 215
66 65 0 0 216
67 66 0 0 217
67 66 0 0 218
67 66 0 0 219
66 66 0 0 220
66 66 0 0 221
66 65 0 0 222
66 65 0 0 223
66 65 0 0 224
66 65 0 0 225
66 65 0 0 226
66 65 0 0 227
66 65 0 0 228
66 65 0 0 229
66 65 0 0 230
66 65 0 0 231
65 64 0 0 232
65 64 0 0 233
65 64 0 0 234
65 64 0 0 235
65 64 0 0 236
66 65 0 0 237
66 65 0 0 238
66 65 0 0 239
65 65 0 0 240
65 65 0 0 241
65 64 0 0 242
65 64 0 0 243
65 64 0 0 244
65 64 0 0 245
65 64 0 0 246
66 64 0 0 247
66 64 0 0 248
66 64 0 0 249
65 64 0 0 250
65 64 0 0 251
64 64 0 0 252
64 64 0 0 253
64 64 0 0 254
65 63 0 0 255
65 63 0 0 256
65 64 0 0 257
65 64 0 0 258
65 64 0 0 259
65 64 0 0 260
65 64 0 0 261
64 63 0 0 262
64 63 0 0 263
64 63 0 0 264
64 63 0 0 265
64 63 0 0 266
65 64 0 0 267
65 64 0 0 268
65 64 0 0 269
64 64 0 0 270
64 64 0 0 271
64 63 0 0 272
64 63 0 0 273
64 63 0 0 274
64 63 0 0 275
64 63 0 0 276
65 63 0 0 277
65 63 0 0 278
65 63 0 0 279
64 64 0 0 280
64 64 0 0 281
63 63 0 0 282
63 63 0 0 283
63 63 0 0 284
64 63 0 0 285
64 63 0 0 286
64 63 0 0 287
64 63 0 0 288
64 63 0 0 289
64 63 0 0 290
64 63 0 0 291
63 62 0 0 292
63 62 0 0 293
63 62 0 0 294
63 62 0 0 295
63 62 0 0 296
64 63 0 0 297
64 63 0 0 298
64 63 0 0 299
63 63 0 0 300
63 63 0 0 301
63 62 0 0 302
63 62 0 0 303
63 62 0 0 304
63 62 0 0 305
63 62 0 0 306
64 63 0 0 307
64 63 0 0 308
64 63 0 0 309
63 63 0 0 310
63 63 0 0 311
62 62 0 0 312
62 62 0 0 313
62 62 0 0 314
63 62 0 0 315
63 62 0 0 316
63 62 0 0 317
63 62 0 0 318
63 62 0 0 319
63 62 0 0 320
63 62 0 0 321
62 62 0 0 322
62 62 0 0 323
62 62 0 0 324
63 62 0 0 325
63 62 0 0 326
63 62 0 0 327
63 62 0 0 328
63 62 0 0 329
63 62 0 0 330
63 62 0 0 331
62 61 0 0 332
62 61 0 0 333
62 61 0 0 334
62 61 0 0 335
62 61 0 0 336
63 62 0 0 337
63 62 0 0 338
63 62 0 0 339
62 62 0 0 340
62 62 0 0 341
62 61 0 0 342
62 61 0 0 343
62 61 0 0 344
62 61 0 0 345
62 61 0 0 346
63 62 0 0 347
63 62 0 0 348
63 62 0 0 349
62 62 0 0 350
62 62 0 0 351
62 61 0 0 352
62 61 0 0 353
62 61 0 0 354
62 61 0 0 355
62 61 0 0 356
62 61 0 0 357
62 61 0 0 358
62 61 0 0 359
62 62 0 0 360
62 62 0 0 361
61 61 0 0 362
61 61 0 0 363
61 61 0 0 364
62 61 0 0 365
62 61 0 0 366
62 61 0 0 367
62 61 0 0 368
62 61 0 0 369
62 61 0 0 370
62 61 0 0 371
61 60 0 0 372
61 60 0 0 373
61 60 0 0 374
61 60 0 0 375
61 60 0 0 376
62 61 0 0 377
62 61 0 0 378
62 61 0 0 379
61 61 0 0 380
61 61 0 0 381
61 60 0 0 382
61 60 0 0 383
61 60 0 0 384
61 60 0 0 385
61 60 0 0 386
62 61 0 0 387
62 61 0 0 388
62 61 0 0 389
61 61 0 0 390
61 61 0 0 391
61 60 0 0 392
61 60 0 0 393
61 60 0 0 394
61 60 0 0 395
61 60 0 0 396
62 61 0 0 397
62 61 0 0 398
62 61 0 0 399
61 61 0 0 400
61 61 0 0 401
61 60 0 0 402
61 60 0 0 403
61 60 0 0 404
61 60 0 0 405
61 60 0 0 406
62 61 0 0 407
62 61 0 0 408
62 61 0 0 409
61 61 0 0 410
61 61 0 0 411
61 60 0 0 412
61 60 0 0 413
61 60 0 0 414
61 60 0 0 415
61 60 0 0 416
62 61 0 0 417
62 61 0 0 418
62 61 0 0 419
61 61 0 0 420
61 61 0 0 421
60 60 0 0 422
60 60 0 0 423
60 60 0 0 424
61 60 0 0 425
61 60 0 0 426
61 60 0 0 427
61 60 0 0 428
61 60 0 0 429
61 61 0 0 430
61 61 0 0 431
60 60 0 0 432
60 60 0 0 433
60 60 0 0 434
60 60 0 0 435
60 60 0 0 436
61 60 0 0 437
61 60 0 0 438
61 60 0 0 439
61 60 0 0 440
61 60 0 0 441
60 60 0 0 442
60 60 0 0 443
60 60 0 0 444
61 60 0 0 445
61 60 0 0 446
61 60 0 0 447
61 60 0 0 448
61 60 0 0 449
60 60 0 0 450
60 60 0 0 451
60 59 0 0 452
60 59 0 0 453
60 59 0 0 454
60 60 0 0 455
60 60 0 0 456
61 60 0 0 457
61 60 0 0 458
61 60 0 0 459
60 60 0 0 460
60 60 0 0 461
60 59 0 0 462
60 59 0 0 463
60 59 0 0 464
60 59 0 0 465
60 59 0 0 466
61 60 0 0 467
61 60 0 0 468
61 60 0 0 469
60 60 0 0 470
60 60 0 0 471
60 59 0 0 472
60 59 0 0 473
60 59 0 0 474
60 59 0 0 475
60 59 0 0 476
61 60 0 0 477
61 60 0 0 478
61 60 0 0 479
60 60 0 0 480
60 60 0 0 481
60 59 0 0 482
60 59 0 0 483
60 59 0 0 484
60 59 0 0 485
60 59 0 0 486
61 60 0 0 487
61 60 0 0 488
61 60 0 0 489
60 60 0 0 490
60 60 0 0 491
60 59 0 0 492
60 59 0 0 493
60 59 0 0 494
60 59 0 0 495
60 59 0 0 496
61 60 0 0 497
61 60 0 0 498
61 60 0 0 499
60 60 0 0 500
60 60 0 0 501
59 59 0 0 502
59 59 0 0 503
59 59 0 0 504
60 59 0 0 505
60 59 0 0 506
61 60 0 0 507
61 60 0 0 508
61 60 0 0 509
60 60 0 0 510
60 60 0 0 511
59 59 0 0 512
59 59 0 0 513
59 59 0 0 514
60 59 0 0 515
60 59 0 0 516
61 60 0 0 517
61 60 0 0 518
61 60 0 0 519
60 60 0 0 520
60 60 0 0 521
59 59 0 0 522
59 59 0 0 523
59 59 0 0 524
60 59 0 0 525
60 59 0 0 526
61 60 0 0 527
61 60 0 0 528
61 60 0 0 529
60 60 0 0 530
60 60 0 0 531
59 59 0 0 532
59 59 0 0 533
59 59 0 0 534
60 59 0 0 535
60 59 0 0 536
60 60 0 0 537
60 60 0 0 538
60 60 0 0 539
60 60 0 0 540
60 60 0 0 541
59 59 0 0 542
59 59 0 0 543
59 59 0 0 544
60 59 0 0 545
60 59 0 0 546
60 60 0 0 547
60 60 0 0 548
60 60 0 0 549
60 60 0 0 550
60 60 0 0 551
59 59 0 0 552
59 59 0 0 553
59 59 0 0 554
60 59 0 0 555
60 59 0 0 556
60 60 0 0 557
60 60 0 0 558
60 60 0 0 559
60 60 0 0 560
60 60 0 0 561
59 59 0 0 562
59 59 0 0 563
59 59 0 0 564
60 59 0 0 565
60 59 0 0 566
60 60 0 0 567
60 60 0 0 568
60 60 0 0 569
60 60 0 0 570
60 60 0 0 571
59 59 0 0 572
59 59 0 0 573
59 59 0 0 574
60 59 0 0 575
60 59 0 0 576
60 60 0 0 577
60 60 0 0 578
60 60 0 0 579
60 60 0 0 580
60 60 0 0 581
59 59 0 0 582
59 59 0 0 583
59 59 0 0 584
60 59 0 0 585
60 59 0 0 586
60 60 0 0 587
60 60 0 0 588
60 60 0 0 589
60 60 0 0 590
60 60 0 0 591
59 59 0 0 592
59 59 0 0 593
59 59 0 0 594
59 59 0 0 595
59 59 0 0 596
60 60 0 0 597
60 60 0 0 598
60 60 0 0 599
60 60 0 0 600
60 60 0 0 601
59 59 0 0 602
59 59 0 0 603
59 59 0 0 604
59 59 0 0 605
59 59 0 0 606
60 59 0 0 607
60 59 0 0 608
60 59 0 0 609
60 60 0 0 610
60 60 0 0 611
59 59 0 0 612
59 59 0 0 613
59 59 0 0 614
60 59 0 0 615
60 59 0 0 616
60 59 0 0 617
60 59 0 0 618
60 59 0 0 619
60 60 0 0 620
60 60 0 0 621
59 59 0 0 622
59 59 0 0 623
59 59 0 0 624
59 59 0 0 625
59 59 0 0 626
60 59 0 0 627
60 59 0 0 628
60 59 0 0 629
60 60 0 0 630
60 60 0 0 631
59 59 0 0 632
59 59 0 0 633
59 59 0 0 634
60 59 0 0 635
60 59 0 0 636
60 59 0 0 637
60 59 0 0 638
60 59 0 0 639
60 60 0 0 640
60 60 0 0 641
59 59 0 0 642
59 59 0 0 643
59 59 0 0 644
59 59 0 0 645
59 59 0 0 646
60 59 0 0 647
60 59 0 0 648
60 59 0 0 649
60 60 0 0 650
60 60 0 0 651
59 59 0 0 652
59 59 0 0 653
59 59 0 0 654
59 59 0 0 655
59 59 0 0 656
60 59 0 0 657
60 59 0 0 658
60 59 0 0 659
60 60 0 0 660
60 60 0 0 661
59 59 0 0 662
59 59 0 0 663
59 59 0 0 664
59 59 0 0 665
59 59 0 0 666
60 59 0 0 667
60 59 0 0 668
60 59 0 0 669
60 60 0 0 670
60 60 0 0 671
59 59 0 0 672
59 59 0 0 673
59 59 0 0 674
59 59 0 0 675
59 59 0 0 676
60 59 0 0 677
60 59 0 0 678
60 59 0 0 679
60 60 0 0 680
60 60 0 0 681
59 59 0 0 682
59 59 0 0 683
59 59 0 0 684
59 59 0 0 685
59 59 0 0 686
60 59 0 0 687
60 59 0 0 688
60 59 0 0 689
60 59 0 0 690
60 59 0 0 691
59 59 0 0 692
59 59 0 0 693
59 59 0 0 694
59 59 0 0 695
59 59 0 0 696
60 59 0 0 697
60 59 0 0 698
60 59 0 0 699
60 59 0 0 700
60 59 0 0 701
59 59 0 0 702
59 59 0 0 703
59 59 0 0 704
59 59 0 0 705
59 59 0 0 706
60 59 0 0 707
60 59 0 0 708
60 59 0 0 709
60 59 0 0 710
60 59 0 0 711
59 59 0 0 712
59 59 0 0 713
59 59 0 0 714
59 59 0 0 715
59 59 0 0 716
60 59 0 0 717
60 59 0 0 718
60 59 0 0 719
60 60 0 0 720
60 60 0 0 721
59 59 0 0 722
59 59 0 0 723
59 59 0 0 724
59 59 0 0 725
59 59 0 0 726
60 59 0 0 727
60 59 0 0 728
60 59 0 0 729
60 59 0 0 730
60 59 0 0 731
59 59 0 0 732
59 59 0 0 733
59 59 0 0 734
59 59 0 0 735
59 59 0 0 736
60 59 0 0 737
60 59 0 0 738
60 59 0 0 739
59 59 0 0 740
59 59 0 0 741
59 59 0 0 742
59 59 0 0 743
59 59 0 0 744
59 59 0 0 745
59 59 0 0 746
60 59 0 0 747
60 59 0 0 748
60 59 0 0 749
59 59 0 0 750
59 59 0 0 751
59 59 0 0 752
59 59 0 0 753
59 59 0 0 754
59 59 0 0 755
59 59 0 0 756
60 59 0 0 757
60 59 0 0 758
60 59 0 0 759
60 59 0 0 760
60 59 0 0 761
59 59 0 0 762
59 59 0 0 763
59 59 0 0 764
59 59 0 0 765
59 59 0 0 766
60 59 0 0 767
60 59 0 0 768
60 59 0 0 769
59 59 0 0 770
59 59 0 0 771
59 59 0 0 772
59 59 0 0 773
59 59 0 0 774
59 59 0 0 775
59 59 0 0 776
60 59 0 0 777
60 59 0 0 778
60 59 0 0 779
60 59 0 0 780
60 59 0 0 781
59 59 0 0 782
59 59 0 0 783
59 59 0 0 784
59 59 0 0 785
59 59 0 0 786
60 59 0 0 787
60 59 0 0 788
60 59 0 0 789
59 59 0 0 790
59 59 0 0 791
59 58 0 0 792
59 58 0 0 793
59 58 0 0 794
59 59 0 0 795
59 59 0 0 796
60 59 0 0 797
60 59 0 0 798
60 59 0 0 799
60 59 0 0 800
60 59 0 0 801
59 59 0 0 802
59 59 0 0 803
59 59 0 0 804
59 59 0 0 805
59 59 0 0 806
60 59 0 0 807
60 59 0 0 808
60 59 0 0 809
60 59 0 0 810
60 59 0 0 811
59 59 0 0 812
59 59 0 0 813
59 59 0 0 814
59 59 0 0 815
59 59 0 0 816
60 59 0 0 817
60 59 0 0 818
60 59 0 0 819
60 59 0 0 820
60 59 0 0 821
59 59 0 0 822
59 59 0 0 823
59 59 0 0 824
59 59 0 0 825
59 59 0 0 826
60 59 0 0 827
60 59 0 0 828
60 59 0 0 829
60 59 0 0 830
60 59 0 0 831
59 58 0 0 832
59 58 0 0 833
59 58 0 0 834
59 59 0 0 835
59 59 0 0 836
60 59 0 0 837
60 59 0 0 838
60 59 0 0 839
60 59 0 0 840
60 59 0 0 841
59 59 0 0 842
59 59 0 0 843
59 59 0 0 844
59 59 0 0 845
59 59 0 0 846
60 59 0 0 847
60 59 0 0 848
60 59 0 0 849
60 59 0 0 850
60 59 0 0 851
59 59 0 0 852
59 59 0 0 853
59 59 0 0 854
59 59 0 0 855
59 59 0 0 856
60 59 0 0 857
60 59 0 0 858
60 59 0 0 859
60 60 0 0 860
60 60 0 0 861
59 59 0 0 862
59 59 0 0 863
59 59 0 0 864
59 59 0 0 865
59 59 0 0 866
60 59 0 0 867
60 59 0 0 868
60 59 0 0 869
60 60 0 0 870
60 60 0 0 871
59 59 0 0 872
59 59 0 0 873
59 59 0 0 874
59 59 0 0 875
59 59 0 0 876
60 59 0 0 877
60 59 0 0 878
60 59 0 0 879
60 59 0 0 880
60 59 0 0 881
59 59 0 0 882
59 59 0 0 883
59 59 0 0 884
60 59 0 0 885
60 59 0 0 886
60 59 0 0 887
60 59 0 0 888
60 59 0 0 889
59 59 0 0 890
59 59 0 0 891
59 59 0 0 892
59 59 0 0 893
59 59 0 0 894
60 59 0 0 895
60 59 0 0 896
60 59 0 0 897
60 59 0 0 898
60 59 0 0 899
59 59 0 0 900
59 59 0 0 901
59 59 0 0 902
59 59 0 0 903
59 59 0 0 904
60 59 0 0 905
60 59 0 0 906
60 59 0 0 907
60 59 0 0 908
60 59 0 0 909
59 59 0 0 910
59 59 0 0 911
59 59 0 0 912
59 59 0 0 913
59 59 0 0 914
59 59 0 0 915
59 59 0 0 916
60 59 0 0 917
60 59 0 0 918
60 59 0 0 919
59 59 0 0 920
59 59 0 0 921
59 59 0 0 922
59 59 0 0 923
59 59 0 0 924
59 59 0 0 925
59 59 0 0 926
60 59 0 0 927
60 59 0 0 928
60 59 0 0 929
59 59 0 0 930
59 59 0 0 931
59 59 0 0 932
59 59 0 0 933
59 59 0 0 934
59 59 0 0 935
59 59 0 0 936
60 59 0 0 937
60 59 0 0 938
60 59 0 0 939
59 59 0 0 940
59 59 0 0 941
59 59 0 0 942
59 59 0 0 943
59 59 0 0 944
59 59 0 0 945
59 59 0 0 946
60 59 0 0 947
60 59 0 0 948
60 59 0 0 949
59 59 0 0 950
59 59 0 0 951
59 59 0 0 952
59 59 0 0 953
59 59 0 0 954
59 59 0 0 955
59 59 0 0 956
60 59 0 0 957
60 59 0 0 958
60 59 0 0 959
59 59 0 0 960
59 59 0 0 961
59 59 0 0 962
59 59 0 0 963
59 59 0 0 964
59 59 0 0 965
59 59 0 0 966
60 59 0 0 967
60 59 0 0 968
60 59 0 0 969
59 59 0 0 970
59 59 0 0 971
59 59 0 0 972
59 59 0 0 973
59 59 0 0 974
59 59 0 0 975
59 59 0 0 976
60 59 0 0 977
60 59 0 0 978
60 59 0 0 979
59 59 0 0 980
59 59 0 0 981
59 59 0 0 982
59 59 0 0 983
59 59 0 0 984
59 59 0 0 985
59 59 0 0 986
60 59 0 0 987
60 59 0 0 988
60 59 0 0 989
59 59 0 0 990
59 59 0 0 991
59 59 0 0 992
59 59 0 0 993
59 59 0 0 994
59 59 0 0 995
59 59 0 0 996
60 59 0 0 997
60 59 0 0 998
60 59 0 0 999
59 59 0 0 1000
59 59 0 0 1001
59 59 0 0 1002
59 59 0 0 1003
59 59 0 0 1004
59 59 0 0 1005
59 59 0 0 1006
60 59 0 0 1007
60 59 0 0 1008
60 59 0 0 1009
59 60 0 0 1010
59 60 0 0 1011
59 59 0 0 1012
59 59 0 0 1013
59 59 0 0 1014
59 59 0 0 1015
59 59 0 0 1016
60 59 0 0 1017
60 59 0 0 1018
60 59 0 0 1019
59 59 0 0 1020
59 59 0 0 1021
59 59 0 0 1022
59 59 0 0 1023
59 59 0 0 1024
59 59 0 0 1025
59 59 0 0 1026
60 59 0 0 1027
60 59 0 0 1028
60 59 0 0 1029
59 60 0 0 1030
59 60 0 0 1031
59 59 0 0 1032
59 59 0 0 1033
59 59 0 0 1034
59 59 0 0 1035
59 59 0 0 1036
60 59 0 0 1037
60 59 0 0 1038
60 59 0 0 1039
59 59 0 0 1040
59 59 0 0 1041
59 59 0 0 1042
59 59 0 0 1043
59 59 0 0 1044
59 59 0 0 1045
59 59 0 0 1046
60 59 0 0 1047
60 59 0 0 1048
60 59 0 0 1049
59 60 0 0 1050
59 60 0 0 1051
59 59 0 0 1052
59 59 0 0 1053
59 59 0 0 1054
59 59 0 0 1055
59 59 0 0 1056
60 59 0 0 1057
60 59 0 0 1058
60 59 0 0 1059
59 60 0 0 1060
59 60 0 0 1061
59 59 0 0 1062
59 59 0 0 1063
59 59 0 0 1064
59 59 0 0 1065
59 59 0 0 1066
60 59 0 0 1067
60 59 0 0 1068
60 59 0 0 1069
59 59 0 0 1070
59 59 0 0 1071
59 59 0 0 1072
59 59 0 0 1073
59 59 0 0 1074
59 59 0 0 1075
59 59 0 0 1076
60 59 0 0 1077
60 59 0 0 1078
60 59 0 0 1079
59 59 0 0 1080
59 59 0 0 1081
59 59 0 0 1082
59 59 0 0 1083
59 59 0 0 1084
59 59 0 0 1085
59 59 0 0 1086
60 59 0 0 1087
60 59 0 0 1088
60 59 0 0 1089
59 59 0 0 1090
59 59 0 0 1091
59 59 0 0 1092
59 59 0 0 1093
59 59 0 0 1094
59 59 0 0 1095
59 59 0 0 1096
60 59 0 0 1097
60 59 0 0 1098
60 59 0 0 1099
59 59 0 0 1100
59 59 0 0 1101
59 59 0 0 1102
59 59 0 0 1103
59 59 0 0 1104
59 59 0 0 1105
59 59 0 0 1106
60 59 0 0 1107
60 59 0 0 1108
60 59 0 0 1109
59 59 0 0 1110
59 59 0 0 1111
59 59 0 0 1112
59 59 0 0 1113
59 59 0 0 1114
59 59 0 0 1115
59 59 0 0 1116
60 59 0 0 1117
60 59 0 0 1118
60 59 0 0 1119
59 59 0 0 1120
59 59 0 0 1121
59 58 0 0 1122
59 58 0 0 1123
59 58 0 0 1124
59 59 0 0 1125
59 59 0 0 1126
60 59 0 0 1127
60 59 0 0 1128
60 59 0 0 1129
59 59 0 0 1130
59 59 0 0 1131
59 59 0 0 1132
59 59 0 0 1133
59 59 0 0 1134
59 59 0 0 1135
59 59 0 0 1136
60 59 0 0 1137
60 59 0 0 1138
60 59 0 0 1139
59 59 0 0 1140
59 59 0 0 1141
59 58 0 0 1142
59 58 0 0 1143
59 58 0 0 1144
59 59 0 0 1145
59 59 0 0 1146
60 59 0 0 1147
60 59 0 0 1148
60 59 0 0 1149
59 59 0 0 1150
59 59 0 0 1151
59 58 0 0 1152
59 58 0 0 1153
59 58 0 0 1154
59 59 0 0 1155
59 59 0 0 1156
60 59 0 0 1157
60 59 0 0 1158
60 59 0 0 1159
59 59 0 0 1160
59 59 0 0 1161
59 58 0 0 1162
59 58 0 0 1163
59 58 0 0 1164
59 59 0 0 1165
59 59 0 0 1166
60 59 0 0 1167
60 59 0 0 1168
60 59 0 0 1169
59 59 0 0 1170
59 59 0 0 1171
59 58 0 0 1172
59 58 0 0 1173
59 58 0 0 1174
59 59 0 0 1175
59 59 0 0 1176
60 59 0 0 1177
60 59 0 0 1178
60 59 0 0 1179
59 59 0 0 1180
59 59 0 0 1181
59 59 0 0 1182
59 59 0 0 1183
59 59 0 0 1184
59 59 0 0 1185
59 59 0 0 1186
60 59 0 0 1187
60 59 0 0 1188
60 59 0 0 1189
59 59 0 0 1190
59 59 0 0 1191
59 58 0 0 1192
59 58 0 0 1193
59 58 0 0 1194
59 59 0 0 1195
59 59 0 0 1196
60 59 0 0 1197
60 59 0 0 1198
60 59 0 0 1199
59 59 0 0 1200
59 59 0 0 1201
59 59 0 0 1202
59 59 0 0 1203
59 59 0 0 1204
59 59 0 0 1205
59 59 0 0 1206
60 59 0 0 1207
60 59 0 0 1208
60 59 0 0 1209
59 59 0 0 1210
59 59 0 0 1211
59 59 0 0 1212
59 59 0 0 1213
59 59 0 0 1214
59 59 0 0 1215
59 59 0 0 1216
60 59 0 0 1217
60 59 0 0 1218
60 59 0 0 1219
59 59 0 0 1220
59 59 0 0 1221
59 59 0 0 1222
59 59 0 0 1223
59 59 0 0 1224
59 59 0 0 1225
59 59 0 0 1226
60 59 0 0 1227
60 59 0 0 1228
60 59 0 0 1229
59 59 0 0 1230
59 59 0 0 1231
59 59 0 0 1232
59 59 0 0 1233
59 59 0 0 1234
59 59 0 0 1235
59 59 0 0 1236
60 59 0 0 1237
60 59 0 0 1238
60 59 0 0 1239
59 59 0 0 1240
59 59 0 0 1241
59 59 0 0 1242
59 59 0 0 1243
59 59 0 0 1244
59 59 0 0 1245
59 59 0 0 1246
60 59 0 0 1247
60 59 0 0 1248
60 59 0 0 1249
59 59 0 0 1250
59 59 0 0 1251
59 59 0 0 1252
59 59 0 0 1253
59 59 0 0 1254
59 59 0 0 1255
59 59 0 0 1256
60 59 0 0 1257
60 59 0 0 1258
60 59 0 0 1259
59 59 0 0 1260
59 59 0 0 1261
59 59 0 0 1262
59 59 0 0 1263
59 59 0 0 1264
59 59 0 0 1265
59 59 0 0 1266
60 59 0 0 1267
60 59 0 0 1268
60 59 0 0 1269
59 60 0 0 1270
59 60 0 0 1271
59 59 0 0 1272
59 59 0 0 1273
59 59 0 0 1274
59 59 0 0 1275
59 59 0 0 1276
60 59 0 0 1277
60 59 0 0 1278
60 59 0 0 1279
59 59 0 0 1280
59 59 0 0 1281
59 59 0 0 1282
59 59 0 0 1283
59 59 0 0 1284
59 59 0 0 1285
59 59 0 0 1286
60 59 0 0 1287
60 59 0 0 1288
60 59 0 0 1289
59 59 0 0 1290
59 59 0 0 1291
59 59 0 0 1292
59 59 0 0 1293
59 59 0 0 1294
60 59 0 0 1295
60 59 0 0 1296
60 59 0 0 1297
60 59 0 0 1298
60 59 0 0 1299
59 59 0 0 1300
59 59 0 0 1301
59 59 0 0 1302
59 59 0 0 1303
59 59 0 0 1304
59 59 0 0 1305
59 59 0 0 1306
60 59 0 0 1307
60 59 0 0 1308
60 59 0 0 1309
59 60 0 0 1310
59 60 0 0 1311
59 59 0 0 1312
59 59 0 0 1313
59 59 0 0 1314
59 59 0 0 1315
59 59 0 0 1316
60 59 0 0 1317
60 59 0 0 1318
60 59 0 0 1319
60 59 0 0 1320
60 59 0 0 1321
59 59 0 0 1322
59 59 0 0 1323
59 59 0 0 1324
59 59 0 0 1325
59 59 0 0 1326
60 59 0 0 1327
60 59 0 0 1328
60 59 0 0 1329
59 59 0 0 1330
59 59 0 0 1331
59 59 0 0 1332
59 59 0 0 1333
59 59 0 0 1334
59 59 0 0 1335
59 59 0 0 1336
60 59 0 0 1337
60 59 0 0 1338
60 59 0 0 1339
60 59 0 0 1340
60 59 0 0 1341
59 59 0 0 1342
59 59 0 0 1343
59 59 0 0 1344
59 59 0 0 1345
59 59 0 0 1346
60 59 0 0 1347
60 59 0 0 1348
60 59 0 0 1349
59 59 0 0 1350
59 59 0 0 1351
59 59 0 0 1352
59 59 0 0 1353
59 59 0 0 1354
60 59 0 0 1355
60 59 0 0 1356
60 59 0 0 1357
60 59 0 0 1358
60 59 0 0 1359
60 59 0 0 1360
60 59 0 0 1361
59 59 0 0 1362
59 59 0 0 1363
59 59 0 0 1364
60 59 0 0 1365
60 59 0 0 1366
60 59 0 0 1367
60 59 0 0 1368
60 59 0 0 1369
59 59 0 0 1370
59 59 0 0 1371
59 59 0 0 1372
59 59 0 0 1373
59 59 0 0 1374
60 59 0 0 1375
60 59 0 0 1376
60 59 0 0 1377
60 59 0 0 1378
60 59 0 0 1379
59 59 0 0 1380
59 59 0 0 1381
59 59 0 0 1382
59 59 0 0 1383
59 59 0 0 1384
60 59 0 0 1385
60 59 0 0 1386
60 59 0 0 1387
60 59 0 0 1388
60 59 0 0 1389
59 59 0 0 1390
59 59 0 0 1391
59 59 0 0 1392
59 59 0 0 1393
59 59 0 0 1394
59 59 0 0 1395
59 59 0 0 1396
60 59 0 0 1397
60 59 0 0 1398
60 59 0 0 1399
59 59 0 0 1400
59 59 0 0 1401
59 59 0 0 1402
59 59 0 0 1403
59 59 0 0 1404
59 59 0 0 1405
59 59 0 0 1406
60 59 0 0 1407
60 59 0 0 1408
60 59 0 0 1409
59 59 0 0 1410
59 59 0 0 1411
59 59 0 0 1412
59 59 0 0 1413
59 59 0 0 1414
59 59 0 0 1415
59 59 0 0 1416
60 59 0 0 1417
60 59 0 0 1418
60 59 0 0 1419
59 59 0 0 1420
59 59 0 0 1421
59 59 0 0 1422
59 59 0 0 1423
59 59 0 0 1424
59 59 0 0 1425
59 59 0 0 1426
60 59 0 0 1427
60 59 0 0 1428
60 59 0 0 1429
59 59 0 0 1430
59 59 0 0 1431
59 59 0 0 1432
59 59 0 0 1433
59 59 0 0 1434
59 59 0 0 1435
59 59 0 0 1436
60 59 0 0 1437
60 59 0 0 1438
60 59 0 0 1439
59 59 0 0 1440
59 59 0 0 1441
59 59 0 0 1442
59 59 0 0 1443
59 59 0 0 1444
59 59 0 0 1445
59 59 0 0 1446
60 59 0 0 1447
60 59 0 0 1448
60 59 0 0 1449
59 59 0 0 1450
59 59 0 0 1451
59 59 0 0 1452
59 59 0 0 1453
59 59 0 0 1454
59 59 0 0 1455
59 59 0 0 1456
60 59 0 0 1457
60 59 0 0 1458
60 59 0 0 1459
59 59 0 0 1460
59 59 0 0 1461
59 59 0 0 1462
59 59 0 0 1463
59 59 0 0 1464
59 59 0 0 1465
59 59 0 0 1466
60 59 0 0 1467
60 59 0 0 1468
60 59 0 0 1469
59 59 0 0 1470
59 59 0 0 1471
59 59 0 0 1472
59 59 0 0 1473
59 59 0 0 1474
59 59 0 0 1475
59 59 0 0 1476
60 59 0 0 1477
60 59 0 0 1478
60 59 0 0 1479
59 59 0 0 1480
59 59 0 0 1481
59 59 0 0 1482
59 59 0 0 1483
59 59 0 0 1484
59 59 0 0 1485
59 59 0 0 1486
60 59 0 0 1487
60 59 0 0 1488
60 59 0 0 1489
59 59 0 0 1490
59 59 0 0 1491
59 59 0 0 1492
59 59 0 0 1493
59 59 0 0 1494
59 59 0 0 1495
59 59 0 0 1496
60 59 0 0 1497
60 59 0 0 1498
60 59 0 0 1499
59 59 0 0 1500
59 59 0 0 1501
59 59 0 0 1502
59 59 0 0 1503
59 59 0 0 1504
59 59 0 0 1505
59 59 0 0 1506
60 59 0 0 1507
60 59 0 0 1508
60 59 0 0 1509
59 59 0 0 1510
59 59 0 0 1511
59 59 0 0 1512
59 59 0 0 1513
59 59 0 0 1514
59 59 0 0 1515
59 59 0 0 1516
60 59 0 0 1517
60 59 0 0 1518
60 59 0 0 1519
59 59 0 0 1520
59 59 0 0 1521
59 59 0 0 1522
59 59 0 0 1523
59 59 0 0 1524
59 59 0 0 1525
59 59 0 0 1526
60 59 0 0 1527
60 59 0 0 1528
60 59 0 0 1529
59 59 0 0 1530
59 59 0 0 1531
59 59 0 0 1532
59 59 0 0 1533
59 59 0 0 1534
59 59 0 0 1535
59 59 0 0 1536
60 59 0 0 1537
60 59 0 0 1538
60 59 0 0 1539
59 59 0 0 1540
59 59 0 0 1541
59 59 0 0 1542
59 59 0 0 1543
59 59 0 0 1544
59 59 0 0 1545
59 59 0 0 1546
60 59 0 0 1547
60 59 0 0 1548
60 59 0 0 1549
59 59 0 0 1550
59 59 0 0 1551
59 59 0 0 1552
59 59 0 0 1553
59 59 0 0 1554
59 59 0 0 1555
59 59 0 0 1556
60 59 0 0 1557
60 59 0 0 1558
60 59 0 0 1559
59 59 0 0 1560
59 59 0 0 1561
59 59 0 0 1562
59 59 0 0 1563
59 59 0 0 1564
59 59 0 0 1565
59 59 0 0 1566
60 59 0 0 1567
60 59 0 0 1568
60 59 0 0 1569
59 59 0 0 1570
59 59 0 0 1571
59 59 0 0 1572
59 59 0 0 1573
59 59 0 0 1574
59 59 0 0 1575
59 59 0 0 1576
60 59 0 0 1577
60 59 0 0 1578
60 59 0 0 1579
59 59 0 0 1580
59 59 0 0 1581
59 59 0 0 1582
59 59 0 0 1583
59 59 0 0 1584
59 59 0 0 1585
59 59 0 0 1586
60 59 0 0 1587
60 59 0 0 1588
60 59 0 0 1589
59 59 0 0 1590
59 59 0 0 1591
59 59 0 0 1592
59 59 0 0 1593
59 59 0 0 1594
59 59 0 0 1595
59 59 0 0 1596
60 59 0 0 1597
60 59 0 0 1598
60 59 0 0 1599
59 59 0 0 1600
59 59 0 0 1601
59 59 0 0 1602
59 59 0 0 1603
59 59 0 0 1604
59 59 0 0 1605
59 59 0 0 1606
60 59 0 0 1607
60 59 0 0 1608
60 59 0 0 1609
59 59 0 0 1610
59 59 0 0 1611
59 59 0 0 1612
59 59 0 0 1613
59 59 0 0 1614
59 59 0 0 1615
59 59 0 0 1616
60 59 0 0 1617
60 59 0 0 1618
60 59 0 0 1619
59 59 0 0 1620
59 59 0 0 1621
59 59 0 0 1622
59 59 0 0 1623
59 59 0 0 1624
59 59 0 0 1625
59 59 0 0 1626
60 59 0 0 1627
60 59 0 0 1628
60 59 0 0 1629
59 59 0 0 1630
59 59 0 0 1631
59 59 0 0 1632
59 59 0 0 1633
59 59 0 0 1634
59 59 0 0 1635
59 59 0 0 1636
60 59 0 0 1637
60 59 0 0 1638
60 59 0 0 1639
59 59 0 0 1640
59 59 0 0 1641
59 59 0 0 1642
59 59 0 0 1643
59 59 0 0 1644
59 59 0 0 1645
59 59 0 0 1646
60 59 0 0 1647
60 59 0 0 1648
60 59 0 0 1649
59 59 0 0 1650
59 59 0 0 1651
59 59 0 0 1652
59 59 0 0 1653
59 59 0 0 1654
59 59 0 0 1655
59 59 0 0 1656
60 59 0 0 1657
60 59 0 0 1658
60 59 0 0 1659
59 59 0 0 1660
59 59 0 0 1661
59 59 0 0 1662
59 59 0 0 1663
59 59 0 0 1664
59 59 0 0 1665
59 59 0 0 1666
60 59 0 0 1667
60 59 0 0 1668
60 59 0 0 1669
59 59 0 0 1670
59 59 0 0 1671
59 59 0 0 1672
59 59 0 0 1673
59 59 0 0 1674
59 59 0 0 1675
59 59 0 0 1676
60 59 0 0 1677
60 59 0 0 1678
60 59 0 0 1679
59 59 0 0 1680
59 59 0 0 1681
59 59 0 0 1682
59 59 0 0 1683
59 59 0 0 1684
59 59 0 0 1685
59 59 0 0 1686
60 59 0 0 1687
60 59 0 0 1688
60 59 0 0 1689
59 59 0 0 1690
59 59 0 0 1691
59 59 0 0 1692
59 59 0 0 1693
59 59 0 0 1694
59 59 0 0 1695
59 59 0 0 1696
60 59 0 0 1697
60 59 0 0 1698
60 59 0 0 1699
59 59 0 0 1700
59 59 0 0 1701
59 59 0 0 1702
59 59 0 0 1703
59 59 0 0 1704
59 59 0 0 1705
59 59 0 0 1706
60 59 0 0 1707
60 59 0 0 1708
60 59 0 0 1709
59 59 0 0 1710
59 59 0 0 1711
59 59 0 0 1712
59 59 0 0 1713
59 59 0 0 1714
59 59 0 0 1715
59 59 0 0 1716
60 59 0 0 1717
60 59 0 0 1718
60 59 0 0 1719
59 59 0 0 1720
59 59 0 0 1721
59 59 0 0 1722
59 59 0 0 1723
59 59 0 0 1724
59 59 0 0 1725
59 59 0 0 1726
60 59 0 0 1727
60 59 0 0 1728
60 59 0 0 1729
59 59 0 0 1730
59 59 0 0 1731
59 59 0 0 1732
59 59 0 0 1733
59 59 0 0 1734
59 59 0 0 1735
59 59 0 0 1736
60 59 0 0 1737
60 59 0 0 1738
60 59 0 0 1739
59 59 0 0 1740
59 59 0 0 1741
59 59 0 0 1742
59 59 0 0 1743
59 59 0 0 1744
59 59 0 0 1745
59 59 0 0 1746
60 59 0 0 1747
60 59 0 0 1748
60 59 0 0 1749
59 59 0 0 1750
59 59 0 0 1751
59 59 0 0 1752
59 59 0 0 1753
59 59 0 0 1754
59 59 0 0 1755
59 59 0 0 1756
60 59 0 0 1757
60 59 0 0 1758
60 59 0 0 1759
59 59 0 0 1760
59 59 0 0 1761
59 59 0 0 1762
59 59 0 0 1763
59 59 0 0 1764
59 59 0 0 1765
59 59 0 0 1766
60 59 0 0 1767
60 59 0 0 1768
60 59 0 0 1769
59 59 0 0 1770
59 59 0 0 1771
59 59 0 0 1772
59 59 0 0 1773
59 59 0 0 1774
59 59 0 0 1775
59 59 0 0 1776
60 59 0 0 1777
60 59 0 0 1778
60 59 0 0 1779
59 59 0 0 1780
59 59 0 0 1781
59 59 0 0 1782
59 59 0 0 1783
59 59 0 0 1784
60 59 0 0 1785
60 59 0 0 1786
60 59 0 0 1787
60 59 0 0 1788
60 59 0 0 1789
59 60 0 0 1790
59 60 0 0 1791
59 59 0 0 1792
59 59 0 0 1793
59 59 0 0 1794
59 59 0 0 1795
59 59 0 0 1796
60 59 0 0 1797
60 59 0 0 1798
60 59 0 0 1799
59 59 0 0 1800
59 59 0 0 1801
59 59 0 0 1802
59 59 0 0 1803
59 59 0 0 1804
59 59 0 0 1805
59 59 0 0 1806
60 59 0 0 1807
60 59 0 0 1808
60 59 0 0 1809
59 59 0 0 1810
59 59 0 0 1811
59 58 0 0 1812
59 58 0 0 1813
59 58 0 0 1814
59 59 0 0 1815
59 59 0 0 1816
60 59 0 0 1817
60 59 0 0 1818
60 59 0 0 1819
59 59 0 0 1820
59 59 0 0 1821
59 59 0 0 1822
59 59 0 0 1823
59 59 0 0 1824
60 59 0 0 1825
60 59 0 0 1826
60 59 0 0 1827
60 59 0 0 1828
60 59 0 0 1829
59 59 0 0 1830
59 59 0 0 1831
59 59 0 0 1832
59 59 0 0 1833
59 59 0 0 1834
60 59 0 0 1835
60 59 0 0 1836
60 59 0 0 1837
60 59 0 0 1838
60 59 0 0 1839
60 59 0 0 1840
60 59 0 0 1841
59 59 0 0 1842
59 59 0 0 1843
59 59 0 0 1844
60 59 0 0 1845
60 59 0 0 1846
60 59 0 0 1847
60 59 0 0 1848
60 59 0 0 1849
60 59 0 0 1850
60 59 0 0 1851
59 59 0 0 1852
59 59 0 0 1853
59 59 0 0 1854
60 59 0 0 1855
60 59 0 0 1856
60 59 0 0 1857
60 59 0 0 1858
60 59 0 0 1859
59 59 0 0 1860
59 59 0 0 1861
59 59 0 0 1862
59 59 0 0 1863
59 59 0 0 1864
60 59 0 0 1865
60 59 0 0 1866
60 59 0 0 1867
60 59 0 0 1868
60 59 0 0 1869
59 59 0 0 1870
59 59 0 0 1871
59 59 0 0 1872
59 59 0 0 1873
59 59 0 0 1874
60 59 0 0 1875
60 59 0 0 1876
60 59 0 0 1877
60 59 0 0 1878
60 59 0 0 1879
59 59 0 0 1880
59 59 0 0 1881
59 59 0 0 1882
59 59 0 0 1883
59 59 0 0 1884
59 59 0 0 1885
59 59 0 0 1886
60 59 0 0 1887
60 59 0 0 1888
60 59 0 0 1889
59 59 0 0 1890
59 59 0 0 1891
59 59 0 0 1892
59 59 0 0 1893
59 59 0 0 1894
59 59 0 0 1895
59 59 0 0 1896
60 59 0 0 1897
60 59 0 0 1898
60 59 0 0 1899
59 59 0 0 1900
59 59 0 0 1901
59 59 0 0 1902
59 59 0 0 1903
59 59 0 0 1904
59 59 0 0 1905
59 59 0 0 1906
60 59 0 0 1907
60 59 0 0 1908
60 59 0 0 1909
59 60 0 0 1910
59 60 0 0 1911
59 59 0 0 1912
59 59 0 0 1913
59 59 0 0 1914
59 59 0 0 1915
59 59 0 0 1916
60 59 0 0 1917
60 59 0 0 1918
60 59 0 0 1919
59 60 0 0 1920
59 60 0 0 1921
59 59 0 0 1922
59 59 0 0 1923
59 59 0 0 1924
59 59 0 0 1925
59 59 0 0 1926
60 59 0 0 1927
60 59 0 0 1928
60 59 0 0 1929
59 59 0 0 1930
59 59 0 0 1931
59 59 0 0 1932
59 59 0 0 1933
59 59 0 0 1934
59 59 0 0 1935
59 59 0 0 1936
60 59 0 0 1937
60 59 0 0 1938
60 59 0 0 1939
59 59 0 0 1940
59 59 0 0 1941
59 59 0 0 1942
59 59 0 0 1943
59 59 0 0 1944
59 59 0 0 1945
59 59 0 0 1946
60 59 0 0 1947
60 59 0 0 1948
60 59 0 0 1949
59 59 0 0 1950
59 59 0 0 1951
59 59 0 0 1952
59 59 0 0 1953
59 59 0 0 1954
59 59 0 0 1955
59 59 0 0 1956
60 59 0 0 1957
60 59 0 0 1958
60 59 0 0 1959
59 59 0 0 1960
59 59 0 0 1961
59 59 0 0 1962
59 59 0 0 1963
59 59 0 0 1964
59 59 0 0 1965
59 59 0 0 1966
60 59 0 0 1967
60 59 0 0 1968
60 59 0 0 1969
59 59 0 0 1970
59 59 0 0 1971
59 58 0 0 1972
59 58 0 0 1973
59 58 0 0 1974
59 59 0 0 1975
59 59 0 0 1976
60 59 0 0 1977
60 59 0 0 1978
60 59 0 0 1979
59 59 0 0 1980
59 59 0 0 1981
59 58 0 0 1982
59 58 0 0 1983
59 58 0 0 1984
59 59 0 0 1985
59 59 0 0 1986
60 59 0 0 1987
60 59 0 0 1988
60 59 0 0 1989
59 59 0 0 1990
59 59 0 0 1991
59 59 0 0 1992
59 59 0 0 1993
59 59 0 0 1994
59 59 0 0 1995
59 59 0 0 1996
60 59 0 0 1997
60 59 0 0 1998
60 59 0 0 1999