50 0 1800 0 0
51 0 1800 0 1
52 1 1800 0 2
53 1 1800 0 3
54 1 1800 0 4
55 5 1800 0 5
56 5 1800 0 6
57 9 1800 0 7
58 9 1800 0 8
59 9 1800 0 9
60 14 1800 0 10
61 14 1800 0 11
62 18 1800 0 12
63 18 1800 0 13
64 18 1800 0 14
65 21 1800 0 15
66 21 1800 0 16
67 25 1800 0 17
68 25 1800 0 18
69 25 1800 0 19
70 28 1800 0 20
71 28 1800 0 21
72 31 1800 0 22
73 31 1800 0 23
73 31 1800 0 24
74 35 1800 0 25
75 35 1800 0 26
76 38 1800 0 27
77 38 1800 0 28
78 38 1800 0 29
79 40 1800 0 30
80 40 1800 0 31
81 43 1800 0 32
82 43 1800 0 33
83 43 1800 0 34
84 46 1800 0 35
85 46 1800 0 36
86 47 1800 0 37
87 47 1800 0 38
88 47 1800 0 39
89 50 1800 0 40
90 50 1800 0 41
91 52 1800 0 42
92 52 1800 0 43
93 52 1800 0 44
94 54 1800 0 45
95 54 1800 0 46
96 56 1800 0 47
97 56 1800 0 48
98 56 1800 0 49
98 58 1800 0 50
99 58 1800 0 51
100 60 1800 0 52
101 60 1800 0 53
102 60 1800 0 54
103 61 1800 0 55
104 61 1800 0 56
105 63 3060 0 57
106 63 3060 0 58
107 63 3060 0 59
108 65 3213 0 60
109 65 3213 0 61
110 68 3366 0 62
111 68 3366 0 63
112 68 3366 0 64
113 71 3446 0 65
114 71 3446 0 66
115 73 3595 0 67
116 73 3595 0 68
117 73 3595 0 69
118 76 3744 0 70
119 76 3744 0 71
120 78 3894 0 72
120 78 3894 0 73
120 78 3894 0 74
120 81 3897 0 75
120 81 3897 0 76
120 83 3894 0 77
120 83 3894 0 78
120 83 3894 0 79
120 85 3883 0 80
120 85 3883 0 81
120 88 3792 0 82
120 88 3792 0 83
120 88 3792 0 84
120 89 3835 0 85
120 89 3835 0 86
120 92 3730 0 87
120 92 3730 0 88
120 92 3730 0 89
120 93 3759 0 90
120 93 3759 0 91
120 95 3712 0 92
120 95 3712 0 93
120 95 3712 0 94
120 97 3657 0 95
120 97 3657 0 96
120 98 3668 0 97
120 98 3668 0 98
120 98 3668 0 99
120 101 3529 0 100
120 101 3529 0 101
120 102 3526 0 102
120 102 3526 0 103
120 102 3526 0 104
120 104 3446 0 105
120 104 3446 0 106
120 105 3431 0 107
120 105 3431 0 108
120 105 3431 0 109
120 107 3340 0 110
120 107 3340 0 111
120 107 3387 0 112
120 107 3387 0 113
120 107 3387 0 114
120 109 3289 0 115
120 109 3289 0 116
120 109 3329 0 117
120 109 3329 0 118
120 109 3329 0 119
120 110 3296 0 120
120 110 3296 0 121
120 111 3260 0 122
120 111 3260 0 123
120 111 3260 0 124
120 113 3147 0 125
120 113 3147 0 126
120 115 3027 0 127
120 115 3027 0 128
120 115 3027 0 129
120 116 2972 0 130
120 116 2972 0 131
120 117 2914 0 132
120 117 2914 0 133
120 117 2914 0 134
120 118 2852 0 135
120 118 2852 0 136
120 119 2786 0 137
120 119 2786 0 138
120 119 2786 0 139
120 119 2790 0 140
120 119 2790 0 141
120 120 2721 0 142
120 120 2721 0 143
120 120 2721 0 144
120 119 2794 0 145
120 119 2794 0 146
120 120 2724 0 147
120 120 2724 0 148
120 120 2724 0 149
120 120 2724 0 150
120 120 2724 0 151
120 121 2652 0 152
120 121 2652 0 153
120 121 2652 0 154
120 121 2648 0 155
120 121 2648 0 156
120 121 2644 0 157
120 121 2644 0 158
120 121 2644 0 159
120 121 2641 0 160
120 121 2641 0 161
120 121 2637 0 162
120 121 2637 0 163
120 121 2637 0 164
120 121 2633 0 165
120 121 2633 0 166
120 121 2630 0 167
120 121 2630 0 168
120 121 2630 0 169
120 121 2626 0 170
120 121 2626 0 171
120 121 2622 0 172
120 121 2622 0 173
120 121 2622 0 174
120 121 2619 0 175
120 121 2619 0 176
120 121 2615 0 177
120 121 2615 0 178
120 121 2615 0 179
120 121 2611 0 180
120 121 2611 0 181
120 121 2608 0 182
120 121 2608 0 183
120 121 2608 0 184
120 121 2604 0 185
120 121 2604 0 186
120 121 2601 0 187
120 121 2601 0 188
120 121 2601 0 189
120 120 2670 0 190
120 120 2670 0 191
120 121 2597 0 192
120 121 2597 0 193
120 121 2597 0 194
120 120 2666 0 195
120 120 2666 0 196
120 121 2593 0 197
120 121 2593 0 198
120 121 2593 0 199
120 120 2662 0 200
120 120 2662 0 201
120 120 2662 0 202
120 120 2662 0 203
120 120 2662 0 204
120 120 2662 0 205
120 120 2662 0 206
120 120 2662 0 207
120 120 2662 0 208
120 120 2662 0 209
120 120 2662 0 210
120 120 2662 0 211
120 119 2735 0 212
120 119 2735 0 213
120 119 2735 0 214
120 120 2666 0 215
120 120 2666 0 216
120 119 2739 0 217
120 119 2739 0 218
120 119 2739 0 219
120 120 2670 0 220
120 120 2670 0 221
120 119 2743 0 222
120 119 2743 0 223
120 119 2743 0 224
120 120 2673 0 225
120 120 2673 0 226
120 119 2746 0 227
120 119 2746 0 228
120 119 2746 0 229
120 119 2750 0 230
120 119 2750 0 231
120 119 2754 0 232
120 119 2754 0 233
120 119 2754 0 234
120 119 2757 0 235
120 119 2757 0 236
120 119 2761 0 237
120 119 2761 0 238
120 119 2761 0 239
120 118 2837 0 240
120 118 2837 0 241
120 119 2772 0 242
120 119 2772 0 243
120 119 2772 0 244
120 119 2775 0 245
120 119 2775 0 246
120 119 2779 0 247
120 119 2779 0 248
120 119 2779 0 249
120 119 2783 0 250
120 119 2783 0 251
120 119 2786 0 252
120 119 2786 0 253
120 119 2786 0 254
120 119 2790 0 255
120 119 2790 0 256
120 119 2794 0 257
120 119 2794 0 258
120 119 2794 0 259
120 119 2797 0 260
120 119 2797 0 261
120 119 2801 0 262
120 119 2801 0 263
120 119 2801 0 264
120 119 2804 0 265
120 119 2804 0 266
120 118 2881 0 267
120 118 2881 0 268
120 118 2881 0 269
120 119 2815 0 270
120 119 2815 0 271
120 118 2892 0 272
120 118 2892 0 273
120 118 2892 0 274
120 119 2826 0 275
120 119 2826 0 276
120 118 2903 0 277
120 118 2903 0 278
120 118 2903 0 279
120 119 2837 0 280
120 119 2837 0 281
120 118 2914 0 282
120 118 2914 0 283
120 118 2914 0 284
120 119 2848 0 285
120 119 2848 0 286
120 119 2852 0 287
120 119 2852 0 288
120 119 2852 0 289
120 119 2855 0 290
120 119 2855 0 291
120 119 2859 0 292
120 119 2859 0 293
120 119 2859 0 294
120 119 2863 0 295
120 119 2863 0 296
120 119 2866 0 297
120 119 2866 0 298
120 119 2866 0 299
120 118 2943 0 300
120 118 2943 0 301
120 119 2877 0 302
120 119 2877 0 303
120 119 2877 0 304
120 118 2954 0 305
120 118 2954 0 306
120 119 2888 0 307
120 119 2888 0 308
120 119 2888 0 309
120 118 2965 0 310
120 118 2965 0 311
120 119 2899 0 312
120 119 2899 0 313
120 119 2899 0 314
120 118 2976 0 315
120 118 2976 0 316
120 119 2910 0 317
120 119 2910 0 318
120 119 2910 0 319
120 118 2987 0 320
120 118 2987 0 321
120 119 2921 0 322
120 119 2921 0 323
120 119 2921 0 324
120 118 2998 0 325
120 118 2998 0 326
120 118 3005 0 327
120 118 3005 0 328
120 118 3005 0 329
120 118 3012 0 330
120 118 3012 0 331
120 119 2947 0 332
120 119 2947 0 333
120 119 2947 0 334
120 119 2950 0 335
120 119 2950 0 336
120 118 3027 0 337
120 118 3027 0 338
120 118 3027 0 339
120 119 2961 0 340
120 119 2961 0 341
120 118 3038 0 342
120 118 3038 0 343
120 118 3038 0 344
120 119 2972 0 345
120 119 2972 0 346
120 118 3049 0 347
120 118 3049 0 348
120 118 3049 0 349
120 119 2983 0 350
120 119 2983 0 351
120 118 3059 0 352
120 118 3059 0 353
120 118 3059 0 354
120 119 2994 0 355
120 119 2994 0 356
120 118 3070 0 357
120 118 3070 0 358
120 118 3070 0 359
120 119 3005 0 360
120 119 3005 0 361
120 118 3081 0 362
120 118 3081 0 363
120 118 3081 0 364
120 119 3016 0 365
120 119 3016 0 366
120 118 3092 0 367
120 118 3092 0 368
120 118 3092 0 369
120 119 3027 0 370
120 119 3027 0 371
120 118 3103 0 372
120 118 3103 0 373
120 118 3103 0 374
120 119 3038 0 375
120 119 3038 0 376
120 118 3114 0 377
120 118 3114 0 378
120 118 3114 0 379
120 119 3049 0 380
120 119 3049 0 381
120 118 3125 0 382
120 118 3125 0 383
120 118 3125 0 384
120 119 3059 0 385
120 119 3059 0 386
120 119 3063 0 387
120 119 3063 0 388
120 119 3063 0 389
120 119 3067 0 390
120 119 3067 0 391
120 119 3070 0 392
120 119 3070 0 393
120 119 3070 0 394
120 119 3074 0 395
120 119 3074 0 396
120 119 3078 0 397
120 119 3078 0 398
120 119 3078 0 399
120 119 3081 0 400
120 119 3081 0 401
120 120 3012 0 402
120 120 3012 0 403
120 120 3012 0 404
120 120 3012 0 405
120 120 3012 0 406
120 120 3012 0 407
120 120 3012 0 408
120 120 3012 0 409
120 119 3085 0 410
120 119 3085 0 411
120 120 3016 0 412
120 120 3016 0 413
120 120 3016 0 414
120 119 3089 0 415
120 119 3089 0 416
120 120 3019 0 417
120 120 3019 0 418
120 120 3019 0 419
120 119 3092 0 420
120 119 3092 0 421
120 120 3023 0 422
120 120 3023 0 423
120 120 3023 0 424
120 119 3096 0 425
120 119 3096 0 426
120 119 3100 0 427
120 119 3100 0 428
120 119 3100 0 429
120 119 3103 0 430
120 119 3103 0 431
120 119 3107 0 432
120 119 3107 0 433
120 119 3107 0 434
120 119 3110 0 435
120 119 3110 0 436
120 119 3114 0 437
120 119 3114 0 438
120 119 3114 0 439
120 119 3118 0 440
120 119 3118 0 441
120 119 3121 0 442
120 119 3121 0 443
120 119 3121 0 444
120 119 3125 0 445
120 119 3125 0 446
120 120 3056 0 447
120 120 3056 0 448
120 120 3056 0 449
120 119 3129 0 450
120 119 3129 0 451
120 120 3059 0 452
120 120 3059 0 453
120 120 3059 0 454
120 119 3132 0 455
120 119 3132 0 456
120 119 3136 0 457
120 119 3136 0 458
120 119 3136 0 459
120 119 3140 0 460
120 119 3140 0 461
120 119 3143 0 462
120 119 3143 0 463
120 119 3143 0 464
120 119 3147 0 465
120 119 3147 0 466
120 119 3151 0 467
120 119 3151 0 468
120 119 3151 0 469
120 119 3154 0 470
120 119 3154 0 471
120 119 3158 0 472
120 119 3158 0 473
120 119 3158 0 474
120 119 3161 0 475
120 119 3161 0 476
120 119 3165 0 477
120 119 3165 0 478
120 119 3165 0 479
120 119 3169 0 480
120 119 3169 0 481
120 119 3172 0 482
120 119 3172 0 483
120 119 3172 0 484
120 119 3176 0 485
120 119 3176 0 486
120 119 3180 0 487
120 119 3180 0 488
120 119 3180 0 489
120 119 3183 0 490
120 119 3183 0 491
120 119 3187 0 492
120 119 3187 0 493
120 119 3187 0 494
120 119 3191 0 495
120 119 3191 0 496
120 119 3194 0 497
120 119 3194 0 498
120 119 3194 0 499
120 119 3198 0 500
120 119 3198 0 501
120 118 3274 0 502
120 118 3274 0 503
120 118 3274 0 504
120 118 3282 0 505
120 118 3282 0 506
120 116 3435 0 507
120 116 3435 0 508
120 116 3435 0 509
120 117 3376 0 510
120 117 3376 0 511
120 116 3460 0 512
120 116 3460 0 513
120 116 3460 0 514
120 116 3475 0 515
120 116 3475 0 516
120 115 3562 0 517
120 115 3562 0 518
120 115 3562 0 519
120 116 3508 0 520
120 116 3508 0 521
120 115 3595 0 522
120 115 3595 0 523
120 115 3595 0 524
120 115 3613 0 525
120 115 3613 0 526
120 114 3704 0 527
120 114 3704 0 528
120 114 3704 0 529
120 114 3726 0 530
120 114 3726 0 531
120 114 3748 0 532
120 114 3748 0 533
120 114 3748 0 534
120 112 3916 0 535
120 112 3916 0 536
120 112 3945 0 537
120 112 3945 0 538
120 112 3945 0 539
120 111 4047 0 540
120 111 4047 0 541
120 112 4007 0 542
120 112 4007 0 543
120 112 4007 0 544
120 111 4109 0 545
120 111 4109 0 546
120 111 4141 0 547
120 111 4141 0 548
120 111 4141 0 549
120 111 4174 0 550
120 111 4174 0 551
120 111 4207 0 552
120 111 4207 0 553
120 111 4207 0 554
120 112 4167 0 555
120 112 4167 0 556
120 111 4269 0 557
120 111 4269 0 558
120 111 4269 0 559
120 112 4229 0 560
120 112 4229 0 561
120 111 4331 0 562
120 111 4331 0 563
120 111 4331 0 564
120 112 4291 0 565
120 112 4291 0 566
120 111 4393 0 567
120 111 4393 0 568
120 111 4393 0 569
120 111 4426 0 570
120 111 4426 0 571
120 111 4458 0 572
120 111 4458 0 573
120 111 4458 0 574
120 111 4491 0 575
120 111 4491 0 576
120 110 4597 0 577
120 110 4597 0 578
120 110 4597 0 579
120 111 4560 0 580
120 111 4560 0 581
120 111 4593 0 582
120 111 4593 0 583
120 111 4593 0 584
120 111 4626 0 585
120 111 4626 0 586
120 111 4659 0 587
120 111 4659 0 588
120 111 4659 0 589
120 111 4691 0 590
120 111 4691 0 591
120 112 4651 0 592
120 112 4651 0 593
120 112 4651 0 594
120 112 4681 0 595
120 112 4681 0 596
120 112 4710 0 597
120 112 4710 0 598
120 112 4710 0 599
120 111 4812 0 600
120 111 4812 0 601
120 112 4772 0 602
120 112 4772 0 603
120 112 4772 0 604
120 111 4874 0 605
120 111 4874 0 606
120 112 4834 0 607
120 112 4834 0 608
120 112 4834 0 609
120 112 4863 0 610
120 112 4863 0 611
120 112 4892 0 612
120 112 4892 0 613
120 112 4892 0 614
120 112 4921 0 615
120 112 4921 0 616
120 113 4877 0 617
120 113 4877 0 618
120 113 4877 0 619
120 113 4903 0 620
120 113 4903 0 621
120 113 4928 0 622
120 113 4928 0 623
120 113 4928 0 624
120 113 4954 0 625
120 113 4954 0 626
120 113 4979 0 627
120 113 4979 0 628
120 113 4979 0 629
120 113 5005 0 630
120 113 5005 0 631
120 114 4957 0 632
120 114 4957 0 633
120 114 4957 0 634
120 114 4979 0 635
120 114 4979 0 636
120 115 4928 0 637
120 115 4928 0 638
120 115 4928 0 639
120 114 5019 0 640
120 114 5019 0 641
120 115 4968 0 642
120 115 4968 0 643
120 115 4968 0 644
120 115 4987 0 645
120 115 4987 0 646
120 116 4932 0 647
120 116 4932 0 648
120 116 4932 0 649
120 115 5019 0 650
120 115 5019 0 651
120 116 4965 0 652
120 116 4965 0 653
120 116 4965 0 654
120 116 4979 0 655
120 116 4979 0 656
120 117 4921 0 657
120 117 4921 0 658
120 117 4921 0 659
120 117 4932 0 660
120 117 4932 0 661
120 118 4870 0 662
120 118 4870 0 663
120 118 4870 0 664
120 117 4950 0 665
120 117 4950 0 666
120 118 4888 0 667
120 118 4888 0 668
120 118 4888 0 669
120 118 4895 0 670
120 118 4895 0 671
120 119 4830 0 672
120 119 4830 0 673
120 119 4830 0 674
120 118 4906 0 675
120 118 4906 0 676
120 119 4841 0 677
120 119 4841 0 678
120 119 4841 0 679
120 118 4917 0 680
120 118 4917 0 681
120 119 4852 0 682
120 119 4852 0 683
120 119 4852 0 684
120 118 4928 0 685
120 118 4928 0 686
120 119 4863 0 687
120 119 4863 0 688
120 119 4863 0 689
120 119 4866 0 690
120 119 4866 0 691
120 119 4870 0 692
120 119 4870 0 693
120 119 4870 0 694
120 119 4874 0 695
120 119 4874 0 696
120 119 4877 0 697
120 119 4877 0 698
120 119 4877 0 699
120 119 4881 0 700
120 119 4881 0 701
120 119 4885 0 702
120 119 4885 0 703
120 119 4885 0 704
120 119 4888 0 705
120 119 4888 0 706
120 119 4892 0 707
120 119 4892 0 708
120 119 4892 0 709
120 119 4895 0 710
120 119 4895 0 711
120 120 4826 0 712
120 120 4826 0 713
120 120 4826 0 714
120 119 4899 0 715
120 119 4899 0 716
120 119 4903 0 717
120 119 4903 0 718
120 119 4903 0 719
120 119 4906 0 720
120 119 4906 0 721
120 119 4910 0 722
120 119 4910 0 723
120 119 4910 0 724
120 119 4914 0 725
120 119 4914 0 726
120 119 4917 0 727
120 119 4917 0 728
120 119 4917 0 729
120 119 4921 0 730
120 119 4921 0 731
120 120 4852 0 732
120 120 4852 0 733
120 120 4852 0 734
120 119 4925 0 735
120 119 4925 0 736
120 120 4855 0 737
120 120 4855 0 738
120 120 4855 0 739
120 120 4855 0 740
120 120 4855 0 741
120 121 4783 0 742
120 121 4783 0 743
120 121 4783 0 744
120 120 4852 0 745
120 120 4852 0 746
120 121 4779 0 747
120 121 4779 0 748
120 121 4779 0 749
120 120 4848 0 750
120 120 4848 0 751
120 121 4775 0 752
120 121 4775 0 753
120 121 4775 0 754
120 120 4844 0 755
120 120 4844 0 756
120 121 4772 0 757
120 121 4772 0 758
120 121 4772 0 759
120 120 4841 0 760
120 120 4841 0 761
120 121 4768 0 762
120 121 4768 0 763
120 121 4768 0 764
120 121 4764 0 765
120 121 4764 0 766
120 121 4761 0 767
120 121 4761 0 768
120 121 4761 0 769
120 121 4757 0 770
120 121 4757 0 771
120 121 4753 0 772
120 121 4753 0 773
120 121 4753 0 774
120 121 4750 0 775
120 121 4750 0 776
120 121 4746 0 777
120 121 4746 0 778
120 121 4746 0 779
120 121 4742 0 780
120 121 4742 0 781
120 121 4739 0 782
120 121 4739 0 783
120 121 4739 0 784
120 120 4808 0 785
120 120 4808 0 786
120 121 4735 0 787
120 121 4735 0 788
120 121 4735 0 789
120 120 4804 0 790
120 120 4804 0 791
120 120 4804 0 792
120 120 4804 0 793
120 120 4804 0 794
120 120 4804 0 795
120 120 4804 0 796
120 120 4804 0 797
120 120 4804 0 798
120 120 4804 0 799
120 120 4804 0 800
120 120 4804 0 801
120 120 4804 0 802
120 120 4804 0 803
120 120 4804 0 804
120 119 4877 0 805
120 119 4877 0 806
120 120 4808 0 807
120 120 4808 0 808
120 120 4808 0 809
120 119 4881 0 810
120 119 4881 0 811
120 120 4812 0 812
120 120 4812 0 813
120 120 4812 0 814
120 120 4812 0 815
120 120 4812 0 816
120 120 4812 0 817
120 120 4812 0 818
120 120 4812 0 819
120 120 4812 0 820
120 120 4812 0 821
120 121 4739 0 822
120 121 4739 0 823
120 121 4739 0 824
120 120 4808 0 825
120 120 4808 0 826
120 121 4735 0 827
120 121 4735 0 828
120 121 4735 0 829
120 120 4804 0 830
120 120 4804 0 831
120 121 4732 0 832
120 121 4732 0 833
120 121 4732 0 834
120 120 4801 0 835
120 120 4801 0 836
120 121 4728 0 837
120 121 4728 0 838
120 121 4728 0 839
120 121 4724 0 840
120 121 4724 0 841
120 121 4721 0 842
120 121 4721 0 843
120 121 4721 0 844
120 120 4790 0 845
120 120 4790 0 846
120 121 4717 0 847
120 121 4717 0 848
120 121 4717 0 849
120 120 4786 0 850
120 120 4786 0 851
120 121 4713 0 852
120 121 4713 0 853
120 121 4713 0 854
120 120 4783 0 855
120 120 4783 0 856
120 120 4783 0 857
120 120 4783 0 858
120 120 4783 0 859
120 119 4855 0 860
120 119 4855 0 861
120 120 4786 0 862
120 120 4786 0 863
120 120 4786 0 864
120 119 4859 0 865
120 119 4859 0 866
120 120 4790 0 867
120 120 4790 0 868
120 120 4790 0 869
120 119 4863 0 870
120 119 4863 0 871
120 119 4866 0 872
120 119 4866 0 873
120 119 4866 0 874
120 119 4870 0 875
120 119 4870 0 876
120 119 4874 0 877
120 119 4874 0 878
120 119 4874 0 879
120 119 4877 0 880
120 119 4877 0 881
120 119 4881 0 882
120 119 4881 0 883
120 119 4881 0 884
120 119 4885 0 885
120 119 4885 0 886
120 120 4815 0 887
120 120 4815 0 888
120 120 4815 0 889
120 120 4815 0 890
120 120 4815 0 891
120 120 4815 0 892
120 120 4815 0 893
120 120 4815 0 894
120 120 4815 0 895
120 120 4815 0 896
120 121 4742 0 897
120 121 4742 0 898
120 121 4742 0 899
120 121 4739 0 900
120 121 4739 0 901
120 121 4735 0 902
120 121 4735 0 903
120 121 4735 0 904
120 121 4732 0 905
120 121 4732 0 906
120 121 4728 0 907
120 121 4728 0 908
120 121 4728 0 909
120 121 4724 0 910
120 121 4724 0 911
120 121 4721 0 912
120 121 4721 0 913
120 121 4721 0 914
120 120 4790 0 915
120 120 4790 0 916
120 121 4717 0 917
120 121 4717 0 918
120 121 4717 0 919
120 120 4786 0 920
120 120 4786 0 921
120 120 4786 0 922
120 120 4786 0 923
120 120 4786 0 924
120 120 4786 0 925
120 120 4786 0 926
120 120 4786 0 927
120 120 4786 0 928
120 120 4786 0 929
120 119 4859 0 930
120 119 4859 0 931
120 120 4790 0 932
120 120 4790 0 933
120 120 4790 0 934
120 119 4863 0 935
120 119 4863 0 936
120 120 4793 0 937
120 120 4793 0 938
120 120 4793 0 939
120 119 4866 0 940
120 119 4866 0 941
120 119 4870 0 942
120 119 4870 0 943
120 119 4870 0 944
120 119 4874 0 945
120 119 4874 0 946
120 119 4877 0 947
120 119 4877 0 948
120 119 4877 0 949
120 119 4881 0 950
120 119 4881 0 951
120 120 4812 0 952
120 120 4812 0 953
120 120 4812 0 954
120 119 4885 0 955
120 119 4885 0 956
120 120 4815 0 957
120 120 4815 0 958
120 120 4815 0 959
120 119 4888 0 960
120 119 4888 0 961
120 120 4819 0 962
120 120 4819 0 963
120 120 4819 0 964
120 120 4819 0 965
120 120 4819 0 966
120 121 4746 0 967
120 121 4746 0 968
120 121 4746 0 969
120 120 4815 0 970
120 120 4815 0 971
120 121 4742 0 972
120 121 4742 0 973
120 121 4742 0 974
120 120 4812 0 975
120 120 4812 0 976
120 121 4739 0 977
120 121 4739 0 978
120 121 4739 0 979
120 120 4808 0 980
120 120 4808 0 981
120 121 4735 0 982
120 121 4735 0 983
120 121 4735 0 984
120 120 4804 0 985
120 120 4804 0 986
120 120 4804 0 987
120 120 4804 0 988
120 120 4804 0 989
120 120 4804 0 990
120 120 4804 0 991
120 120 4804 0 992
120 120 4804 0 993
120 120 4804 0 994
120 120 4804 0 995
120 120 4804 0 996
120 120 4804 0 997
120 120 4804 0 998
120 120 4804 0 999
120 119 4877 0 1000
120 119 4877 0 1001
120 120 4808 0 1002
120 120 4808 0 1003
120 120 4808 0 1004
120 119 4881 0 1005
120 119 4881 0 1006
120 120 4812 0 1007
120 120 4812 0 1008
120 120 4812 0 1009
120 119 4885 0 1010
120 119 4885 0 1011
120 120 4815 0 1012
120 120 4815 0 1013
120 120 4815 0 1014
120 119 4888 0 1015
120 119 4888 0 1016
120 119 4892 0 1017
120 119 4892 0 1018
120 119 4892 0 1019
120 119 4895 0 1020
120 119 4895 0 1021
120 120 4826 0 1022
120 120 4826 0 1023
120 120 4826 0 1024
120 119 4899 0 1025
120 119 4899 0 1026
120 120 4830 0 1027
120 120 4830 0 1028
120 120 4830 0 1029
120 119 4903 0 1030
120 119 4903 0 1031
120 120 4834 0 1032
120 120 4834 0 1033
120 120 4834 0 1034
120 119 4906 0 1035
120 119 4906 0 1036
120 120 4837 0 1037
120 120 4837 0 1038
120 120 4837 0 1039
120 120 4837 0 1040
120 120 4837 0 1041
120 120 4837 0 1042
120 120 4837 0 1043
120 120 4837 0 1044
120 120 4837 0 1045
120 120 4837 0 1046
120 121 4764 0 1047
120 121 4764 0 1048
120 121 4764 0 1049
120 120 4834 0 1050
120 120 4834 0 1051
120 121 4761 0 1052
120 121 4761 0 1053
120 121 4761 0 1054
120 120 4830 0 1055
120 120 4830 0 1056
120 120 4830 0 1057
120 120 4830 0 1058
120 120 4830 0 1059
120 120 4830 0 1060
120 120 4830 0 1061
120 120 4830 0 1062
120 120 4830 0 1063
120 120 4830 0 1064
120 120 4830 0 1065
120 120 4830 0 1066
120 120 4830 0 1067
120 120 4830 0 1068
120 120 4830 0 1069
120 120 4830 0 1070
120 120 4830 0 1071
120 120 4830 0 1072
120 120 4830 0 1073
120 120 4830 0 1074
120 119 4903 0 1075
120 119 4903 0 1076
120 120 4834 0 1077
120 120 4834 0 1078
120 120 4834 0 1079
120 119 4906 0 1080
120 119 4906 0 1081
120 120 4837 0 1082
120 120 4837 0 1083
120 120 4837 0 1084
120 119 4910 0 1085
120 119 4910 0 1086
120 120 4841 0 1087
120 120 4841 0 1088
120 120 4841 0 1089
120 119 4914 0 1090
120 119 4914 0 1091
120 120 4844 0 1092
120 120 4844 0 1093
120 120 4844 0 1094
120 119 4917 0 1095
120 119 4917 0 1096
120 120 4848 0 1097
120 120 4848 0 1098
120 120 4848 0 1099
120 119 4921 0 1100
120 119 4921 0 1101
120 120 4852 0 1102
120 120 4852 0 1103
120 120 4852 0 1104
120 119 4925 0 1105
120 119 4925 0 1106
120 120 4855 0 1107
120 120 4855 0 1108
120 120 4855 0 1109
120 119 4928 0 1110
120 119 4928 0 1111
120 119 4932 0 1112
120 119 4932 0 1113
120 119 4932 0 1114
120 119 4936 0 1115
120 119 4936 0 1116
120 119 4939 0 1117
120 119 4939 0 1118
120 119 4939 0 1119
120 119 4943 0 1120
120 119 4943 0 1121
120 119 4947 0 1122
120 119 4947 0 1123
120 119 4947 0 1124
120 119 4950 0 1125
120 119 4950 0 1126
120 120 4881 0 1127
120 120 4881 0 1128
120 120 4881 0 1129
120 120 4881 0 1130
120 120 4881 0 1131
120 120 4881 0 1132
120 120 4881 0 1133
120 120 4881 0 1134
120 120 4881 0 1135
120 120 4881 0 1136
120 120 4881 0 1137
120 120 4881 0 1138
120 120 4881 0 1139
120 120 4881 0 1140
120 120 4881 0 1141
120 120 4881 0 1142
120 120 4881 0 1143
120 120 4881 0 1144
120 120 4881 0 1145
120 120 4881 0 1146
120 120 4881 0 1147
120 120 4881 0 1148
120 120 4881 0 1149
120 119 4954 0 1150
120 119 4954 0 1151
120 120 4885 0 1152
120 120 4885 0 1153
120 120 4885 0 1154
120 119 4957 0 1155
120 119 4957 0 1156
120 120 4888 0 1157
120 120 4888 0 1158
120 120 4888 0 1159
120 119 4961 0 1160
120 119 4961 0 1161
120 120 4892 0 1162
120 120 4892 0 1163
120 120 4892 0 1164
120 119 4965 0 1165
120 119 4965 0 1166
120 119 4968 0 1167
120 119 4968 0 1168
120 119 4968 0 1169
120 119 4972 0 1170
120 119 4972 0 1171
120 119 4976 0 1172
120 119 4976 0 1173
120 119 4976 0 1174
120 119 4979 0 1175
120 119 4979 0 1176
120 120 4910 0 1177
120 120 4910 0 1178
120 120 4910 0 1179
120 119 4983 0 1180
120 119 4983 0 1181
120 120 4914 0 1182
120 120 4914 0 1183
120 120 4914 0 1184
120 120 4914 0 1185
120 120 4914 0 1186
120 120 4914 0 1187
120 120 4914 0 1188
120 120 4914 0 1189
120 120 4914 0 1190
120 120 4914 0 1191
120 120 4914 0 1192
120 120 4914 0 1193
120 120 4914 0 1194
120 120 4914 0 1195
120 120 4914 0 1196
120 120 4914 0 1197
120 120 4914 0 1198
120 120 4914 0 1199
120 120 4914 0 1200
120 120 4914 0 1201
120 120 4914 0 1202
120 120 4914 0 1203
120 120 4914 0 1204
120 120 4914 0 1205
120 120 4914 0 1206
120 120 4914 0 1207
120 120 4914 0 1208
120 120 4914 0 1209
120 119 4987 0 1210
120 119 4987 0 1211
120 120 4917 0 1212
120 120 4917 0 1213
120 120 4917 0 1214
120 120 4917 0 1215
120 120 4917 0 1216
120 120 4917 0 1217
120 120 4917 0 1218
120 120 4917 0 1219
120 120 4917 0 1220
120 120 4917 0 1221
120 120 4917 0 1222
120 120 4917 0 1223
120 120 4917 0 1224
120 119 4990 0 1225
120 119 4990 0 1226
120 120 4921 0 1227
120 120 4921 0 1228
120 120 4921 0 1229
120 119 4994 0 1230
120 119 4994 0 1231
120 119 4998 0 1232
120 119 4998 0 1233
120 119 4998 0 1234
120 119 5001 0 1235
120 119 5001 0 1236
120 119 5005 0 1237
120 119 5005 0 1238
120 119 5005 0 1239
120 119 5008 0 1240
120 119 5008 0 1241
120 119 5012 0 1242
120 119 5012 0 1243
120 119 5012 0 1244
120 119 5016 0 1245
120 119 5016 0 1246
120 119 5019 0 1247
120 119 5019 0 1248
120 119 5019 0 1249
120 119 5023 0 1250
120 119 5023 0 1251
120 120 4954 0 1252
120 120 4954 0 1253
120 120 4954 0 1254
120 119 5027 0 1255
120 119 5027 0 1256
120 120 4957 0 1257
120 120 4957 0 1258
120 120 4957 0 1259
120 120 4957 0 1260
120 120 4957 0 1261
120 120 4957 0 1262
120 120 4957 0 1263
120 120 4957 0 1264
120 120 4957 0 1265
120 120 4957 0 1266
120 120 4957 0 1267
120 120 4957 0 1268
120 120 4957 0 1269
120 120 4957 0 1270
120 120 4957 0 1271
120 120 4957 0 1272
120 120 4957 0 1273
120 120 4957 0 1274
120 119 5030 0 1275
120 119 5030 0 1276
120 120 4961 0 1277
120 120 4961 0 1278
120 120 4961 0 1279
120 119 5034 0 1280
120 119 5034 0 1281
120 120 4965 0 1282
120 120 4965 0 1283
120 120 4965 0 1284
120 119 5038 0 1285
120 119 5038 0 1286
120 120 4968 0 1287
120 120 4968 0 1288
120 120 4968 0 1289
120 119 5041 0 1290
120 119 5041 0 1291
120 120 4972 0 1292
120 120 4972 0 1293
120 120 4972 0 1294
120 119 5045 0 1295
120 119 5045 0 1296
120 120 4976 0 1297
120 120 4976 0 1298
120 120 4976 0 1299
120 119 5049 0 1300
120 119 5049 0 1301
120 120 4979 0 1302
120 120 4979 0 1303
120 120 4979 0 1304
120 120 4979 0 1305
120 120 4979 0 1306
120 120 4979 0 1307
120 120 4979 0 1308
120 120 4979 0 1309
120 119 5052 0 1310
120 119 5052 0 1311
120 120 4983 0 1312
120 120 4983 0 1313
120 120 4983 0 1314
120 119 5056 0 1315
120 119 5056 0 1316
120 120 4987 0 1317
120 120 4987 0 1318
120 120 4987 0 1319
120 119 5059 0 1320
120 119 5059 0 1321
120 120 4990 0 1322
120 120 4990 0 1323
120 120 4990 0 1324
120 119 5063 0 1325
120 119 5063 0 1326
120 120 4994 0 1327
120 120 4994 0 1328
120 120 4994 0 1329
120 119 5067 0 1330
120 119 5067 0 1331
120 120 4998 0 1332
120 120 4998 0 1333
120 120 4998 0 1334
120 119 5070 0 1335
120 119 5070 0 1336
120 120 5001 0 1337
120 120 5001 0 1338
120 120 5001 0 1339
120 119 5074 0 1340
120 119 5074 0 1341
120 120 5005 0 1342
120 120 5005 0 1343
120 120 5005 0 1344
120 119 5078 0 1345
120 119 5078 0 1346
120 120 5008 0 1347
120 120 5008 0 1348
120 120 5008 0 1349
120 119 5081 0 1350
120 119 5081 0 1351
120 120 5012 0 1352
120 120 5012 0 1353
120 120 5012 0 1354
120 119 5085 0 1355
120 119 5085 0 1356
120 120 5016 0 1357
120 120 5016 0 1358
120 120 5016 0 1359
120 119 5089 0 1360
120 119 5089 0 1361
120 120 5019 0 1362
120 120 5019 0 1363
120 120 5019 0 1364
120 119 5092 0 1365
120 119 5092 0 1366
120 120 5023 0 1367
120 120 5023 0 1368
120 120 5023 0 1369
120 119 5096 0 1370
120 119 5096 0 1371
120 120 5027 0 1372
120 120 5027 0 1373
120 120 5027 0 1374
120 119 5100 0 1375
120 119 5100 0 1376
120 120 5030 0 1377
120 120 5030 0 1378
120 120 5030 0 1379
120 119 5103 0 1380
120 119 5103 0 1381
120 120 5034 0 1382
120 120 5034 0 1383
120 120 5034 0 1384
120 119 5107 0 1385
120 119 5107 0 1386
120 120 5038 0 1387
120 120 5038 0 1388
120 120 5038 0 1389
120 119 5110 0 1390
120 119 5110 0 1391
120 120 5041 0 1392
120 120 5041 0 1393
120 120 5041 0 1394
120 119 5114 0 1395
120 119 5114 0 1396
120 120 5045 0 1397
120 120 5045 0 1398
120 120 5045 0 1399
120 119 5118 0 1400
120 119 5118 0 1401
120 120 5049 0 1402
120 120 5049 0 1403
120 120 5049 0 1404
120 119 5121 0 1405
120 119 5121 0 1406
120 120 5052 0 1407
120 120 5052 0 1408
120 120 5052 0 1409
120 119 5125 0 1410
120 119 5125 0 1411
120 120 5056 0 1412
120 120 5056 0 1413
120 120 5056 0 1414
120 119 5129 0 1415
120 119 5129 0 1416
120 120 5059 0 1417
120 120 5059 0 1418
120 120 5059 0 1419
120 119 5132 0 1420
120 119 5132 0 1421
120 120 5063 0 1422
120 120 5063 0 1423
120 120 5063 0 1424
120 119 5136 0 1425
120 119 5136 0 1426
120 120 5067 0 1427
120 120 5067 0 1428
120 120 5067 0 1429
120 119 5140 0 1430
120 119 5140 0 1431
120 120 5070 0 1432
120 120 5070 0 1433
120 120 5070 0 1434
120 119 5143 0 1435
120 119 5143 0 1436
120 120 5074 0 1437
120 120 5074 0 1438
120 120 5074 0 1439
120 119 5147 0 1440
120 119 5147 0 1441
120 120 5078 0 1442
120 120 5078 0 1443
120 120 5078 0 1444
120 119 5151 0 1445
120 119 5151 0 1446
120 120 5081 0 1447
120 120 5081 0 1448
120 120 5081 0 1449
120 119 5154 0 1450
120 119 5154 0 1451
120 120 5085 0 1452
120 120 5085 0 1453
120 120 5085 0 1454
120 119 5158 0 1455
120 119 5158 0 1456
120 120 5089 0 1457
120 120 5089 0 1458
120 120 5089 0 1459
120 119 5161 0 1460
120 119 5161 0 1461
120 120 5092 0 1462
120 120 5092 0 1463
120 120 5092 0 1464
120 119 5165 0 1465
120 119 5165 0 1466
120 120 5096 0 1467
120 120 5096 0 1468
120 120 5096 0 1469
120 119 5169 0 1470
120 119 5169 0 1471
120 120 5100 0 1472
120 120 5100 0 1473
120 120 5100 0 1474
120 119 5172 0 1475
120 119 5172 0 1476
120 120 5103 0 1477
120 120 5103 0 1478
120 120 5103 0 1479
120 119 5176 0 1480
120 119 5176 0 1481
120 120 5107 0 1482
120 120 5107 0 1483
120 120 5107 0 1484
120 119 5180 0 1485
120 119 5180 0 1486
120 120 5110 0 1487
120 120 5110 0 1488
120 120 5110 0 1489
120 119 5183 0 1490
120 119 5183 0 1491
120 120 5114 0 1492
120 120 5114 0 1493
120 120 5114 0 1494
120 119 5187 0 1495
120 119 5187 0 1496
120 120 5118 0 1497
120 120 5118 0 1498
120 120 5118 0 1499
120 119 5191 0 1500
120 119 5191 0 1501
120 120 5121 0 1502
120 120 5121 0 1503
120 120 5121 0 1504
120 119 5194 0 1505
120 119 5194 0 1506
120 120 5125 0 1507
120 120 5125 0 1508
120 120 5125 0 1509
120 119 5198 0 1510
120 119 5198 0 1511
120 120 5129 0 1512
120 120 5129 0 1513
120 120 5129 0 1514
120 119 5202 0 1515
120 119 5202 0 1516
120 120 5132 0 1517
120 120 5132 0 1518
120 120 5132 0 1519
120 119 5205 0 1520
120 119 5205 0 1521
120 120 5136 0 1522
120 120 5136 0 1523
120 120 5136 0 1524
120 119 5209 0 1525
120 119 5209 0 1526
120 120 5140 0 1527
120 120 5140 0 1528
120 120 5140 0 1529
120 119 5212 0 1530
120 119 5212 0 1531
120 120 5143 0 1532
120 120 5143 0 1533
120 120 5143 0 1534
120 119 5216 0 1535
120 119 5216 0 1536
120 120 5147 0 1537
120 120 5147 0 1538
120 120 5147 0 1539
120 119 5220 0 1540
120 119 5220 0 1541
120 120 5151 0 1542
120 120 5151 0 1543
120 120 5151 0 1544
120 119 5223 0 1545
120 119 5223 0 1546
120 120 5154 0 1547
120 120 5154 0 1548
120 120 5154 0 1549
120 119 5227 0 1550
120 119 5227 0 1551
120 120 5158 0 1552
120 120 5158 0 1553
120 120 5158 0 1554
120 119 5231 0 1555
120 119 5231 0 1556
120 120 5161 0 1557
120 120 5161 0 1558
120 120 5161 0 1559
120 119 5234 0 1560
120 119 5234 0 1561
120 120 5165 0 1562
120 120 5165 0 1563
120 120 5165 0 1564
120 119 5238 0 1565
120 119 5238 0 1566
120 119 5242 0 1567
120 119 5242 0 1568
120 119 5242 0 1569
120 119 5245 0 1570
120 119 5245 0 1571
120 120 5176 0 1572
120 120 5176 0 1573
120 120 5176 0 1574
120 119 5249 0 1575
120 119 5249 0 1576
120 120 5180 0 1577
120 120 5180 0 1578
120 120 5180 0 1579
120 119 5253 0 1580
120 119 5253 0 1581
120 120 5183 0 1582
120 120 5183 0 1583
120 120 5183 0 1584
120 119 5256 0 1585
120 119 5256 0 1586
120 120 5187 0 1587
120 120 5187 0 1588
120 120 5187 0 1589
120 119 5260 0 1590
120 119 5260 0 1591
120 120 5191 0 1592
120 120 5191 0 1593
120 120 5191 0 1594
120 119 5263 0 1595
120 119 5263 0 1596
120 120 5194 0 1597
120 120 5194 0 1598
120 120 5194 0 1599
120 119 5267 0 1600
120 119 5267 0 1601
120 120 5198 0 1602
120 120 5198 0 1603
120 120 5198 0 1604
120 119 5271 0 1605
120 119 5271 0 1606
120 120 5202 0 1607
120 120 5202 0 1608
120 120 5202 0 1609
120 119 5274 0 1610
120 119 5274 0 1611
120 120 5205 0 1612
120 120 5205 0 1613
120 120 5205 0 1614
120 119 5278 0 1615
120 119 5278 0 1616
120 120 5209 0 1617
120 120 5209 0 1618
120 120 5209 0 1619
120 119 5282 0 1620
120 119 5282 0 1621
120 120 5212 0 1622
120 120 5212 0 1623
120 120 5212 0 1624
120 119 5285 0 1625
120 119 5285 0 1626
120 120 5216 0 1627
120 120 5216 0 1628
120 120 5216 0 1629
120 119 5289 0 1630
120 119 5289 0 1631
120 120 5220 0 1632
120 120 5220 0 1633
120 120 5220 0 1634
120 119 5293 0 1635
120 119 5293 0 1636
120 120 5223 0 1637
120 120 5223 0 1638
120 120 5223 0 1639
120 119 5296 0 1640
120 119 5296 0 1641
120 120 5227 0 1642
120 120 5227 0 1643
120 120 5227 0 1644
120 119 5300 0 1645
120 119 5300 0 1646
120 120 5231 0 1647
120 120 5231 0 1648
120 120 5231 0 1649
120 119 5304 0 1650
120 119 5304 0 1651
120 120 5234 0 1652
120 120 5234 0 1653
120 120 5234 0 1654
120 119 5307 0 1655
120 119 5307 0 1656
120 120 5238 0 1657
120 120 5238 0 1658
120 120 5238 0 1659
120 119 5311 0 1660
120 119 5311 0 1661
120 120 5242 0 1662
120 120 5242 0 1663
120 120 5242 0 1664
120 119 5314 0 1665
120 119 5314 0 1666
120 120 5245 0 1667
120 120 5245 0 1668
120 120 5245 0 1669
120 119 5318 0 1670
120 119 5318 0 1671
120 120 5249 0 1672
120 120 5249 0 1673
120 120 5249 0 1674
120 119 5322 0 1675
120 119 5322 0 1676
120 120 5253 0 1677
120 120 5253 0 1678
120 120 5253 0 1679
120 119 5325 0 1680
120 119 5325 0 1681
120 120 5256 0 1682
120 120 5256 0 1683
120 120 5256 0 1684
120 119 5329 0 1685
120 119 5329 0 1686
120 120 5260 0 1687
120 120 5260 0 1688
120 120 5260 0 1689
120 119 5333 0 1690
120 119 5333 0 1691
120 120 5263 0 1692
120 120 5263 0 1693
120 120 5263 0 1694
120 119 5336 0 1695
120 119 5336 0 1696
120 120 5267 0 1697
120 120 5267 0 1698
120 120 5267 0 1699
120 119 5340 0 1700
120 119 5340 0 1701
120 120 5271 0 1702
120 120 5271 0 1703
120 120 5271 0 1704
120 119 5344 0 1705
120 119 5344 0 1706
120 120 5274 0 1707
120 120 5274 0 1708
120 120 5274 0 1709
120 119 5347 0 1710
120 119 5347 0 1711
120 120 5278 0 1712
120 120 5278 0 1713
120 120 5278 0 1714
120 119 5351 0 1715
120 119 5351 0 1716
120 120 5282 0 1717
120 120 5282 0 1718
120 120 5282 0 1719
120 119 5355 0 1720
120 119 5355 0 1721
120 120 5285 0 1722
120 120 5285 0 1723
120 120 5285 0 1724
120 119 5358 0 1725
120 119 5358 0 1726
120 120 5289 0 1727
120 120 5289 0 1728
120 120 5289 0 1729
120 119 5362 0 1730
120 119 5362 0 1731
120 120 5293 0 1732
120 120 5293 0 1733
120 120 5293 0 1734
120 119 5365 0 1735
120 119 5365 0 1736
120 120 5296 0 1737
120 120 5296 0 1738
120 120 5296 0 1739
120 119 5369 0 1740
120 119 5369 0 1741
120 120 5300 0 1742
120 120 5300 0 1743
120 120 5300 0 1744
120 119 5373 0 1745
120 119 5373 0 1746
120 120 5304 0 1747
120 120 5304 0 1748
120 120 5304 0 1749
120 119 5376 0 1750
120 119 5376 0 1751
120 120 5307 0 1752
120 120 5307 0 1753
120 120 5307 0 1754
120 119 5380 0 1755
120 119 5380 0 1756
120 120 5311 0 1757
120 120 5311 0 1758
120 120 5311 0 1759
120 119 5384 0 1760
120 119 5384 0 1761
120 120 5314 0 1762
120 120 5314 0 1763
120 120 5314 0 1764
120 119 5387 0 1765
120 119 5387 0 1766
120 120 5318 0 1767
120 120 5318 0 1768
120 120 5318 0 1769
120 119 5391 0 1770
120 119 5391 0 1771
120 120 5322 0 1772
120 120 5322 0 1773
120 120 5322 0 1774
120 119 5395 0 1775
120 119 5395 0 1776
120 120 5325 0 1777
120 120 5325 0 1778
120 120 5325 0 1779
120 119 5398 0 1780
120 119 5398 0 1781
120 120 5329 0 1782
120 120 5329 0 1783
120 120 5329 0 1784
120 119 5402 0 1785
120 119 5402 0 1786
120 120 5333 0 1787
120 120 5333 0 1788
120 120 5333 0 1789
120 119 5406 0 1790
120 119 5406 0 1791
120 120 5336 0 1792
120 120 5336 0 1793
120 120 5336 0 1794
120 119 5409 0 1795
120 119 5409 0 1796
120 120 5340 0 1797
120 120 5340 0 1798
120 120 5340 0 1799
120 119 5413 0 1800
120 119 5413 0 1801
120 120 5344 0 1802
120 120 5344 0 1803
120 120 5344 0 1804
120 119 5416 0 1805
120 119 5416 0 1806
120 120 5347 0 1807
120 120 5347 0 1808
120 120 5347 0 1809
120 119 5420 0 1810
120 119 5420 0 1811
120 120 5351 0 1812
120 120 5351 0 1813
120 120 5351 0 1814
120 119 5424 0 1815
120 119 5424 0 1816
120 120 5355 0 1817
120 120 5355 0 1818
120 120 5355 0 1819
120 119 5427 0 1820
120 119 5427 0 1821
120 120 5358 0 1822
120 120 5358 0 1823
120 120 5358 0 1824
120 119 5431 0 1825
120 119 5431 0 1826
120 120 5362 0 1827
120 120 5362 0 1828
120 120 5362 0 1829
120 119 5435 0 1830
120 119 5435 0 1831
120 120 5365 0 1832
120 120 5365 0 1833
120 120 5365 0 1834
120 119 5438 0 1835
120 119 5438 0 1836
120 120 5369 0 1837
120 120 5369 0 1838
120 120 5369 0 1839
120 119 5442 0 1840
120 119 5442 0 1841
120 120 5373 0 1842
120 120 5373 0 1843
120 120 5373 0 1844
120 119 5446 0 1845
120 119 5446 0 1846
120 120 5376 0 1847
120 120 5376 0 1848
120 120 5376 0 1849
120 119 5449 0 1850
120 119 5449 0 1851
120 120 5380 0 1852
120 120 5380 0 1853
120 120 5380 0 1854
120 119 5453 0 1855
120 119 5453 0 1856
120 120 5384 0 1857
120 120 5384 0 1858
120 120 5384 0 1859
120 119 5457 0 1860
120 119 5457 0 1861
120 120 5387 0 1862
120 120 5387 0 1863
120 120 5387 0 1864
120 119 5460 0 1865
120 119 5460 0 1866
120 120 5391 0 1867
120 120 5391 0 1868
120 120 5391 0 1869
120 119 5464 0 1870
120 119 5464 0 1871
120 120 5395 0 1872
120 120 5395 0 1873
120 120 5395 0 1874
120 119 5467 0 1875
120 119 5467 0 1876
120 120 5398 0 1877
120 120 5398 0 1878
120 120 5398 0 1879
120 119 5471 0 1880
120 119 5471 0 1881
120 120 5402 0 1882
120 120 5402 0 1883
120 120 5402 0 1884
120 119 5475 0 1885
120 119 5475 0 1886
120 120 5406 0 1887
120 120 5406 0 1888
120 120 5406 0 1889
120 119 5478 0 1890
120 119 5478 0 1891
120 120 5409 0 1892
120 120 5409 0 1893
120 120 5409 0 1894
120 119 5482 0 1895
120 119 5482 0 1896
120 120 5413 0 1897
120 120 5413 0 1898
120 120 5413 0 1899
120 119 5486 0 1900
120 119 5486 0 1901
120 120 5416 0 1902
120 120 5416 0 1903
120 120 5416 0 1904
120 119 5489 0 1905
120 119 5489 0 1906
120 120 5420 0 1907
120 120 5420 0 1908
120 120 5420 0 1909
120 119 5493 0 1910
120 119 5493 0 1911
120 120 5424 0 1912
120 120 5424 0 1913
120 120 5424 0 1914
120 119 5497 0 1915
120 119 5497 0 1916
120 120 5427 0 1917
120 120 5427 0 1918
120 120 5427 0 1919
120 119 5500 0 1920
120 119 5500 0 1921
120 120 5431 0 1922
120 120 5431 0 1923
120 120 5431 0 1924
120 119 5504 0 1925
120 119 5504 0 1926
120 120 5435 0 1927
120 120 5435 0 1928
120 120 5435 0 1929
120 119 5508 0 1930
120 119 5508 0 1931
120 120 5438 0 1932
120 120 5438 0 1933
120 120 5438 0 1934
120 119 5511 0 1935
120 119 5511 0 1936
120 120 5442 0 1937
120 120 5442 0 1938
120 120 5442 0 1939
120 119 5515 0 1940
120 119 5515 0 1941
120 120 5446 0 1942
120 120 5446 0 1943
120 120 5446 0 1944
120 119 5518 0 1945
120 119 5518 0 1946
120 120 5449 0 1947
120 120 5449 0 1948
120 120 5449 0 1949
120 119 5522 0 1950
120 119 5522 0 1951
120 120 5453 0 1952
120 120 5453 0 1953
120 120 5453 0 1954
120 119 5526 0 1955
120 119 5526 0 1956
120 120 5457 0 1957
120 120 5457 0 1958
120 120 5457 0 1959
120 119 5529 0 1960
120 119 5529 0 1961
120 120 5460 0 1962
120 120 5460 0 1963
120 120 5460 0 1964
120 119 5533 0 1965
120 119 5533 0 1966
120 120 5464 0 1967
120 120 5464 0 1968
120 120 5464 0 1969
120 119 5537 0 1970
120 119 5537 0 1971
120 120 5467 0 1972
120 120 5467 0 1973
120 120 5467 0 1974
120 119 5540 0 1975
120 119 5540 0 1976
120 120 5471 0 1977
120 120 5471 0 1978
120 120 5471 0 1979
120 119 5544 0 1980
120 119 5544 0 1981
120 120 5475 0 1982
120 120 5475 0 1983
120 120 5475 0 1984
120 119 5548 0 1985
120 119 5548 0 1986
120 120 5478 0 1987
120 120 5478 0 1988
120 120 5478 0 1989
120 119 5551 0 1990
120 119 5551 0 1991
120 120 5482 0 1992
120 120 5482 0 1993
120 120 5482 0 1994
120 119 5555 0 1995
120 119 5555 0 1996
120 120 5486 0 1997
120 120 5486 0 1998
120 120 5486 0 1999