51 0 1800 0 0
52 1 1800 0 1
54 1 1800 0 2
55 5 1800 0 3
57 5 1800 0 4
58 9 1800 0 5
60 14 1800 0 6
61 14 1800 0 7
62 18 1800 0 8
64 18 1800 0 9
65 21 1800 0 10
67 26 1800 0 11
68 26 1800 0 12
70 29 1800 0 13
71 29 1800 0 14
73 32 1800 0 15
74 35 1800 0 16
75 35 1800 0 17
77 38 1800 0 18
78 38 1800 0 19
80 40 1800 0 20
81 44 1800 0 21
83 44 1800 0 22
84 46 1800 0 23
86 46 1800 0 24
87 48 1800 0 25
88 51 1800 0 26
90 51 1800 0 27
91 53 1800 0 28
93 53 1800 0 29
94 55 1800 0 30
96 57 1800 0 31
97 57 1800 0 32
98 59 1800 0 33
100 59 1800 0 34
101 60 1800 0 35
103 62 1800 0 36
104 62 1800 0 37
106 64 2987 0 38
107 64 2987 0 39
109 66 3136 0 40
110 69 3285 0 41
111 69 3285 0 42
113 72 3362 0 43
114 72 3362 0 44
116 74 3508 0 45
117 77 3653 0 46
119 77 3653 0 47
120 79 3799 0 48
120 79 3799 0 49
120 82 3799 0 50
120 84 3792 0 51
120 84 3792 0 52
120 87 3704 0 53
120 87 3704 0 54
120 88 3752 0 55
120 90 3722 0 56
120 90 3722 0 57
120 92 3686 0 58
120 92 3686 0 59
120 94 3642 0 60
120 96 3591 0 61
120 96 3591 0 62
120 97 3606 0 63
120 97 3606 0 64
120 100 3471 0 65
120 101 3471 0 66
120 101 3471 0 67
120 103 3395 0 68
120 103 3395 0 69
120 104 3384 0 70
120 106 3296 0 71
120 106 3296 0 72
120 107 3274 0 73
120 107 3274 0 74
120 108 3249 0 75
120 110 3147 0 76
120 110 3147 0 77
120 110 3183 0 78
120 110 3183 0 79
120 112 3074 0 80
120 113 3030 0 81
120 113 3030 0 82
120 115 2910 0 83
120 115 2910 0 84
120 115 2928 0 85
120 117 2801 0 86
120 117 2801 0 87
120 117 2812 0 88
120 117 2812 0 89
120 119 2677 0 90
120 119 2681 0 91
120 119 2681 0 92
120 120 2611 0 93
120 120 2611 0 94
120 120 2611 0 95
120 121 2539 0 96
120 121 2539 0 97
120 121 2535 0 98
120 121 2535 0 99
120 121 2531 0 100
120 122 2455 0 101
120 122 2455 0 102
120 121 2520 0 103
120 121 2520 0 104
120 122 2444 0 105
120 121 2509 0 106
120 121 2509 0 107
120 122 2433 0 108
120 122 2433 0 109
120 121 2499 0 110
120 122 2422 0 111
120 122 2422 0 112
120 121 2488 0 113
120 121 2488 0 114
120 121 2484 0 115
120 122 2407 0 116
120 122 2407 0 117
120 121 2473 0 118
120 121 2473 0 119
120 121 2469 0 120
120 120 2539 0 121
120 120 2539 0 122
120 121 2466 0 123
120 121 2466 0 124
120 121 2462 0 125
120 121 2458 0 126
120 121 2458 0 127
120 121 2455 0 128
120 121 2455 0 129
120 120 2524 0 130
120 121 2451 0 131
120 121 2451 0 132
120 120 2520 0 133
120 120 2520 0 134
120 120 2520 0 135
120 120 2520 0 136
120 120 2520 0 137
120 120 2520 0 138
120 120 2520 0 139
120 120 2520 0 140
120 120 2520 0 141
120 120 2520 0 142
120 120 2520 0 143
120 120 2520 0 144
120 119 2593 0 145
120 120 2524 0 146
120 120 2524 0 147
120 119 2597 0 148
120 119 2597 0 149
120 120 2528 0 150
120 119 2601 0 151
120 119 2601 0 152
120 119 2604 0 153
120 119 2604 0 154
120 119 2608 0 155
120 119 2611 0 156
120 119 2611 0 157
120 119 2615 0 158
120 119 2615 0 159
120 119 2619 0 160
120 119 2622 0 161
120 119 2622 0 162
120 119 2626 0 163
120 119 2626 0 164
120 119 2630 0 165
120 118 2706 0 166
120 118 2706 0 167
120 119 2641 0 168
120 119 2641 0 169
120 118 2717 0 170
120 119 2652 0 171
120 119 2652 0 172
120 118 2728 0 173
120 118 2728 0 174
120 119 2662 0 175
120 118 2739 0 176
120 118 2739 0 177
120 119 2673 0 178
120 119 2673 0 179
120 119 2677 0 180
120 118 2753 0 181
120 118 2753 0 182
120 119 2688 0 183
120 119 2688 0 184
120 118 2764 0 185
120 119 2699 0 186
120 119 2699 0 187
120 118 2775 0 188
120 118 2775 0 189
120 119 2710 0 190
120 118 2786 0 191
120 118 2786 0 192
120 119 2721 0 193
120 119 2721 0 194
120 118 2797 0 195
120 118 2804 0 196
120 118 2804 0 197
120 118 2812 0 198
120 118 2812 0 199
120 118 2819 0 200
120 118 2826 0 201
120 118 2826 0 202
120 118 2834 0 203
120 118 2834 0 204
120 119 2768 0 205
120 119 2772 0 206
120 119 2772 0 207
120 119 2775 0 208
120 119 2775 0 209
120 119 2779 0 210
120 119 2783 0 211
120 119 2783 0 212
120 119 2786 0 213
120 119 2786 0 214
120 119 2790 0 215
120 118 2866 0 216
120 118 2866 0 217
120 119 2801 0 218
120 119 2801 0 219
120 118 2877 0 220
120 119 2812 0 221
120 119 2812 0 222
120 118 2888 0 223
120 118 2888 0 224
120 119 2823 0 225
120 118 2899 0 226
120 118 2899 0 227
120 119 2834 0 228
120 119 2834 0 229
120 119 2837 0 230
120 119 2841 0 231
120 119 2841 0 232
120 119 2845 0 233
120 119 2845 0 234
120 119 2848 0 235
120 119 2852 0 236
120 119 2852 0 237
120 119 2855 0 238
120 119 2855 0 239
120 119 2859 0 240
120 119 2863 0 241
120 119 2863 0 242
120 119 2866 0 243
120 119 2866 0 244
120 119 2870 0 245
120 119 2874 0 246
120 119 2874 0 247
120 119 2877 0 248
120 119 2877 0 249
120 119 2881 0 250
120 118 2957 0 251
120 118 2957 0 252
120 119 2892 0 253
120 119 2892 0 254
120 118 2968 0 255
120 119 2903 0 256
120 119 2903 0 257
120 118 2979 0 258
120 118 2979 0 259
120 119 2914 0 260
120 119 2917 0 261
120 119 2917 0 262
120 119 2921 0 263
120 119 2921 0 264
120 119 2925 0 265
120 119 2928 0 266
120 119 2928 0 267
120 119 2932 0 268
120 119 2932 0 269
120 119 2936 0 270
120 119 2939 0 271
120 119 2939 0 272
120 119 2943 0 273
120 119 2943 0 274
120 119 2947 0 275
120 119 2950 0 276
120 119 2950 0 277
120 119 2954 0 278
120 119 2954 0 279
120 119 2957 0 280
120 119 2961 0 281
120 119 2961 0 282
120 119 2965 0 283
120 119 2965 0 284
120 119 2968 0 285
120 119 2972 0 286
120 119 2972 0 287
120 119 2976 0 288
120 119 2976 0 289
120 119 2979 0 290
120 120 2910 0 291
120 120 2910 0 292
120 120 2910 0 293
120 120 2910 0 294
120 120 2910 0 295
120 120 2910 0 296
120 120 2910 0 297
120 120 2910 0 298
120 120 2910 0 299
120 120 2910 0 300
120 120 2910 0 301
120 120 2910 0 302
120 119 2983 0 303
120 119 2983 0 304
120 119 2987 0 305
120 119 2990 0 306
120 119 2990 0 307
120 119 2994 0 308
120 119 2994 0 309
120 119 2998 0 310
120 119 3001 0 311
120 119 3001 0 312
120 119 3005 0 313
120 119 3005 0 314
120 119 3008 0 315
120 119 3012 0 316
120 119 3012 0 317
120 119 3016 0 318
120 119 3016 0 319
120 119 3019 0 320
120 119 3023 0 321
120 119 3023 0 322
120 119 3027 0 323
120 119 3027 0 324
120 119 3030 0 325
120 119 3034 0 326
120 119 3034 0 327
120 119 3038 0 328
120 119 3038 0 329
120 119 3041 0 330
120 120 2972 0 331
120 120 2972 0 332
120 119 3045 0 333
120 119 3045 0 334
120 119 3049 0 335
120 119 3052 0 336
120 119 3052 0 337
120 120 2983 0 338
120 120 2983 0 339
120 119 3056 0 340
120 120 2987 0 341
120 120 2987 0 342
120 119 3059 0 343
120 119 3059 0 344
120 119 3063 0 345
120 119 3067 0 346
120 119 3067 0 347
120 120 2998 0 348
120 120 2998 0 349
120 119 3070 0 350
120 120 3001 0 351
120 120 3001 0 352
120 119 3074 0 353
120 119 3074 0 354
120 120 3005 0 355
120 119 3078 0 356
120 119 3078 0 357
120 119 3081 0 358
120 119 3081 0 359
120 119 3085 0 360
120 119 3089 0 361
120 119 3089 0 362
120 119 3092 0 363
120 119 3092 0 364
120 119 3096 0 365
120 119 3100 0 366
120 119 3100 0 367
120 119 3103 0 368
120 119 3103 0 369
120 119 3107 0 370
120 119 3110 0 371
120 119 3110 0 372
120 119 3114 0 373
120 119 3114 0 374
120 120 3045 0 375
120 119 3118 0 376
120 119 3118 0 377
120 120 3049 0 378
120 120 3049 0 379
120 119 3121 0 380
120 120 3052 0 381
120 120 3052 0 382
120 120 3052 0 383
120 120 3052 0 384
120 120 3052 0 385
120 120 3052 0 386
120 120 3052 0 387
120 120 3052 0 388
120 120 3052 0 389
120 120 3052 0 390
120 120 3052 0 391
120 120 3052 0 392
120 120 3052 0 393
120 120 3052 0 394
120 120 3052 0 395
120 120 3052 0 396
120 120 3052 0 397
120 120 3052 0 398
120 120 3052 0 399
120 120 3052 0 400
120 120 3052 0 401
120 120 3052 0 402
120 120 3052 0 403
120 120 3052 0 404
120 120 3052 0 405
120 120 3052 0 406
120 120 3052 0 407
120 120 3052 0 408
120 120 3052 0 409
120 120 3052 0 410
120 120 3052 0 411
120 120 3052 0 412
120 120 3052 0 413
120 120 3052 0 414
120 121 2979 0 415
120 120 3049 0 416
120 120 3049 0 417
120 120 3049 0 418
120 120 3049 0 419
120 120 3049 0 420
120 120 3049 0 421
120 120 3049 0 422
120 120 3049 0 423
120 120 3049 0 424
120 120 3049 0 425
120 120 3049 0 426
120 120 3049 0 427
120 120 3049 0 428
120 120 3049 0 429
120 120 3049 0 430
120 120 3049 0 431
120 120 3049 0 432
120 120 3049 0 433
120 120 3049 0 434
120 120 3049 0 435
120 120 3049 0 436
120 120 3049 0 437
120 120 3049 0 438
120 120 3049 0 439
120 120 3049 0 440
120 120 3049 0 441
120 120 3049 0 442
120 120 3049 0 443
120 120 3049 0 444
120 120 3049 0 445
120 120 3049 0 446
120 120 3049 0 447
120 120 3049 0 448
120 120 3049 0 449
120 120 3049 0 450
120 120 3049 0 451
120 120 3049 0 452
120 120 3049 0 453
120 120 3049 0 454
120 120 3049 0 455
120 120 3049 0 456
120 120 3049 0 457
120 120 3049 0 458
120 120 3049 0 459
120 120 3049 0 460
120 120 3049 0 461
120 120 3049 0 462
120 120 3049 0 463
120 120 3049 0 464
120 120 3049 0 465
120 120 3049 0 466
120 120 3049 0 467
120 120 3049 0 468
120 120 3049 0 469
120 120 3049 0 470
120 121 2976 0 471
120 121 2976 0 472
120 120 3045 0 473
120 120 3045 0 474
120 120 3045 0 475
120 120 3045 0 476
120 120 3045 0 477
120 120 3045 0 478
120 120 3045 0 479
120 120 3045 0 480
120 120 3045 0 481
120 120 3045 0 482
120 120 3045 0 483
120 120 3045 0 484
120 120 3045 0 485
120 120 3045 0 486
120 120 3045 0 487
120 120 3045 0 488
120 120 3045 0 489
120 120 3045 0 490
120 120 3045 0 491
120 120 3045 0 492
120 120 3045 0 493
120 120 3045 0 494
120 120 3045 0 495
120 120 3045 0 496
120 120 3045 0 497
120 120 3045 0 498
120 120 3045 0 499
120 120 3045 0 500
120 120 3045 0 501
120 120 3045 0 502
120 120 3045 0 503
120 120 3045 0 504
120 120 3045 0 505
120 120 3045 0 506
120 120 3045 0 507
120 120 3045 0 508
120 120 3045 0 509
120 120 3045 0 510
120 120 3045 0 511
120 120 3045 0 512
120 120 3045 0 513
120 120 3045 0 514
120 120 3045 0 515
120 120 3045 0 516
120 120 3045 0 517
120 120 3045 0 518
120 120 3045 0 519
120 120 3045 0 520
120 120 3045 0 521
120 120 3045 0 522
120 120 3045 0 523
120 120 3045 0 524
120 120 3045 0 525
120 120 3045 0 526
120 120 3045 0 527
120 120 3045 0 528
120 120 3045 0 529
120 120 3045 0 530
120 120 3045 0 531
120 120 3045 0 532
120 120 3045 0 533
120 120 3045 0 534
120 120 3045 0 535
120 120 3045 0 536
120 120 3045 0 537
120 120 3045 0 538
120 120 3045 0 539
120 120 3045 0 540
120 120 3045 0 541
120 120 3045 0 542
120 120 3045 0 543
120 120 3045 0 544
120 120 3045 0 545
120 120 3045 0 546
120 120 3045 0 547
120 120 3045 0 548
120 120 3045 0 549
120 120 3045 0 550
120 120 3045 0 551
120 120 3045 0 552
120 120 3045 0 553
120 120 3045 0 554
120 120 3045 0 555
120 120 3045 0 556
120 120 3045 0 557
120 120 3045 0 558
120 120 3045 0 559
120 120 3045 0 560
120 120 3045 0 561
120 120 3045 0 562
120 120 3045 0 563
120 120 3045 0 564
120 120 3045 0 565
120 120 3045 0 566
120 120 3045 0 567
120 120 3045 0 568
120 120 3045 0 569
120 120 3045 0 570
120 120 3045 0 571
120 120 3045 0 572
120 120 3045 0 573
120 120 3045 0 574
120 120 3045 0 575
120 120 3045 0 576
120 120 3045 0 577
120 120 3045 0 578
120 120 3045 0 579
120 120 3045 0 580
120 120 3045 0 581
120 120 3045 0 582
119 120 2972 0 583
117 120 2972 0 584
116 120 2823 0 585
114 119 2739 0 586
113 119 2739 0 587
111 119 2506 0 588
110 119 2506 0 589
108 118 2407 0 590
107 117 2233 0 591
106 117 2233 0 592
104 117 2050 0 593
103 117 2050 0 594
101 115 2007 0 595
100 114 1817 0 596
98 114 1817 0 597
97 112 1766 0 598
95 112 1766 0 599
94 111 1570 0 600
93 110 1438 0 601
91 110 1438 0 602
90 107 1449 0 603
88 107 1449 0 604
87 105 1318 0 605
85 103 1256 0 606
84 103 1256 0 607
83 100 1194 0 608
81 100 1194 0 609
80 97 1205 0 610
78 94 1220 0 611
77 94 1220 0 612
75 93 1019 0 613
74 93 1019 0 614
72 91 958 0 615
71 89 823 0 616
70 89 823 0 617
68 87 757 0 618
67 87 757 0 619
65 86 619 0 620
64 83 550 0 621
62 83 550 0 622
61 80 553 0 623
60 80 553 0 624
60 78 488 0 625
60 77 495 0 626
60 77 495 0 627
60 75 579 0 628
60 75 579 0 629
60 71 815 0 630
60 69 921 0 631
60 69 921 0 632
60 69 888 0 633
60 69 888 0 634
60 68 928 0 635
60 67 972 0 636
60 67 972 0 637
60 66 1019 0 638
60 66 1019 0 639
60 66 998 0 640
60 65 1049 0 641
60 65 1049 0 642
60 64 1103 0 643
60 64 1103 0 644
60 65 1016 0 645
60 65 998 0 646
60 65 998 0 647
60 63 1125 0 648
60 63 1125 0 649
60 63 1114 0 650
60 64 1030 0 651
60 64 1030 0 652
60 63 1089 0 653
60 63 1089 0 654
60 62 1151 0 655
60 63 1070 0 656
60 63 1070 0 657
60 63 1060 0 658
60 63 1060 0 659
60 62 1121 0 660
60 62 1114 0 661
60 62 1114 0 662
60 63 1034 0 663
60 63 1034 0 664
60 62 1096 0 665
60 62 1089 0 666
60 62 1089 0 667
60 62 1081 0 668
60 62 1081 0 669
60 62 1074 0 670
60 61 1140 0 671
60 61 1140 0 672
60 62 1063 0 673
60 62 1063 0 674
60 62 1056 0 675
60 62 1049 0 676
60 62 1049 0 677
60 61 1114 0 678
60 61 1114 0 679
60 62 1038 0 680
60 62 1030 0 681
60 62 1030 0 682
60 61 1096 0 683
60 61 1096 0 684
60 62 1019 0 685
60 62 1012 0 686
60 62 1012 0 687
60 61 1078 0 688
60 61 1078 0 689
60 61 1074 0 690
60 62 998 0 691
60 62 998 0 692
60 62 990 0 693
60 62 990 0 694
60 61 1056 0 695
60 62 979 0 696
60 62 979 0 697
60 62 972 0 698
60 62 972 0 699
60 61 1038 0 700
60 61 1034 0 701
60 61 1034 0 702
60 62 958 0 703
60 62 958 0 704
60 61 1023 0 705
60 61 1019 0 706
60 61 1019 0 707
60 61 1016 0 708
60 61 1016 0 709
60 62 939 0 710
60 61 1005 0 711
60 61 1005 0 712
60 61 1001 0 713
60 61 1001 0 714
60 62 925 0 715
60 62 917 0 716
60 62 917 0 717
60 61 983 0 718
60 61 983 0 719
60 61 979 0 720
60 62 903 0 721
60 62 903 0 722
60 61 968 0 723
60 61 968 0 724
60 60 1038 0 725
60 61 965 0 726
60 61 965 0 727
60 61 961 0 728
60 61 961 0 729
60 61 958 0 730
60 61 954 0 731
60 61 954 0 732
60 62 877 0 733
60 62 877 0 734
60 61 943 0 735
60 60 1012 0 736
60 60 1012 0 737
60 61 939 0 738
60 61 939 0 739
60 61 936 0 740
60 61 932 0 741
60 61 932 0 742
60 61 928 0 743
60 61 928 0 744
60 61 925 0 745
60 61 921 0 746
60 61 921 0 747
60 61 917 0 748
60 61 917 0 749
60 61 914 0 750
60 62 837 0 751
60 62 837 0 752
60 61 903 0 753
60 61 903 0 754
60 60 972 0 755
60 61 899 0 756
60 61 899 0 757
60 61 896 0 758
60 61 896 0 759
60 61 892 0 760
60 60 961 0 761
60 60 961 0 762
60 61 888 0 763
60 61 888 0 764
60 61 885 0 765
60 61 881 0 766
60 61 881 0 767
60 60 950 0 768
60 60 950 0 769
60 61 877 0 770
60 61 874 0 771
60 61 874 0 772
60 60 943 0 773
60 60 943 0 774
60 61 870 0 775
60 61 866 0 776
60 61 866 0 777
60 61 863 0 778
60 61 863 0 779
60 60 932 0 780
60 61 859 0 781
60 61 859 0 782
60 61 856 0 783
60 61 856 0 784
60 61 852 0 785
60 60 921 0 786
60 60 921 0 787
60 61 848 0 788
60 61 848 0 789
60 61 845 0 790
60 60 914 0 791
60 60 914 0 792
60 60 914 0 793
60 60 914 0 794
60 61 841 0 795
60 61 837 0 796
60 61 837 0 797
60 60 907 0 798
60 60 907 0 799
60 61 834 0 800
60 61 830 0 801
60 61 830 0 802
60 61 826 0 803
60 61 826 0 804
60 60 896 0 805
60 61 823 0 806
60 61 823 0 807
60 61 819 0 808
60 61 819 0 809
60 60 888 0 810
60 60 888 0 811
60 60 888 0 812
60 61 815 0 813
60 61 815 0 814
60 61 812 0 815
60 60 881 0 816
60 60 881 0 817
60 60 881 0 818
60 60 881 0 819
60 61 808 0 820
60 61 805 0 821
60 61 805 0 822
60 60 874 0 823
60 60 874 0 824
60 60 874 0 825
60 61 801 0 826
60 61 801 0 827
60 60 870 0 828
60 60 870 0 829
60 60 870 0 830
60 61 797 0 831
60 61 797 0 832
60 61 794 0 833
60 61 794 0 834
60 60 863 0 835
60 60 863 0 836
60 60 863 0 837
60 61 790 0 838
60 61 790 0 839
60 61 786 0 840
60 60 856 0 841
60 60 856 0 842
60 60 856 0 843
60 60 856 0 844
60 61 783 0 845
60 61 779 0 846
60 61 779 0 847
60 60 848 0 848
60 60 848 0 849
60 60 848 0 850
60 61 775 0 851
60 61 775 0 852
60 61 772 0 853
60 61 772 0 854
60 60 841 0 855
60 60 841 0 856
60 60 841 0 857
60 61 768 0 858
60 61 768 0 859
60 60 837 0 860
60 60 837 0 861
60 60 837 0 862
60 60 837 0 863
60 60 837 0 864
60 61 764 0 865
60 60 834 0 866
60 60 834 0 867
60 60 834 0 868
60 60 834 0 869
60 60 834 0 870
60 61 761 0 871
60 61 761 0 872
60 60 830 0 873
60 60 830 0 874
60 60 830 0 875
60 60 830 0 876
60 60 830 0 877
60 61 757 0 878
60 61 757 0 879
60 60 826 0 880
60 60 826 0 881
60 60 826 0 882
60 61 754 0 883
60 61 754 0 884
60 61 750 0 885
60 60 819 0 886
60 60 819 0 887
60 59 892 0 888
60 59 892 0 889
60 60 823 0 890
60 61 750 0 891
60 61 750 0 892
60 60 819 0 893
60 60 819 0 894
60 60 819 0 895
60 61 746 0 896
60 61 746 0 897
60 60 815 0 898
60 60 815 0 899
60 60 815 0 900
60 60 815 0 901
60 60 815 0 902
60 61 743 0 903
60 61 743 0 904
60 60 812 0 905
60 60 812 0 906
60 60 812 0 907
60 60 812 0 908
60 60 812 0 909
60 61 739 0 910
60 60 808 0 911
60 60 808 0 912
60 60 808 0 913
60 60 808 0 914
60 60 808 0 915
60 61 735 0 916
60 61 735 0 917
60 60 805 0 918
60 60 805 0 919
60 59 877 0 920
60 60 808 0 921
60 60 808 0 922
60 61 735 0 923
60 61 735 0 924
60 60 805 0 925
60 59 877 0 926
60 59 877 0 927
60 60 808 0 928
60 60 808 0 929
60 61 735 0 930
60 60 805 0 931
60 60 805 0 932
60 59 877 0 933
60 59 877 0 934
60 60 808 0 935
60 61 735 0 936
60 61 735 0 937
60 60 805 0 938
60 60 805 0 939
60 59 877 0 940
60 60 808 0 941
60 60 808 0 942
60 61 735 0 943
60 61 735 0 944
60 60 805 0 945
60 60 805 0 946
60 60 805 0 947
60 60 805 0 948
60 60 805 0 949
60 61 732 0 950
60 60 801 0 951
60 60 801 0 952
60 60 801 0 953
60 60 801 0 954
60 61 728 0 955
60 61 724 0 956
60 61 724 0 957
60 60 794 0 958
60 60 794 0 959
60 59 866 0 960
60 60 797 0 961
60 60 797 0 962
60 60 797 0 963
60 60 797 0 964
60 60 797 0 965
60 60 797 0 966
60 60 797 0 967
60 61 724 0 968
60 61 724 0 969
60 61 721 0 970
60 60 790 0 971
60 60 790 0 972
60 59 863 0 973
60 59 863 0 974
60 61 721 0 975
60 60 790 0 976
60 60 790 0 977
60 60 790 0 978
60 60 790 0 979
60 60 790 0 980
60 60 790 0 981
60 60 790 0 982
60 60 790 0 983
60 60 790 0 984
60 60 790 0 985
60 60 790 0 986
60 60 790 0 987
60 61 717 0 988
60 61 717 0 989
60 60 786 0 990
60 60 786 0 991
60 60 786 0 992
60 60 786 0 993
60 60 786 0 994
60 61 713 0 995
60 60 783 0 996
60 60 783 0 997
60 59 856 0 998
60 59 856 0 999
60 60 786 0 1000
60 61 713 0 1001
60 61 713 0 1002
60 60 783 0 1003
60 60 783 0 1004
60 59 856 0 1005
60 60 786 0 1006
60 60 786 0 1007
60 61 713 0 1008
60 61 713 0 1009
60 60 783 0 1010
60 59 856 0 1011
60 59 856 0 1012
60 60 786 0 1013
60 60 786 0 1014
60 61 713 0 1015
60 60 783 0 1016
60 60 783 0 1017
60 59 856 0 1018
60 59 856 0 1019
60 60 786 0 1020
60 61 713 0 1021
60 61 713 0 1022
60 60 783 0 1023
60 60 783 0 1024
60 59 856 0 1025
60 60 786 0 1026
60 60 786 0 1027
60 61 713 0 1028
60 61 713 0 1029
60 60 783 0 1030
60 59 856 0 1031
60 59 856 0 1032
60 60 786 0 1033
60 60 786 0 1034
60 61 713 0 1035
60 60 783 0 1036
60 60 783 0 1037
60 60 783 0 1038
60 60 783 0 1039
60 60 783 0 1040
60 61 710 0 1041
60 61 710 0 1042
60 60 779 0 1043
60 60 779 0 1044
60 59 852 0 1045
60 60 783 0 1046
60 60 783 0 1047
60 61 710 0 1048
60 61 710 0 1049
60 60 779 0 1050
60 59 852 0 1051
60 59 852 0 1052
60 61 710 0 1053
60 61 710 0 1054
60 61 706 0 1055
60 60 775 0 1056
60 60 775 0 1057
60 59 848 0 1058
60 59 848 0 1059
60 60 779 0 1060
60 60 779 0 1061
60 60 779 0 1062
60 60 779 0 1063
60 60 779 0 1064
60 59 852 0 1065
60 61 710 0 1066
60 61 710 0 1067
60 60 779 0 1068
60 60 779 0 1069
60 60 779 0 1070
60 60 779 0 1071
60 60 779 0 1072
60 60 779 0 1073
60 60 779 0 1074
60 60 779 0 1075
60 60 779 0 1076
60 60 779 0 1077
60 60 779 0 1078
60 60 779 0 1079
60 61 706 0 1080
60 61 703 0 1081
60 61 703 0 1082
60 60 772 0 1083
60 60 772 0 1084
60 59 845 0 1085
60 60 775 0 1086
60 60 775 0 1087
60 60 775 0 1088
60 60 775 0 1089
60 60 775 0 1090
60 60 775 0 1091
61 60 775 0 1092
62 61 775 0 1093
64 61 775 0 1094
65 60 1067 0 1095
66 60 1227 0 1096
68 60 1227 0 1097
69 61 1322 0 1098
71 61 1322 0 1099
72 62 1493 0 1100
74 63 1599 0 1101
75 63 1599 0 1102
77 64 1781 0 1103
78 64 1781 0 1104
79 66 1825 0 1105
81 66 2014 0 1106
82 66 2014 0 1107
84 68 2138 0 1108
85 68 2138 0 1109
87 69 2265 0 1110
88 71 2396 0 1111
90 71 2396 0 1112
91 73 2458 0 1113
92 73 2458 0 1114
94 74 2593 0 1115
95 76 2732 0 1116
97 76 2732 0 1117
98 77 2874 0 1118
100 77 2874 0 1119
100 79 3019 0 1120
100 81 2950 0 1121
100 81 2950 0 1122
100 82 2947 0 1123
100 82 2947 0 1124
100 84 2866 0 1125
100 85 2852 0 1126
100 85 2852 0 1127
100 87 2761 0 1128
100 87 2761 0 1129
100 88 2735 0 1130
100 88 2779 0 1131
100 88 2779 0 1132
100 90 2677 0 1133
100 90 2677 0 1134
100 90 2713 0 1135
100 92 2604 0 1136
100 92 2604 0 1137
100 92 2633 0 1138
100 92 2633 0 1139
100 93 2590 0 1140
100 94 2542 0 1141
100 94 2542 0 1142
100 94 2564 0 1143
100 94 2564 0 1144
100 95 2513 0 1145
100 95 2531 0 1146
100 95 2531 0 1147
100 95 2549 0 1148
100 95 2549 0 1149
100 96 2495 0 1150
100 96 2509 0 1151
100 96 2509 0 1152
100 96 2524 0 1153
100 96 2524 0 1154
100 96 2539 0 1155
100 97 2480 0 1156
100 97 2480 0 1157
100 97 2491 0 1158
100 97 2491 0 1159
100 97 2502 0 1160
100 97 2513 0 1161
100 97 2513 0 1162
100 98 2451 0 1163
100 98 2451 0 1164
100 97 2531 0 1165
100 98 2469 0 1166
100 98 2469 0 1167
100 98 2477 0 1168
100 98 2477 0 1169
100 98 2484 0 1170
100 98 2491 0 1171
100 98 2491 0 1172
100 98 2498 0 1173
100 98 2498 0 1174
100 98 2506 0 1175
100 98 2513 0 1176
100 98 2513 0 1177
100 98 2520 0 1178
100 98 2520 0 1179
100 99 2455 0 1180
100 98 2531 0 1181
100 98 2531 0 1182
100 99 2466 0 1183
100 99 2466 0 1184
100 98 2542 0 1185
100 98 2549 0 1186
100 98 2549 0 1187
100 99 2484 0 1188
100 99 2484 0 1189
100 98 2560 0 1190
100 99 2495 0 1191
100 99 2495 0 1192
100 99 2498 0 1193
100 99 2498 0 1194
100 98 2575 0 1195
100 99 2509 0 1196
100 99 2509 0 1197
100 98 2586 0 1198
100 98 2586 0 1199
100 99 2520 0 1200
100 98 2597 0 1201
100 98 2597 0 1202
100 99 2531 0 1203
100 99 2531 0 1204
100 99 2535 0 1205
100 98 2611 0 1206
100 98 2611 0 1207
100 99 2546 0 1208
100 99 2546 0 1209
100 99 2549 0 1210
100 98 2626 0 1211
100 98 2626 0 1212
100 99 2560 0 1213
100 99 2560 0 1214
100 98 2637 0 1215
100 99 2571 0 1216
100 99 2571 0 1217
100 99 2575 0 1218
100 99 2575 0 1219
100 99 2579 0 1220
100 99 2582 0 1221
100 99 2582 0 1222
100 98 2659 0 1223
100 98 2659 0 1224
100 99 2593 0 1225
100 99 2597 0 1226
100 99 2597 0 1227
100 99 2600 0 1228
100 99 2600 0 1229
100 99 2604 0 1230
100 99 2608 0 1231
100 99 2608 0 1232
100 99 2611 0 1233
100 99 2611 0 1234
100 99 2615 0 1235
100 99 2619 0 1236
100 99 2619 0 1237
100 99 2622 0 1238
100 99 2622 0 1239
100 99 2626 0 1240
100 99 2630 0 1241
100 99 2630 0 1242
100 99 2633 0 1243
100 99 2633 0 1244
100 99 2637 0 1245
100 99 2641 0 1246
100 99 2641 0 1247
100 99 2644 0 1248
100 99 2644 0 1249
100 99 2648 0 1250
100 99 2651 0 1251
100 99 2651 0 1252
100 99 2655 0 1253
100 99 2655 0 1254
100 99 2659 0 1255
100 99 2662 0 1256
100 99 2662 0 1257
100 99 2666 0 1258
100 99 2666 0 1259
100 99 2670 0 1260
100 99 2673 0 1261
100 99 2673 0 1262
100 99 2677 0 1263
100 99 2677 0 1264
100 99 2681 0 1265
100 99 2684 0 1266
100 99 2684 0 1267
100 99 2688 0 1268
100 99 2688 0 1269
100 99 2692 0 1270
100 99 2695 0 1271
100 99 2695 0 1272
100 99 2699 0 1273
100 99 2699 0 1274
100 99 2702 0 1275
100 99 2706 0 1276
100 99 2706 0 1277
100 99 2710 0 1278
100 99 2710 0 1279
100 100 2641 0 1280
100 99 2713 0 1281
100 99 2713 0 1282
100 100 2644 0 1283
100 100 2644 0 1284
100 99 2717 0 1285
100 99 2721 0 1286
100 99 2721 0 1287
100 100 2651 0 1288
100 100 2651 0 1289
100 99 2724 0 1290
100 100 2655 0 1291
100 100 2655 0 1292
100 99 2728 0 1293
100 99 2728 0 1294
100 99 2732 0 1295
100 99 2735 0 1296
100 99 2735 0 1297
100 99 2739 0 1298
100 99 2739 0 1299
100 100 2670 0 1300
100 99 2743 0 1301
100 99 2743 0 1302
100 100 2673 0 1303
100 100 2673 0 1304
100 99 2746 0 1305
100 99 2750 0 1306
100 99 2750 0 1307
100 99 2753 0 1308
100 99 2753 0 1309
100 99 2757 0 1310
100 99 2761 0 1311
100 99 2761 0 1312
100 99 2764 0 1313
100 99 2764 0 1314
100 99 2768 0 1315
100 99 2772 0 1316
100 99 2772 0 1317
100 99 2775 0 1318
100 99 2775 0 1319
100 100 2706 0 1320
100 99 2779 0 1321
100 99 2779 0 1322
100 99 2783 0 1323
100 99 2783 0 1324
100 100 2713 0 1325
100 99 2786 0 1326
100 99 2786 0 1327
100 100 2717 0 1328
100 100 2717 0 1329
100 99 2790 0 1330
100 99 2794 0 1331
100 99 2794 0 1332
100 100 2724 0 1333
100 100 2724 0 1334
100 99 2797 0 1335
100 100 2728 0 1336
100 100 2728 0 1337
100 99 2801 0 1338
100 99 2801 0 1339
100 100 2732 0 1340
100 99 2804 0 1341
100 99 2804 0 1342
100 99 2808 0 1343
100 99 2808 0 1344
100 100 2739 0 1345
100 99 2812 0 1346
100 99 2812 0 1347
100 100 2743 0 1348
100 100 2743 0 1349
100 99 2815 0 1350
100 100 2746 0 1351
100 100 2746 0 1352
100 100 2746 0 1353
100 100 2746 0 1354
100 99 2819 0 1355
100 100 2750 0 1356
100 100 2750 0 1357
100 99 2823 0 1358
100 99 2823 0 1359
100 100 2753 0 1360
100 100 2753 0 1361
100 100 2753 0 1362
100 100 2753 0 1363
100 100 2753 0 1364
100 100 2753 0 1365
100 99 2826 0 1366
100 99 2826 0 1367
100 100 2757 0 1368
100 100 2757 0 1369
100 100 2757 0 1370
100 100 2757 0 1371
100 100 2757 0 1372
100 100 2757 0 1373
100 100 2757 0 1374
100 99 2830 0 1375
100 100 2761 0 1376
100 100 2761 0 1377
100 100 2761 0 1378
100 100 2761 0 1379
100 100 2761 0 1380
100 100 2761 0 1381
100 100 2761 0 1382
100 100 2761 0 1383
100 100 2761 0 1384
100 100 2761 0 1385
100 99 2834 0 1386
100 99 2834 0 1387
100 100 2764 0 1388
100 100 2764 0 1389
100 100 2764 0 1390
100 100 2764 0 1391
100 100 2764 0 1392
100 100 2764 0 1393
100 100 2764 0 1394
100 99 2837 0 1395
100 100 2768 0 1396
100 100 2768 0 1397
100 100 2768 0 1398
100 100 2768 0 1399
100 100 2768 0 1400
100 100 2768 0 1401
100 100 2768 0 1402
100 99 2841 0 1403
100 99 2841 0 1404
100 100 2772 0 1405
100 99 2845 0 1406
100 99 2845 0 1407
100 100 2775 0 1408
100 100 2775 0 1409
100 100 2775 0 1410
100 100 2775 0 1411
100 100 2775 0 1412
100 100 2775 0 1413
100 100 2775 0 1414
100 99 2848 0 1415
100 100 2779 0 1416
100 100 2779 0 1417
100 100 2779 0 1418
100 100 2779 0 1419
100 100 2779 0 1420
100 100 2779 0 1421
100 100 2779 0 1422
100 100 2779 0 1423
100 100 2779 0 1424
100 100 2779 0 1425
100 100 2779 0 1426
100 100 2779 0 1427
100 100 2779 0 1428
100 100 2779 0 1429
100 100 2779 0 1430
100 100 2779 0 1431
100 100 2779 0 1432
100 100 2779 0 1433
100 100 2779 0 1434
100 100 2779 0 1435
100 100 2779 0 1436
100 100 2779 0 1437
100 100 2779 0 1438
100 100 2779 0 1439
100 100 2779 0 1440
100 100 2779 0 1441
100 100 2779 0 1442
100 100 2779 0 1443
100 100 2779 0 1444
100 100 2779 0 1445
100 100 2779 0 1446
100 100 2779 0 1447
100 100 2779 0 1448
100 100 2779 0 1449
100 100 2779 0 1450
100 100 2779 0 1451
100 100 2779 0 1452
100 100 2779 0 1453
100 100 2779 0 1454
100 100 2779 0 1455
100 100 2779 0 1456
100 100 2779 0 1457
100 100 2779 0 1458
100 100 2779 0 1459
100 100 2779 0 1460
100 100 2779 0 1461
100 100 2779 0 1462
100 99 2852 0 1463
100 99 2852 0 1464
100 100 2783 0 1465
100 99 2855 0 1466
100 99 2855 0 1467
100 100 2786 0 1468
100 100 2786 0 1469
100 100 2786 0 1470
100 99 2859 0 1471
100 99 2859 0 1472
100 100 2790 0 1473
100 100 2790 0 1474
100 99 2863 0 1475
100 100 2794 0 1476
100 100 2794 0 1477
100 100 2794 0 1478
100 100 2794 0 1479
100 100 2794 0 1480
100 100 2794 0 1481
100 100 2794 0 1482
100 99 2866 0 1483
100 99 2866 0 1484
100 100 2797 0 1485
100 100 2797 0 1486
100 100 2797 0 1487
100 100 2797 0 1488
100 100 2797 0 1489
100 100 2797 0 1490
100 99 2870 0 1491
100 99 2870 0 1492
100 100 2801 0 1493
100 100 2801 0 1494
100 99 2874 0 1495
100 100 2804 0 1496
100 100 2804 0 1497
100 100 2804 0 1498
100 100 2804 0 1499
100 100 2804 0 1500
100 100 2804 0 1501
100 100 2804 0 1502
100 100 2804 0 1503
100 100 2804 0 1504
100 100 2804 0 1505
100 100 2804 0 1506
100 100 2804 0 1507
100 100 2804 0 1508
100 100 2804 0 1509
100 100 2804 0 1510
100 100 2804 0 1511
100 100 2804 0 1512
100 100 2804 0 1513
100 100 2804 0 1514
100 99 2877 0 1515
100 100 2808 0 1516
100 100 2808 0 1517
100 99 2881 0 1518
100 99 2881 0 1519
100 99 2885 0 1520
100 100 2815 0 1521
100 100 2815 0 1522
100 99 2888 0 1523
100 99 2888 0 1524
100 100 2819 0 1525
100 100 2819 0 1526
100 100 2819 0 1527
100 100 2819 0 1528
100 100 2819 0 1529
100 100 2819 0 1530
100 100 2819 0 1531
100 100 2819 0 1532
100 100 2819 0 1533
100 100 2819 0 1534
100 99 2892 0 1535
100 100 2823 0 1536
100 100 2823 0 1537
100 100 2823 0 1538
100 100 2823 0 1539
100 100 2823 0 1540
100 100 2823 0 1541
100 100 2823 0 1542
100 99 2896 0 1543
100 99 2896 0 1544
100 100 2826 0 1545
100 100 2826 0 1546
100 100 2826 0 1547
100 100 2826 0 1548
100 100 2826 0 1549
100 100 2826 0 1550
100 100 2826 0 1551
100 100 2826 0 1552
100 100 2826 0 1553
100 100 2826 0 1554
100 100 2826 0 1555
100 100 2826 0 1556
100 100 2826 0 1557
100 100 2826 0 1558
100 100 2826 0 1559
100 100 2826 0 1560
100 100 2826 0 1561
100 100 2826 0 1562
100 100 2826 0 1563
100 100 2826 0 1564
100 100 2826 0 1565
100 100 2826 0 1566
100 100 2826 0 1567
100 100 2826 0 1568
100 100 2826 0 1569
100 100 2826 0 1570
100 100 2826 0 1571
100 100 2826 0 1572
100 100 2826 0 1573
100 100 2826 0 1574
100 100 2826 0 1575
100 100 2826 0 1576
100 100 2826 0 1577
100 100 2826 0 1578
100 100 2826 0 1579
100 100 2826 0 1580
100 100 2826 0 1581
100 100 2826 0 1582
100 100 2826 0 1583
100 100 2826 0 1584
100 100 2826 0 1585
100 99 2899 0 1586
100 99 2899 0 1587
100 100 2830 0 1588
100 100 2830 0 1589
100 100 2830 0 1590
100 100 2830 0 1591
100 100 2830 0 1592
100 100 2830 0 1593
100 100 2830 0 1594
100 99 2903 0 1595
100 100 2834 0 1596
100 100 2834 0 1597
100 99 2906 0 1598
100 99 2906 0 1599
100 100 2837 0 1600
100 100 2837 0 1601
100 100 2837 0 1602
100 99 2910 0 1603
100 99 2910 0 1604
100 100 2841 0 1605
100 99 2914 0 1606
100 99 2914 0 1607
100 100 2845 0 1608
100 100 2845 0 1609
100 99 2917 0 1610
100 99 2921 0 1611
100 99 2921 0 1612
100 99 2925 0 1613
100 99 2925 0 1614
100 99 2928 0 1615
100 99 2932 0 1616
100 99 2932 0 1617
100 99 2936 0 1618
100 99 2936 0 1619
100 99 2939 0 1620
100 99 2943 0 1621
100 99 2943 0 1622
100 99 2947 0 1623
100 99 2947 0 1624
100 99 2950 0 1625
100 98 3027 0 1626
100 98 3027 0 1627
100 99 2961 0 1628
100 99 2961 0 1629
100 99 2965 0 1630
100 99 2968 0 1631
100 99 2968 0 1632
100 98 3045 0 1633
100 98 3045 0 1634
100 98 3052 0 1635
100 99 2987 0 1636
100 99 2987 0 1637
100 98 3063 0 1638
100 98 3063 0 1639
100 98 3070 0 1640
100 98 3078 0 1641
100 98 3078 0 1642
100 99 3012 0 1643
100 99 3012 0 1644
100 98 3089 0 1645
100 98 3096 0 1646
100 98 3096 0 1647
100 99 3030 0 1648
100 99 3030 0 1649
100 99 3034 0 1650
100 99 3038 0 1651
100 99 3038 0 1652
100 98 3114 0 1653
100 98 3114 0 1654
100 98 3121 0 1655
100 98 3129 0 1656
100 98 3129 0 1657
100 99 3063 0 1658
100 99 3063 0 1659
100 98 3140 0 1660
100 98 3147 0 1661
100 98 3147 0 1662
100 99 3081 0 1663
100 99 3081 0 1664
100 98 3158 0 1665
100 98 3165 0 1666
100 98 3165 0 1667
100 98 3172 0 1668
100 98 3172 0 1669
100 99 3107 0 1670
100 98 3183 0 1671
100 98 3183 0 1672
100 98 3191 0 1673
100 98 3191 0 1674
100 99 3125 0 1675
100 99 3129 0 1676
100 99 3129 0 1677
100 99 3132 0 1678
100 99 3132 0 1679
100 99 3136 0 1680
100 100 3067 0 1681
100 100 3067 0 1682
100 99 3140 0 1683
100 99 3140 0 1684
100 99 3143 0 1685
100 98 3220 0 1686
100 98 3220 0 1687
100 99 3154 0 1688
100 99 3154 0 1689
100 100 3085 0 1690
100 99 3158 0 1691
100 99 3158 0 1692
100 99 3161 0 1693
100 99 3161 0 1694
100 99 3165 0 1695
100 100 3096 0 1696
100 100 3096 0 1697
100 100 3096 0 1698
100 100 3096 0 1699
100 100 3096 0 1700
100 100 3096 0 1701
100 100 3096 0 1702
100 101 3023 0 1703
100 101 3023 0 1704
100 101 3019 0 1705
100 100 3089 0 1706
100 100 3089 0 1707
100 101 3016 0 1708
100 101 3016 0 1709
100 101 3012 0 1710
100 101 3008 0 1711
100 101 3008 0 1712
100 100 3078 0 1713
100 100 3078 0 1714
100 101 3005 0 1715
100 101 3001 0 1716
100 101 3001 0 1717
100 101 2998 0 1718
100 101 2998 0 1719
100 101 2994 0 1720
100 101 2990 0 1721
100 101 2990 0 1722
100 102 2914 0 1723
100 102 2914 0 1724
100 101 2979 0 1725
100 101 2976 0 1726
100 101 2976 0 1727
100 101 2972 0 1728
100 101 2972 0 1729
100 101 2968 0 1730
100 101 2965 0 1731
100 101 2965 0 1732
100 100 3034 0 1733
100 100 3034 0 1734
100 101 2961 0 1735
100 101 2957 0 1736
100 101 2957 0 1737
100 101 2954 0 1738
100 101 2954 0 1739
100 100 3023 0 1740
100 101 2950 0 1741
100 101 2950 0 1742
100 101 2947 0 1743
100 101 2947 0 1744
100 100 3016 0 1745
100 100 3016 0 1746
100 100 3016 0 1747
100 100 3016 0 1748
100 100 3016 0 1749
100 100 3016 0 1750
100 100 3016 0 1751
100 100 3016 0 1752
100 100 3016 0 1753
100 100 3016 0 1754
100 100 3016 0 1755
100 100 3016 0 1756
100 100 3016 0 1757
100 101 2943 0 1758
100 101 2943 0 1759
100 100 3012 0 1760
100 100 3012 0 1761
100 100 3012 0 1762
100 100 3012 0 1763
100 100 3012 0 1764
100 100 3012 0 1765
100 100 3012 0 1766
100 100 3012 0 1767
100 100 3012 0 1768
100 100 3012 0 1769
100 101 2939 0 1770
100 100 3008 0 1771
100 100 3008 0 1772
100 100 3008 0 1773
100 100 3008 0 1774
100 100 3008 0 1775
100 100 3008 0 1776
100 100 3008 0 1777
100 100 3008 0 1778
100 100 3008 0 1779
100 100 3008 0 1780
100 100 3008 0 1781
100 100 3008 0 1782
100 100 3008 0 1783
100 100 3008 0 1784
100 101 2936 0 1785
100 99 3078 0 1786
100 99 3078 0 1787
100 100 3008 0 1788
100 100 3008 0 1789
100 100 3008 0 1790
100 100 3008 0 1791
100 100 3008 0 1792
100 100 3008 0 1793
100 100 3008 0 1794
100 100 3008 0 1795
100 101 2936 0 1796
100 101 2936 0 1797
100 100 3005 0 1798
100 100 3005 0 1799
100 101 2932 0 1800
100 101 2928 0 1801
100 101 2928 0 1802
100 100 2998 0 1803
100 100 2998 0 1804
100 101 2925 0 1805
100 100 2994 0 1806
100 100 2994 0 1807
100 100 2994 0 1808
100 100 2994 0 1809
100 100 2994 0 1810
100 100 2994 0 1811
100 100 2994 0 1812
100 100 2994 0 1813
100 100 2994 0 1814
100 100 2994 0 1815
100 100 2994 0 1816
100 100 2994 0 1817
100 100 2994 0 1818
100 100 2994 0 1819
100 99 3067 0 1820
100 99 3070 0 1821
100 99 3070 0 1822
100 100 3001 0 1823
100 100 3001 0 1824
100 100 3001 0 1825
100 99 3074 0 1826
100 99 3074 0 1827
100 100 3005 0 1828
100 100 3005 0 1829
100 99 3078 0 1830
100 100 3008 0 1831
100 100 3008 0 1832
100 99 3081 0 1833
100 99 3081 0 1834
100 100 3012 0 1835
100 100 3012 0 1836
100 100 3012 0 1837
100 100 3012 0 1838
100 100 3012 0 1839
100 101 2939 0 1840
100 100 3008 0 1841
100 100 3008 0 1842
100 101 2936 0 1843
100 101 2936 0 1844
100 100 3005 0 1845
100 100 3005 0 1846
100 100 3005 0 1847
100 100 3005 0 1848
100 100 3005 0 1849
100 100 3005 0 1850
100 100 3005 0 1851
100 100 3005 0 1852
100 100 3005 0 1853
100 100 3005 0 1854
100 101 2932 0 1855
100 100 3001 0 1856
100 100 3001 0 1857
100 100 3001 0 1858
100 100 3001 0 1859
100 100 3001 0 1860
100 100 3001 0 1861
100 100 3001 0 1862
100 101 2928 0 1863
100 101 2928 0 1864
100 100 2998 0 1865
100 100 2998 0 1866
100 100 2998 0 1867
100 100 2998 0 1868
100 100 2998 0 1869
100 100 2998 0 1870
100 100 2998 0 1871
100 100 2998 0 1872
100 100 2998 0 1873
100 100 2998 0 1874
100 101 2925 0 1875
100 100 2994 0 1876
100 100 2994 0 1877
100 101 2921 0 1878
100 101 2921 0 1879
100 100 2990 0 1880
100 100 2990 0 1881
100 100 2990 0 1882
100 100 2990 0 1883
100 100 2990 0 1884
100 100 2990 0 1885
100 100 2990 0 1886
100 100 2990 0 1887
100 99 3063 0 1888
100 99 3063 0 1889
100 100 2994 0 1890
100 100 2994 0 1891
100 100 2994 0 1892
100 100 2994 0 1893
100 100 2994 0 1894
100 100 2994 0 1895
100 100 2994 0 1896
100 100 2994 0 1897
100 100 2994 0 1898
100 100 2994 0 1899
100 100 2994 0 1900
100 101 2921 0 1901
100 101 2921 0 1902
100 100 2990 0 1903
100 100 2990 0 1904
100 101 2917 0 1905
100 100 2987 0 1906
100 100 2987 0 1907
100 101 2914 0 1908
100 101 2914 0 1909
100 101 2910 0 1910
100 100 2979 0 1911
100 100 2979 0 1912
100 100 2979 0 1913
100 100 2979 0 1914
100 99 3052 0 1915
100 100 2983 0 1916
100 100 2983 0 1917
100 100 2983 0 1918
100 100 2983 0 1919
100 99 3056 0 1920
100 100 2987 0 1921
100 100 2987 0 1922
100 100 2987 0 1923
100 100 2987 0 1924
100 100 2987 0 1925
100 99 3059 0 1926
100 99 3059 0 1927
100 100 2990 0 1928
100 100 2990 0 1929
100 100 2990 0 1930
100 99 3063 0 1931
100 99 3063 0 1932
100 99 3067 0 1933
100 99 3067 0 1934
100 99 3070 0 1935
100 100 3001 0 1936
100 100 3001 0 1937
100 99 3074 0 1938
100 99 3074 0 1939
100 100 3005 0 1940
100 100 3005 0 1941
100 100 3005 0 1942
100 100 3005 0 1943
100 100 3005 0 1944
100 100 3005 0 1945
100 100 3005 0 1946
100 100 3005 0 1947
100 100 3005 0 1948
100 100 3005 0 1949
100 100 3005 0 1950
100 100 3005 0 1951
100 100 3005 0 1952
100 100 3005 0 1953
100 100 3005 0 1954
100 100 3005 0 1955
100 100 3005 0 1956
100 100 3005 0 1957
100 100 3005 0 1958
100 100 3005 0 1959
100 100 3005 0 1960
100 100 3005 0 1961
100 100 3005 0 1962
100 100 3005 0 1963
100 100 3005 0 1964
100 100 3005 0 1965
100 101 2932 0 1966
100 101 2932 0 1967
100 100 3001 0 1968
100 100 3001 0 1969
100 101 2928 0 1970
100 100 2998 0 1971
100 100 2998 0 1972
100 100 2998 0 1973
100 100 2998 0 1974
100 101 2925 0 1975
100 100 2994 0 1976
100 100 2994 0 1977
100 100 2994 0 1978
100 100 2994 0 1979
100 100 2994 0 1980
100 100 2994 0 1981
100 100 2994 0 1982
100 101 2921 0 1983
100 101 2921 0 1984
100 100 2990 0 1985
100 101 2917 0 1986
100 101 2917 0 1987
100 100 2987 0 1988
100 100 2987 0 1989
100 101 2914 0 1990
100 101 2910 0 1991
100 101 2910 0 1992
100 101 2906 0 1993
100 101 2906 0 1994
100 101 2903 0 1995
100 101 2899 0 1996
100 101 2899 0 1997
100 101 2896 0 1998
100 101 2896 0 1999