0 0 1000 0 0
0 0 1000 0 1
0 0 1000 0 2
0 1 1000 0 3
0 1 1000 0 4
0 1 1000 0 5
0 3 1000 0 6
0 3 1000 0 7
0 3 1000 0 8
0 3 1000 0 9
0 5 1000 0 10
0 5 1000 0 11
0 5 1000 0 12
0 7 1000 0 13
0 7 1000 0 14
0 7 1000 0 15
0 10 1000 0 16
0 10 1000 0 17
0 10 1000 0 18
0 10 1000 0 19
0 14 1000 0 20
0 14 1000 0 21
0 14 1000 0 22
0 17 1000 0 23
0 17 1000 0 24
0 17 1000 0 25
0 18 1000 0 26
0 18 1000 0 27
0 18 1000 0 28
0 18 1000 0 29
0 21 1000 0 30
0 21 1000 0 31
0 21 1000 0 32
0 25 1000 0 33
0 25 1000 0 34
0 25 1000 0 35
0 27 1000 0 36
0 27 1000 0 37
0 27 1000 0 38
0 27 1000 0 39
0 28 1000 0 40
0 28 1000 0 41
0 28 1000 0 42
0 30 1000 0 43
0 30 1000 0 44
0 30 1000 0 45
0 33 1000 0 46
0 33 1000 0 47
0 33 1000 0 48
0 33 1000 0 49
61 35 1429 0 50
61 35 1429 0 51
61 35 1429 0 52
62 37 1500 0 53
62 37 1500 0 54
62 37 1500 0 55
63 39 1525 0 56
63 39 1525 0 57
63 39 1525 0 58
63 39 1525 0 59
64 43 1474 0 60
64 43 1474 0 61
64 43 1474 0 62
65 44 1518 0 63
65 44 1518 0 64
65 44 1518 0 65
66 46 1556 0 66
66 46 1556 0 67
66 46 1556 0 68
66 46 1556 0 69
67 49 1509 0 70
67 49 1509 0 71
67 49 1509 0 72
68 51 1521 0 73
68 51 1521 0 74
68 51 1521 0 75
69 52 1582 0 76
69 52 1582 0 77
69 52 1582 0 78
69 52 1582 0 79
70 54 1591 0 80
70 54 1591 0 81
70 54 1591 0 82
71 56 1563 0 83
71 56 1563 0 84
71 56 1563 0 85
72 57 1625 0 86
72 57 1625 0 87
72 57 1625 0 88
72 57 1625 0 89
73 59 1664 0 90
73 59 1664 0 91
73 59 1664 0 92
74 61 1633 0 93
74 61 1633 0 94
74 61 1633 0 95
75 62 1698 0 96
75 62 1698 0 97
75 62 1698 0 98
75 62 1698 0 99
76 63 1749 0 100
76 63 1749 0 101
76 63 1749 0 102
77 65 1725 0 103
77 65 1725 0 104
77 65 1725 0 105
78 66 1775 0 106
78 66 1775 0 107
78 66 1775 0 108
78 66 1775 0 109
79 67 1851 0 110
79 67 1851 0 111
79 67 1851 0 112
80 69 1827 0 113
80 69 1827 0 114
80 69 1827 0 115
81 70 1865 0 116
81 70 1865 0 117
81 70 1865 0 118
81 70 1865 0 119
82 71 1945 0 120
82 71 1945 0 121
82 71 1945 0 122
83 73 1952 0 123
83 73 1952 0 124
83 73 1952 0 125
84 74 1980 0 126
84 74 1980 0 127
84 74 1980 0 128
84 74 1980 0 129
85 74 2059 0 130
85 74 2059 0 131
85 74 2059 0 132
86 76 2083 0 133
86 76 2083 0 134
86 76 2083 0 135
87 77 2107 0 136
87 77 2107 0 137
87 77 2107 0 138
87 77 2107 0 139
88 78 2195 0 140
88 78 2195 0 141
88 78 2195 0 142
89 79 2205 0 143
89 79 2205 0 144
89 79 2205 0 145
90 80 2209 0 146
90 80 2209 0 147
90 80 2209 0 148
90 80 2209 0 149
91 82 2236 0 150
91 82 2236 0 151
91 82 2236 0 152
92 84 2170 0 153
92 84 2170 0 154
92 84 2170 0 155
93 85 2194 0 156
93 85 2194 0 157
93 85 2194 0 158
93 85 2194 0 159
94 87 2181 0 160
94 87 2181 0 161
94 87 2181 0 162
95 89 2158 0 163
95 89 2158 0 164
95 89 2158 0 165
96 90 2189 0 166
96 90 2189 0 167
96 90 2189 0 168
96 90 2189 0 169
97 92 2133 0 170
97 92 2133 0 171
97 92 2133 0 172
98 92 2191 0 173
98 92 2191 0 174
98 92 2191 0 175
99 94 2170 0 176
99 94 2170 0 177
99 94 2170 0 178
99 94 2170 0 179
100 95 2204 0 180
100 95 2204 0 181
100 95 2204 0 182
101 96 2248 0 183
101 96 2248 0 184
101 96 2248 0 185
102 98 2213 0 186
102 98 2213 0 187
102 98 2213 0 188
102 98 2213 0 189
103 98 2298 0 190
103 98 2298 0 191
103 98 2298 0 192
104 100 2277 0 193
104 100 2277 0 194
104 100 2277 0 195
105 100 2325 0 196
105 100 2325 0 197
105 100 2325 0 198
105 100 2325 0 199
106 101 2368 0 200
106 101 2368 0 201
106 101 2368 0 202
107 103 2352 0 203
107 103 2352 0 204
107 103 2352 0 205
108 103 2418 0 206
108 103 2418 0 207
108 103 2418 0 208
108 103 2418 0 209
109 105 2397 0 210
109 105 2397 0 211
109 105 2397 0 212
110 104 2495 0 213
110 104 2495 0 214
110 104 2495 0 215
111 106 2484 0 216
111 106 2484 0 217
111 106 2484 0 218
111 106 2484 0 219
112 107 2522 0 220
112 107 2522 0 221
112 107 2522 0 222
113 109 2492 0 223
113 109 2492 0 224
113 109 2492 0 225
114 110 2488 0 226
114 110 2488 0 227
114 110 2488 0 228
114 110 2488 0 229
115 111 2470 0 230
115 111 2470 0 231
115 111 2470 0 232
116 113 2479 0 233
116 113 2479 0 234
116 113 2479 0 235
117 114 2474 0 236
117 114 2474 0 237
117 114 2474 0 238
117 114 2474 0 239
118 115 2487 0 240
118 115 2487 0 241
118 115 2487 0 242
119 116 2499 0 243
119 116 2499 0 244
119 116 2499 0 245
120 117 2521 0 246
120 117 2521 0 247
120 117 2521 0 248
120 117 2521 0 249
120 118 2462 0 250
120 118 2462 0 251
120 118 2462 0 252
120 119 2397 0 253
120 119 2397 0 254
120 119 2397 0 255
120 120 2346 0 256
120 120 2346 0 257
120 120 2346 0 258
120 120 2346 0 259
120 120 2282 0 260
120 120 2282 0 261
120 120 2282 0 262
120 121 2268 0 263
120 121 2268 0 264
120 121 2268 0 265
120 122 2199 0 266
120 122 2199 0 267
120 122 2199 0 268
120 122 2199 0 269
120 122 2196 0 270
120 122 2196 0 271
120 122 2196 0 272
120 122 2142 0 273
120 122 2142 0 274
120 122 2142 0 275
120 122 2172 0 276
120 122 2172 0 277
120 122 2172 0 278
120 122 2172 0 279
120 123 2102 0 280
120 123 2102 0 281
120 123 2102 0 282
120 122 2143 0 283
120 122 2143 0 284
120 122 2143 0 285
120 123 2093 0 286
120 123 2093 0 287
120 123 2093 0 288
120 123 2093 0 289
120 122 2113 0 290
120 122 2113 0 291
120 122 2113 0 292
120 122 2074 0 293
120 122 2074 0 294
120 122 2074 0 295
120 122 2096 0 296
120 122 2096 0 297
120 122 2096 0 298
120 122 2096 0 299
120 122 2105 0 300
120 122 2105 0 301
120 122 2105 0 302
120 122 2079 0 303
120 122 2079 0 304
120 122 2079 0 305
120 122 2104 0 306
120 122 2104 0 307
120 122 2104 0 308
120 122 2104 0 309
120 122 2057 0 310
120 122 2057 0 311
120 122 2057 0 312
120 121 2116 0 313
120 121 2116 0 314
120 121 2116 0 315
120 122 2070 0 316
120 122 2070 0 317
120 122 2070 0 318
120 122 2070 0 319
120 121 2118 0 320
120 121 2118 0 321
120 121 2118 0 322
120 122 2079 0 323
120 122 2079 0 324
120 122 2079 0 325
120 121 2124 0 326
120 121 2124 0 327
120 121 2124 0 328
120 121 2124 0 329
120 121 2115 0 330
120 121 2115 0 331
120 121 2115 0 332
120 121 2116 0 333
120 121 2116 0 334
120 121 2116 0 335
120 121 2145 0 336
120 121 2145 0 337
120 121 2145 0 338
120 121 2145 0 339
120 121 2106 0 340
120 121 2106 0 341
120 121 2106 0 342
120 121 2146 0 343
120 121 2146 0 344
120 121 2146 0 345
120 121 2100 0 346
120 121 2100 0 347
120 121 2100 0 348
120 121 2100 0 349
120 120 2174 0 350
120 120 2174 0 351
120 120 2174 0 352
120 121 2130 0 353
120 121 2130 0 354
120 121 2130 0 355
120 120 2178 0 356
120 120 2178 0 357
120 120 2178 0 358
120 120 2178 0 359
120 121 2139 0 360
120 121 2139 0 361
120 121 2139 0 362
120 120 2203 0 363
120 120 2203 0 364
120 120 2203 0 365
120 120 2199 0 366
120 120 2199 0 367
120 120 2199 0 368
120 120 2199 0 369
120 120 2195 0 370
120 120 2195 0 371
120 120 2195 0 372
120 120 2220 0 373
120 120 2220 0 374
120 120 2220 0 375
120 120 2185 0 376
120 120 2185 0 377
120 120 2185 0 378
120 120 2185 0 379
120 120 2202 0 380
120 120 2202 0 381
120 120 2202 0 382
120 120 2177 0 383
120 120 2177 0 384
120 120 2177 0 385
120 120 2231 0 386
120 120 2231 0 387
120 120 2231 0 388
120 120 2231 0 389
120 120 2186 0 390
120 120 2186 0 391
120 120 2186 0 392
120 119 2246 0 393
120 119 2246 0 394
120 119 2246 0 395
120 120 2229 0 396
120 120 2229 0 397
120 120 2229 0 398
120 120 2229 0 399
120 119 2263 0 400
120 119 2263 0 401
120 119 2263 0 402
120 120 2238 0 403
120 120 2238 0 404
120 120 2238 0 405
120 119 2274 0 406
120 119 2274 0 407
120 119 2274 0 408
120 119 2274 0 409
120 119 2273 0 410
120 119 2273 0 411
120 119 2273 0 412
120 119 2277 0 413
120 119 2277 0 414
120 119 2277 0 415
120 119 2305 0 416
120 119 2305 0 417
120 119 2305 0 418
120 119 2305 0 419
120 119 2270 0 420
120 119 2270 0 421
120 119 2270 0 422
120 119 2298 0 423
120 119 2298 0 424
120 119 2298 0 425
120 119 2263 0 426
120 119 2263 0 427
120 119 2263 0 428
120 119 2263 0 429
120 119 2302 0 430
120 119 2302 0 431
120 119 2302 0 432
120 120 2268 0 433
120 120 2268 0 434
120 120 2268 0 435
120 119 2321 0 436
120 119 2321 0 437
120 119 2321 0 438
120 119 2321 0 439
120 120 2279 0 440
120 120 2279 0 441
120 120 2279 0 442
120 119 2347 0 443
120 119 2347 0 444
120 119 2347 0 445
120 119 2310 0 446
120 119 2310 0 447
120 119 2310 0 448
120 119 2310 0 449
120 119 2352 0 450
120 119 2352 0 451
120 119 2352 0 452
120 120 2312 0 453
120 120 2312 0 454
120 120 2312 0 455
120 119 2340 0 456
120 119 2340 0 457
120 119 2340 0 458
120 119 2340 0 459
120 120 2305 0 460
120 120 2305 0 461
120 120 2305 0 462
120 119 2339 0 463
120 119 2339 0 464
120 119 2339 0 465
120 120 2322 0 466
120 120 2322 0 467
120 120 2322 0 468
120 120 2322 0 469
120 119 2343 0 470
120 119 2343 0 471
120 119 2343 0 472
120 120 2332 0 473
120 120 2332 0 474
120 120 2332 0 475
120 119 2345 0 476
120 119 2345 0 477
120 119 2345 0 478
120 119 2345 0 479
120 120 2353 0 480
120 120 2353 0 481
120 120 2353 0 482
120 119 2348 0 483
120 119 2348 0 484
120 119 2348 0 485
120 120 2357 0 486
120 120 2357 0 487
120 120 2357 0 488
120 120 2357 0 489
120 120 2325 0 490
120 120 2325 0 491
120 120 2325 0 492
120 120 2348 0 493
120 120 2348 0 494
120 120 2348 0 495
120 120 2321 0 496
120 120 2321 0 497
120 120 2321 0 498
120 120 2321 0 499
120 120 2363 0 500
120 120 2363 0 501
120 120 2363 0 502
120 120 2328 0 503
120 120 2328 0 504
120 120 2328 0 505
120 120 2366 0 506
120 120 2366 0 507
120 120 2366 0 508
120 120 2366 0 509
120 120 2322 0 510
120 120 2322 0 511
120 120 2322 0 512
120 119 2379 0 513
120 119 2379 0 514
120 119 2379 0 515
120 120 2336 0 516
120 120 2336 0 517
120 120 2336 0 518
120 120 2336 0 519
120 119 2394 0 520
120 119 2394 0 521
120 119 2394 0 522
120 120 2347 0 523
120 120 2347 0 524
120 120 2347 0 525
120 119 2424 0 526
120 119 2424 0 527
120 119 2424 0 528
120 119 2424 0 529
120 120 2392 0 530
120 120 2392 0 531
120 120 2392 0 532
120 119 2415 0 533
120 119 2415 0 534
120 119 2415 0 535
120 120 2392 0 536
120 120 2392 0 537
120 120 2392 0 538
120 120 2392 0 539
120 119 2425 0 540
120 119 2425 0 541
120 119 2425 0 542
120 120 2389 0 543
120 120 2389 0 544
120 120 2389 0 545
120 119 2417 0 546
120 119 2417 0 547
120 119 2417 0 548
120 119 2417 0 549
120 120 2405 0 550
120 120 2405 0 551
120 120 2405 0 552
120 119 2425 0 553
120 119 2425 0 554
120 119 2425 0 555
120 119 2417 0 556
120 119 2417 0 557
120 119 2417 0 558
120 119 2417 0 559
120 119 2438 0 560
120 119 2438 0 561
120 119 2438 0 562
120 120 2435 0 563
120 120 2435 0 564
120 120 2435 0 565
120 119 2433 0 566
120 119 2433 0 567
120 119 2433 0 568
120 119 2433 0 569
120 119 2446 0 570
120 119 2446 0 571
120 119 2446 0 572
120 119 2421 0 573
120 119 2421 0 574
120 119 2421 0 575
120 120 2428 0 576
120 120 2428 0 577
120 120 2428 0 578
120 120 2428 0 579
120 120 2422 0 580
120 120 2422 0 581
120 120 2422 0 582
120 120 2430 0 583
120 120 2430 0 584
120 120 2430 0 585
120 120 2416 0 586
120 120 2416 0 587
120 120 2416 0 588
120 120 2416 0 589
120 120 2428 0 590
120 120 2428 0 591
120 120 2428 0 592
120 120 2395 0 593
120 120 2395 0 594
120 120 2395 0 595
120 120 2404 0 596
120 120 2404 0 597
120 120 2404 0 598
120 120 2404 0 599
120 120 2375 0 600
120 120 2375 0 601
120 120 2375 0 602
120 120 2393 0 603
120 120 2393 0 604
120 120 2393 0 605
120 120 2370 0 606
120 120 2370 0 607
120 120 2370 0 608
120 120 2370 0 609
120 120 2415 0 610
120 120 2415 0 611
120 120 2415 0 612
120 120 2388 0 613
120 120 2388 0 614
120 120 2388 0 615
120 120 2416 0 616
120 120 2416 0 617
120 120 2416 0 618
120 120 2416 0 619
120 120 2385 0 620
120 120 2385 0 621
120 120 2385 0 622
120 119 2455 0 623
120 119 2455 0 624
120 119 2455 0 625
120 120 2420 0 626
120 120 2420 0 627
120 120 2420 0 628
120 120 2420 0 629
120 119 2472 0 630
120 119 2472 0 631
120 119 2472 0 632
120 120 2424 0 633
120 120 2424 0 634
120 120 2424 0 635
120 119 2490 0 636
120 119 2490 0 637
120 119 2490 0 638
120 119 2490 0 639
120 120 2443 0 640
120 120 2443 0 641
120 120 2443 0 642
120 119 2496 0 643
120 119 2496 0 644
120 119 2496 0 645
120 120 2458 0 646
120 120 2458 0 647
120 120 2458 0 648
120 120 2458 0 649
120 119 2502 0 650
120 119 2502 0 651
120 119 2502 0 652
120 120 2474 0 653
120 120 2474 0 654
120 120 2474 0 655
120 119 2509 0 656
120 119 2509 0 657
120 119 2509 0 658
120 119 2509 0 659
120 120 2481 0 660
120 120 2481 0 661
120 120 2481 0 662
120 119 2513 0 663
120 119 2513 0 664
120 119 2513 0 665
120 120 2480 0 666
120 120 2480 0 667
120 120 2480 0 668
120 120 2480 0 669
120 119 2498 0 670
120 119 2498 0 671
120 119 2498 0 672
120 120 2460 0 673
120 120 2460 0 674
120 120 2460 0 675
120 119 2506 0 676
120 119 2506 0 677
120 119 2506 0 678
120 119 2506 0 679
120 120 2478 0 680
120 120 2478 0 681
120 120 2478 0 682
120 119 2510 0 683
120 119 2510 0 684
120 119 2510 0 685
120 120 2483 0 686
120 120 2483 0 687
120 120 2483 0 688
120 120 2483 0 689
120 119 2515 0 690
120 119 2515 0 691
120 119 2515 0 692
120 120 2488 0 693
120 120 2488 0 694
120 120 2488 0 695
120 119 2516 0 696
120 119 2516 0 697
120 119 2516 0 698
120 119 2516 0 699
120 120 2484 0 700
120 120 2484 0 701
120 120 2484 0 702
120 119 2526 0 703
120 119 2526 0 704
120 119 2526 0 705
120 120 2499 0 706
120 120 2499 0 707
120 120 2499 0 708
120 120 2499 0 709
120 119 2519 0 710
120 119 2519 0 711
120 119 2519 0 712
120 120 2511 0 713
120 120 2511 0 714
120 120 2511 0 715
120 119 2526 0 716
120 119 2526 0 717
120 119 2526 0 718
120 119 2526 0 719
120 120 2513 0 720
120 120 2513 0 721
120 120 2513 0 722
120 119 2528 0 723
120 119 2528 0 724
120 119 2528 0 725
120 120 2521 0 726
120 120 2521 0 727
120 120 2521 0 728
120 120 2521 0 729
120 119 2527 0 730
120 119 2527 0 731
120 119 2527 0 732
120 120 2511 0 733
120 120 2511 0 734
120 120 2511 0 735
120 119 2521 0 736
120 119 2521 0 737
120 119 2521 0 738
120 119 2521 0 739
120 120 2528 0 740
120 120 2528 0 741
120 120 2528 0 742
120 119 2525 0 743
120 119 2525 0 744
120 119 2525 0 745
120 120 2532 0 746
120 120 2532 0 747
120 120 2532 0 748
120 120 2532 0 749
120 120 2521 0 750
120 120 2521 0 751
120 120 2521 0 752
120 120 2523 0 753
120 120 2523 0 754
120 120 2523 0 755
120 120 2521 0 756
120 120 2521 0 757
120 120 2521 0 758
120 120 2521 0 759
120 120 2523 0 760
120 120 2523 0 761
120 120 2523 0 762
120 120 2516 0 763
120 120 2516 0 764
120 120 2516 0 765
120 120 2514 0 766
120 120 2514 0 767
120 120 2514 0 768
120 120 2514 0 769
120 120 2507 0 770
120 120 2507 0 771
120 120 2507 0 772
120 120 2519 0 773
120 120 2519 0 774
120 120 2519 0 775
120 120 2503 0 776
120 120 2503 0 777
120 120 2503 0 778
120 120 2503 0 779
120 120 2506 0 780
120 120 2506 0 781
120 120 2506 0 782
120 120 2504 0 783
120 120 2504 0 784
120 120 2504 0 785
120 120 2516 0 786
120 120 2516 0 787
120 120 2516 0 788
120 120 2516 0 789
120 120 2496 0 790
120 120 2496 0 791
120 120 2496 0 792
120 120 2513 0 793
120 120 2513 0 794
120 120 2513 0 795
120 120 2489 0 796
120 120 2489 0 797
120 120 2489 0 798
120 120 2489 0 799
120 120 2506 0 800
120 120 2506 0 801
120 120 2506 0 802
120 120 2495 0 803
120 120 2495 0 804
120 120 2495 0 805
120 120 2508 0 806
120 120 2508 0 807
120 120 2508 0 808
120 120 2508 0 809
120 120 2484 0 810
120 120 2484 0 811
120 120 2484 0 812
120 120 2496 0 813
120 120 2496 0 814
120 120 2496 0 815
120 120 2472 0 816
120 120 2472 0 817
120 120 2472 0 818
120 120 2472 0 819
120 120 2498 0 820
120 120 2498 0 821
120 120 2498 0 822
120 120 2470 0 823
120 120 2470 0 824
120 120 2470 0 825
120 120 2487 0 826
120 120 2487 0 827
120 120 2487 0 828
120 120 2487 0 829
120 120 2473 0 830
120 120 2473 0 831
120 120 2473 0 832
120 120 2486 0 833
120 120 2486 0 834
120 120 2486 0 835
120 120 2467 0 836
120 120 2467 0 837
120 120 2467 0 838
120 120 2467 0 839
120 120 2480 0 840
120 120 2480 0 841
120 120 2480 0 842
120 120 2451 0 843
120 120 2451 0 844
120 120 2451 0 845
120 120 2474 0 846
120 120 2474 0 847
120 120 2474 0 848
120 120 2474 0 849
120 120 2450 0 850
120 120 2450 0 851
120 120 2450 0 852
120 120 2459 0 853
120 120 2459 0 854
120 120 2459 0 855
120 120 2445 0 856
120 120 2445 0 857
120 120 2445 0 858
120 120 2445 0 859
120 120 2477 0 860
120 120 2477 0 861
120 120 2477 0 862
120 120 2454 0 863
120 120 2454 0 864
120 120 2454 0 865
120 120 2467 0 866
120 120 2467 0 867
120 120 2467 0 868
120 120 2467 0 869
120 120 2444 0 870
120 120 2444 0 871
120 120 2444 0 872
120 120 2467 0 873
120 120 2467 0 874
120 120 2467 0 875
120 120 2440 0 876
120 120 2440 0 877
120 120 2440 0 878
120 120 2440 0 879
120 120 2468 0 880
120 120 2468 0 881
120 120 2468 0 882
120 120 2436 0 883
120 120 2436 0 884
120 120 2436 0 885
120 120 2469 0 886
120 120 2469 0 887
120 120 2469 0 888
120 120 2469 0 889
120 120 2437 0 890
120 120 2437 0 891
120 120 2437 0 892
120 120 2456 0 893
120 120 2456 0 894
120 120 2456 0 895
120 120 2433 0 896
120 120 2433 0 897
120 120 2433 0 898
120 120 2433 0 899
120 120 2457 0 900
120 120 2457 0 901
120 120 2457 0 902
120 120 2435 0 903
120 120 2435 0 904
120 120 2435 0 905
120 120 2463 0 906
120 120 2463 0 907
120 120 2463 0 908
120 120 2463 0 909
120 120 2446 0 910
120 120 2446 0 911
120 120 2446 0 912
120 120 2474 0 913
120 120 2474 0 914
120 120 2474 0 915
120 120 2448 0 916
120 120 2448 0 917
120 120 2448 0 918
120 120 2448 0 919
120 120 2477 0 920
120 120 2477 0 921
120 120 2477 0 922
120 120 2460 0 923
120 120 2460 0 924
120 120 2460 0 925
120 120 2489 0 926
120 120 2489 0 927
120 120 2489 0 928
120 120 2489 0 929
120 120 2464 0 930
120 120 2464 0 931
120 120 2464 0 932
120 120 2493 0 933
120 120 2493 0 934
120 120 2493 0 935
120 120 2472 0 936
120 120 2472 0 937
120 120 2472 0 938
120 120 2472 0 939
120 120 2501 0 940
120 120 2501 0 941
120 120 2501 0 942
120 120 2476 0 943
120 120 2476 0 944
120 120 2476 0 945
120 119 2515 0 946
120 119 2515 0 947
120 119 2515 0 948
120 119 2515 0 949
120 120 2489 0 950
120 120 2489 0 951
120 120 2489 0 952
120 119 2524 0 953
120 119 2524 0 954
120 119 2524 0 955
120 120 2499 0 956
120 120 2499 0 957
120 120 2499 0 958
120 120 2499 0 959
120 119 2534 0 960
120 119 2534 0 961
120 119 2534 0 962
120 120 2504 0 963
120 120 2504 0 964
120 120 2504 0 965
120 119 2530 0 966
120 119 2530 0 967
120 119 2530 0 968
120 119 2530 0 969
120 120 2505 0 970
120 120 2505 0 971
120 120 2505 0 972
120 119 2539 0 973
120 119 2539 0 974
120 119 2539 0 975
120 120 2510 0 976
120 120 2510 0 977
120 120 2510 0 978
120 120 2510 0 979
120 119 2535 0 980
120 119 2535 0 981
120 119 2535 0 982
120 120 2511 0 983
120 120 2511 0 984
120 120 2511 0 985
120 119 2541 0 986
120 119 2541 0 987
120 119 2541 0 988
120 119 2541 0 989
120 120 2502 0 990
120 120 2502 0 991
120 120 2502 0 992
120 120 2527 0 993
120 120 2527 0 994
120 120 2527 0 995
120 120 2502 0 996
120 120 2502 0 997
120 120 2502 0 998
120 120 2502 0 999
120 120 2532 0 1000
120 120 2532 0 1001
120 120 2532 0 1002
120 120 2498 0 1003
120 120 2498 0 1004
120 120 2498 0 1005
120 119 2538 0 1006
120 119 2538 0 1007
120 119 2538 0 1008
120 119 2538 0 1009
120 120 2508 0 1010
120 120 2508 0 1011
120 120 2508 0 1012
120 119 2548 0 1013
120 119 2548 0 1014
120 119 2548 0 1015
120 120 2514 0 1016
120 120 2514 0 1017
120 120 2514 0 1018
120 120 2514 0 1019
120 119 2567 0 1020
120 119 2567 0 1021
120 119 2567 0 1022
120 120 2529 0 1023
120 120 2529 0 1024
120 120 2529 0 1025
120 119 2569 0 1026
120 119 2569 0 1027
120 119 2569 0 1028
120 119 2569 0 1029
120 120 2531 0 1030
120 120 2531 0 1031
120 120 2531 0 1032
120 119 2575 0 1033
120 119 2575 0 1034
120 119 2575 0 1035
120 120 2533 0 1036
120 120 2533 0 1037
120 120 2533 0 1038
120 120 2533 0 1039
120 119 2568 0 1040
120 119 2568 0 1041
120 119 2568 0 1042
120 120 2530 0 1043
120 120 2530 0 1044
120 120 2530 0 1045
120 119 2570 0 1046
120 119 2570 0 1047
120 119 2570 0 1048
120 119 2570 0 1049
120 120 2536 0 1050
120 120 2536 0 1051
120 120 2536 0 1052
120 119 2576 0 1053
120 119 2576 0 1054
120 119 2576 0 1055
120 120 2542 0 1056
120 120 2542 0 1057
120 120 2542 0 1058
120 120 2542 0 1059
120 119 2596 0 1060
120 119 2596 0 1061
120 119 2596 0 1062
120 120 2549 0 1063
120 120 2549 0 1064
120 120 2549 0 1065
120 119 2585 0 1066
120 119 2585 0 1067
120 119 2585 0 1068
120 119 2585 0 1069
120 120 2542 0 1070
120 120 2542 0 1071
120 120 2542 0 1072
120 119 2600 0 1073
120 119 2600 0 1074
120 119 2600 0 1075
120 120 2549 0 1076
120 120 2549 0 1077
120 120 2549 0 1078
120 120 2549 0 1079
120 119 2593 0 1080
120 119 2593 0 1081
120 119 2593 0 1082
120 120 2551 0 1083
120 120 2551 0 1084
120 120 2551 0 1085
120 119 2591 0 1086
120 119 2591 0 1087
120 119 2591 0 1088
120 119 2591 0 1089
120 120 2548 0 1090
120 120 2548 0 1091
120 120 2548 0 1092
120 119 2598 0 1093
120 119 2598 0 1094
120 119 2598 0 1095
120 120 2560 0 1096
120 120 2560 0 1097
120 120 2560 0 1098
120 120 2560 0 1099
120 120 2591 0 1100
120 120 2591 0 1101
120 120 2591 0 1102
120 120 2548 0 1103
120 120 2548 0 1104
120 120 2548 0 1105
120 119 2625 0 1106
120 119 2625 0 1107
120 119 2625 0 1108
120 119 2625 0 1109
120 119 2592 0 1110
120 119 2592 0 1111
120 119 2592 0 1112
120 119 2624 0 1113
120 119 2624 0 1114
120 119 2624 0 1115
120 120 2572 0 1116
120 120 2572 0 1117
120 120 2572 0 1118
120 120 2572 0 1119
120 119 2613 0 1120
120 119 2613 0 1121
120 119 2613 0 1122
120 120 2557 0 1123
120 120 2557 0 1124
120 120 2557 0 1125
120 119 2629 0 1126
120 119 2629 0 1127
120 119 2629 0 1128
120 119 2629 0 1129
120 120 2587 0 1130
120 120 2587 0 1131
120 120 2587 0 1132
120 119 2623 0 1133
120 119 2623 0 1134
120 119 2623 0 1135
120 120 2580 0 1136
120 120 2580 0 1137
120 120 2580 0 1138
120 120 2580 0 1139
120 119 2616 0 1140
120 119 2616 0 1141
120 119 2616 0 1142
120 120 2574 0 1143
120 120 2574 0 1144
120 120 2574 0 1145
120 119 2619 0 1146
120 119 2619 0 1147
120 119 2619 0 1148
120 119 2619 0 1149
120 120 2576 0 1150
120 120 2576 0 1151
120 120 2576 0 1152
120 120 2607 0 1153
120 120 2607 0 1154
120 120 2607 0 1155
120 120 2569 0 1156
120 120 2569 0 1157
120 120 2569 0 1158
120 120 2569 0 1159
120 119 2633 0 1160
120 119 2633 0 1161
120 119 2633 0 1162
120 120 2591 0 1163
120 120 2591 0 1164
120 120 2591 0 1165
120 119 2636 0 1166
120 119 2636 0 1167
120 119 2636 0 1168
120 119 2636 0 1169
120 120 2589 0 1170
120 120 2589 0 1171
120 120 2589 0 1172
120 119 2639 0 1173
120 119 2639 0 1174
120 119 2639 0 1175
120 120 2592 0 1176
120 120 2592 0 1177
120 120 2592 0 1178
120 120 2592 0 1179
120 119 2642 0 1180
120 119 2642 0 1181
120 119 2642 0 1182
120 120 2591 0 1183
120 120 2591 0 1184
120 120 2591 0 1185
120 120 2631 0 1186
120 120 2631 0 1187
120 120 2631 0 1188
120 120 2631 0 1189
120 120 2589 0 1190
120 120 2589 0 1191
120 120 2589 0 1192
120 119 2638 0 1193
120 119 2638 0 1194
120 119 2638 0 1195
120 120 2596 0 1196
120 120 2596 0 1197
120 120 2596 0 1198
120 120 2596 0 1199
120 120 2628 0 1200
120 120 2628 0 1201
120 120 2628 0 1202
120 120 2590 0 1203
120 120 2590 0 1204
120 120 2590 0 1205
120 120 2617 0 1206
120 120 2617 0 1207
120 120 2617 0 1208
120 120 2617 0 1209
120 120 2579 0 1210
120 120 2579 0 1211
120 120 2579 0 1212
120 120 2605 0 1213
120 120 2605 0 1214
120 120 2605 0 1215
120 120 2562 0 1216
120 120 2562 0 1217
120 120 2562 0 1218
120 120 2562 0 1219
120 120 2593 0 1220
120 120 2593 0 1221
120 120 2593 0 1222
120 121 2560 0 1223
120 121 2560 0 1224
120 121 2560 0 1225
120 120 2600 0 1226
120 120 2600 0 1227
120 120 2600 0 1228
120 120 2600 0 1229
120 120 2567 0 1230
120 120 2567 0 1231
120 120 2567 0 1232
120 120 2579 0 1233
120 120 2579 0 1234
120 120 2579 0 1235
120 121 2545 0 1236
120 121 2545 0 1237
120 121 2545 0 1238
120 121 2545 0 1239
120 121 2562 0 1240
120 121 2562 0 1241
120 121 2562 0 1242
120 121 2529 0 1243
120 121 2529 0 1244
120 121 2529 0 1245
120 121 2536 0 1246
120 121 2536 0 1247
120 121 2536 0 1248
120 121 2536 0 1249
120 121 2511 0 1250
120 121 2511 0 1251
120 121 2511 0 1252
120 121 2518 0 1253
120 121 2518 0 1254
120 121 2518 0 1255
120 121 2512 0 1256
120 121 2512 0 1257
120 121 2512 0 1258
120 121 2512 0 1259
120 121 2515 0 1260
120 121 2515 0 1261
120 121 2515 0 1262
120 121 2495 0 1263
120 121 2495 0 1264
120 121 2495 0 1265
120 121 2525 0 1266
120 121 2525 0 1267
120 121 2525 0 1268
120 121 2525 0 1269
120 121 2510 0 1270
120 121 2510 0 1271
120 121 2510 0 1272
120 121 2518 0 1273
120 121 2518 0 1274
120 121 2518 0 1275
120 121 2503 0 1276
120 121 2503 0 1277
120 121 2503 0 1278
120 121 2503 0 1279
120 121 2520 0 1280
120 121 2520 0 1281
120 121 2520 0 1282
120 121 2505 0 1283
120 121 2505 0 1284
120 121 2505 0 1285
120 121 2508 0 1286
120 121 2508 0 1287
120 121 2508 0 1288
120 121 2508 0 1289
120 120 2502 0 1290
120 120 2502 0 1291
120 120 2502 0 1292
120 121 2510 0 1293
120 121 2510 0 1294
120 121 2510 0 1295
120 120 2504 0 1296
120 120 2504 0 1297
120 120 2504 0 1298
120 120 2504 0 1299
120 120 2513 0 1300
120 120 2513 0 1301
120 120 2513 0 1302
120 120 2502 0 1303
120 120 2502 0 1304
120 120 2502 0 1305
120 120 2515 0 1306
120 120 2515 0 1307
120 120 2515 0 1308
120 120 2515 0 1309
120 120 2510 0 1310
120 120 2510 0 1311
120 120 2510 0 1312
120 120 2518 0 1313
120 120 2518 0 1314
120 120 2518 0 1315
120 120 2513 0 1316
120 120 2513 0 1317
120 120 2513 0 1318
120 120 2513 0 1319
120 120 2522 0 1320
120 120 2522 0 1321
120 120 2522 0 1322
120 120 2516 0 1323
120 120 2516 0 1324
120 120 2516 0 1325
120 120 2525 0 1326
120 120 2525 0 1327
120 120 2525 0 1328
120 120 2525 0 1329
120 120 2506 0 1330
120 120 2506 0 1331
120 120 2506 0 1332
120 120 2524 0 1333
120 120 2524 0 1334
120 120 2524 0 1335
120 120 2514 0 1336
120 120 2514 0 1337
120 120 2514 0 1338
120 120 2514 0 1339
120 120 2532 0 1340
120 120 2532 0 1341
120 120 2532 0 1342
120 120 2518 0 1343
120 120 2518 0 1344
120 120 2518 0 1345
120 120 2531 0 1346
120 120 2531 0 1347
120 120 2531 0 1348
120 120 2531 0 1349
120 120 2527 0 1350
120 120 2527 0 1351
120 120 2527 0 1352
120 120 2536 0 1353
120 120 2536 0 1354
120 120 2536 0 1355
120 120 2531 0 1356
120 120 2531 0 1357
120 120 2531 0 1358
120 120 2531 0 1359
120 120 2540 0 1360
120 120 2540 0 1361
120 120 2540 0 1362
120 120 2540 0 1363
120 120 2540 0 1364
120 120 2540 0 1365
120 120 2540 0 1366
120 120 2540 0 1367
120 120 2540 0 1368
120 120 2540 0 1369
120 120 2549 0 1370
120 120 2549 0 1371
120 120 2549 0 1372
120 120 2558 0 1373
120 120 2558 0 1374
120 120 2558 0 1375
120 120 2540 0 1376
120 120 2540 0 1377
120 120 2540 0 1378
120 120 2540 0 1379
120 120 2553 0 1380
120 120 2553 0 1381
120 120 2553 0 1382
120 120 2539 0 1383
120 120 2539 0 1384
120 120 2539 0 1385
120 120 2548 0 1386
120 120 2548 0 1387
120 120 2548 0 1388
120 120 2548 0 1389
120 120 2544 0 1390
120 120 2544 0 1391
120 120 2544 0 1392
120 120 2548 0 1393
120 120 2548 0 1394
120 120 2548 0 1395
120 120 2553 0 1396
120 120 2553 0 1397
120 120 2553 0 1398
120 120 2553 0 1399
120 120 2562 0 1400
120 120 2562 0 1401
120 120 2562 0 1402
120 120 2553 0 1403
120 120 2553 0 1404
120 120 2553 0 1405
120 120 2553 0 1406
120 120 2553 0 1407
120 120 2553 0 1408
120 120 2553 0 1409
120 120 2553 0 1410
120 120 2553 0 1411
120 120 2553 0 1412
120 120 2557 0 1413
120 120 2557 0 1414
120 120 2557 0 1415
120 120 2553 0 1416
120 120 2553 0 1417
120 120 2553 0 1418
120 120 2553 0 1419
120 120 2548 0 1420
120 120 2548 0 1421
120 120 2548 0 1422
120 120 2548 0 1423
120 120 2548 0 1424
120 120 2548 0 1425
120 120 2557 0 1426
120 120 2557 0 1427
120 120 2557 0 1428
120 120 2557 0 1429
120 120 2561 0 1430
120 120 2561 0 1431
120 120 2561 0 1432
120 120 2575 0 1433
120 120 2575 0 1434
120 120 2575 0 1435
120 120 2562 0 1436
120 120 2562 0 1437
120 120 2562 0 1438
120 120 2562 0 1439
120 120 2566 0 1440
120 120 2566 0 1441
120 120 2566 0 1442
120 120 2571 0 1443
120 120 2571 0 1444
120 120 2571 0 1445
120 120 2562 0 1446
120 120 2562 0 1447
120 120 2562 0 1448
120 120 2562 0 1449
120 120 2575 0 1450
120 120 2575 0 1451
120 120 2575 0 1452
120 120 2576 0 1453
120 120 2576 0 1454
120 120 2576 0 1455
120 120 2576 0 1456
120 120 2576 0 1457
120 120 2576 0 1458
120 120 2576 0 1459
120 120 2567 0 1460
120 120 2567 0 1461
120 120 2567 0 1462
120 119 2580 0 1463
120 119 2580 0 1464
120 119 2580 0 1465
120 120 2562 0 1466
120 120 2562 0 1467
120 120 2562 0 1468
120 120 2562 0 1469
120 119 2580 0 1470
120 119 2580 0 1471
120 119 2580 0 1472
120 120 2571 0 1473
120 120 2571 0 1474
120 120 2571 0 1475
120 120 2576 0 1476
120 120 2576 0 1477
120 120 2576 0 1478
120 120 2576 0 1479
120 120 2580 0 1480
120 120 2580 0 1481
120 120 2580 0 1482
120 120 2585 0 1483
120 120 2585 0 1484
120 120 2585 0 1485
120 120 2576 0 1486
120 120 2576 0 1487
120 120 2576 0 1488
120 120 2576 0 1489
120 120 2585 0 1490
120 120 2585 0 1491
120 120 2585 0 1492
120 120 2585 0 1493
120 120 2585 0 1494
120 120 2585 0 1495
120 119 2590 0 1496
120 119 2590 0 1497
120 119 2590 0 1498
120 119 2590 0 1499
120 120 2585 0 1500
120 120 2585 0 1501
120 120 2585 0 1502
120 119 2595 0 1503
120 119 2595 0 1504
120 119 2595 0 1505
120 120 2595 0 1506
120 120 2595 0 1507
120 120 2595 0 1508
120 120 2595 0 1509
120 120 2590 0 1510
120 120 2590 0 1511
120 120 2590 0 1512
120 120 2590 0 1513
120 120 2590 0 1514
120 120 2590 0 1515
120 120 2604 0 1516
120 120 2604 0 1517
120 120 2604 0 1518
120 120 2604 0 1519
120 120 2600 0 1520
120 120 2600 0 1521
120 120 2600 0 1522
120 120 2595 0 1523
120 120 2595 0 1524
120 120 2595 0 1525
120 120 2600 0 1526
120 120 2600 0 1527
120 120 2600 0 1528
120 120 2600 0 1529
120 120 2605 0 1530
120 120 2605 0 1531
120 120 2605 0 1532
120 120 2591 0 1533
120 120 2591 0 1534
120 120 2591 0 1535
120 120 2610 0 1536
120 120 2610 0 1537
120 120 2610 0 1538
120 120 2610 0 1539
120 120 2591 0 1540
120 120 2591 0 1541
120 120 2591 0 1542
120 120 2614 0 1543
120 120 2614 0 1544
120 120 2614 0 1545
120 120 2601 0 1546
120 120 2601 0 1547
120 120 2601 0 1548
120 120 2601 0 1549
120 120 2614 0 1550
120 120 2614 0 1551
120 120 2614 0 1552
120 120 2601 0 1553
120 120 2601 0 1554
120 120 2601 0 1555
120 120 2610 0 1556
120 120 2610 0 1557
120 120 2610 0 1558
120 120 2610 0 1559
120 120 2610 0 1560
120 120 2610 0 1561
120 120 2610 0 1562
120 120 2619 0 1563
120 120 2619 0 1564
120 120 2619 0 1565
120 120 2601 0 1566
120 120 2601 0 1567
120 120 2601 0 1568
120 120 2601 0 1569
120 120 2606 0 1570
120 120 2606 0 1571
120 120 2606 0 1572
120 120 2596 0 1573
120 120 2596 0 1574
120 120 2596 0 1575
120 120 2615 0 1576
120 120 2615 0 1577
120 120 2615 0 1578
120 120 2615 0 1579
120 120 2601 0 1580
120 120 2601 0 1581
120 120 2601 0 1582
120 120 2614 0 1583
120 120 2614 0 1584
120 120 2614 0 1585
120 120 2601 0 1586
120 120 2601 0 1587
120 120 2601 0 1588
120 120 2601 0 1589
120 119 2624 0 1590
120 119 2624 0 1591
120 119 2624 0 1592
120 120 2615 0 1593
120 120 2615 0 1594
120 120 2615 0 1595
120 120 2619 0 1596
120 120 2619 0 1597
120 120 2619 0 1598
120 120 2619 0 1599
120 120 2605 0 1600
120 120 2605 0 1601
120 120 2605 0 1602
120 120 2614 0 1603
120 120 2614 0 1604
120 120 2614 0 1605
120 120 2605 0 1606
120 120 2605 0 1607
120 120 2605 0 1608
120 120 2605 0 1609
120 120 2614 0 1610
120 120 2614 0 1611
120 120 2614 0 1612
120 120 2596 0 1613
120 120 2596 0 1614
120 120 2596 0 1615
120 120 2619 0 1616
120 120 2619 0 1617
120 120 2619 0 1618
120 120 2619 0 1619
120 120 2600 0 1620
120 120 2600 0 1621
120 120 2600 0 1622
120 120 2618 0 1623
120 120 2618 0 1624
120 120 2618 0 1625
120 120 2586 0 1626
120 120 2586 0 1627
120 120 2586 0 1628
120 120 2586 0 1629
120 120 2604 0 1630
120 120 2604 0 1631
120 120 2604 0 1632
120 120 2571 0 1633
120 120 2571 0 1634
120 120 2571 0 1635
120 120 2608 0 1636
120 120 2608 0 1637
120 120 2608 0 1638
120 120 2608 0 1639
120 120 2566 0 1640
120 120 2566 0 1641
120 120 2566 0 1642
120 120 2607 0 1643
120 120 2607 0 1644
120 120 2607 0 1645
120 120 2574 0 1646
120 120 2574 0 1647
120 120 2574 0 1648
120 120 2574 0 1649
120 120 2620 0 1650
120 120 2620 0 1651
120 120 2620 0 1652
120 120 2583 0 1653
120 120 2583 0 1654
120 120 2583 0 1655
120 120 2610 0 1656
120 120 2610 0 1657
120 120 2610 0 1658
120 120 2610 0 1659
120 120 2573 0 1660
120 120 2573 0 1661
120 120 2573 0 1662
120 119 2661 0 1663
120 119 2661 0 1664
120 119 2661 0 1665
120 120 2643 0 1666
120 120 2643 0 1667
120 120 2643 0 1668
120 120 2643 0 1669
120 119 2662 0 1670
120 119 2662 0 1671
120 119 2662 0 1672
120 120 2635 0 1673
120 120 2635 0 1674
120 120 2635 0 1675
120 119 2663 0 1676
120 119 2663 0 1677
120 119 2663 0 1678
120 119 2663 0 1679
120 120 2632 0 1680
120 120 2632 0 1681
120 120 2632 0 1682
120 119 2646 0 1683
120 119 2646 0 1684
120 119 2646 0 1685
120 120 2618 0 1686
120 120 2618 0 1687
120 120 2618 0 1688
120 120 2618 0 1689
120 120 2637 0 1690
120 120 2637 0 1691
120 120 2637 0 1692
120 120 2614 0 1693
120 120 2614 0 1694
120 120 2614 0 1695
120 120 2646 0 1696
120 120 2646 0 1697
120 120 2646 0 1698
120 120 2646 0 1699
120 120 2609 0 1700
120 120 2609 0 1701
120 120 2609 0 1702
120 120 2636 0 1703
120 120 2636 0 1704
120 120 2636 0 1705
120 120 2604 0 1706
120 120 2604 0 1707
120 120 2604 0 1708
120 120 2604 0 1709
120 119 2678 0 1710
120 119 2678 0 1711
120 119 2678 0 1712
120 120 2655 0 1713
120 120 2655 0 1714
120 120 2655 0 1715
120 119 2670 0 1716
120 119 2670 0 1717
120 119 2670 0 1718
120 119 2670 0 1719
120 120 2633 0 1720
120 120 2633 0 1721
120 120 2633 0 1722
120 119 2661 0 1723
120 119 2661 0 1724
120 119 2661 0 1725
120 120 2633 0 1726
120 120 2633 0 1727
120 120 2633 0 1728
120 120 2633 0 1729
120 120 2656 0 1730
120 120 2656 0 1731
120 120 2656 0 1732
120 120 2615 0 1733
120 120 2615 0 1734
120 120 2615 0 1735
120 120 2652 0 1736
120 120 2652 0 1737
120 120 2652 0 1738
120 120 2652 0 1739
120 120 2619 0 1740
120 120 2619 0 1741
120 120 2619 0 1742
120 120 2647 0 1743
120 120 2647 0 1744
120 120 2647 0 1745
120 120 2614 0 1746
120 120 2614 0 1747
120 120 2614 0 1748
120 120 2614 0 1749
120 120 2633 0 1750
120 120 2633 0 1751
120 120 2633 0 1752
120 121 2600 0 1753
120 121 2600 0 1754
120 121 2600 0 1755
120 120 2622 0 1756
120 120 2622 0 1757
120 120 2622 0 1758
120 120 2622 0 1759
120 121 2594 0 1760
120 121 2594 0 1761
120 121 2594 0 1762
120 120 2621 0 1763
120 120 2621 0 1764
120 120 2621 0 1765
120 121 2589 0 1766
120 121 2589 0 1767
120 121 2589 0 1768
120 121 2589 0 1769
120 120 2602 0 1770
120 120 2602 0 1771
120 120 2602 0 1772
120 121 2569 0 1773
120 121 2569 0 1774
120 121 2569 0 1775
120 120 2591 0 1776
120 120 2591 0 1777
120 120 2591 0 1778
120 120 2591 0 1779
120 121 2563 0 1780
120 121 2563 0 1781
120 121 2563 0 1782
120 120 2585 0 1783
120 120 2585 0 1784
120 120 2585 0 1785
120 121 2561 0 1786
120 121 2561 0 1787
120 121 2561 0 1788
120 121 2561 0 1789
120 120 2588 0 1790
120 120 2588 0 1791
120 120 2588 0 1792
120 121 2560 0 1793
120 121 2560 0 1794
120 121 2560 0 1795
120 120 2582 0 1796
120 120 2582 0 1797
120 120 2582 0 1798
120 120 2582 0 1799
120 121 2554 0 1800
120 121 2554 0 1801
120 121 2554 0 1802
120 120 2581 0 1803
120 120 2581 0 1804
120 120 2581 0 1805
120 121 2553 0 1806
120 121 2553 0 1807
120 121 2553 0 1808
120 121 2553 0 1809
120 120 2580 0 1810
120 120 2580 0 1811
120 120 2580 0 1812
120 121 2538 0 1813
120 121 2538 0 1814
120 121 2538 0 1815
120 120 2587 0 1816
120 120 2587 0 1817
120 120 2587 0 1818
120 120 2587 0 1819
120 120 2546 0 1820
120 120 2546 0 1821
120 120 2546 0 1822
120 120 2587 0 1823
120 120 2587 0 1824
120 120 2587 0 1825
120 121 2550 0 1826
120 121 2550 0 1827
120 121 2550 0 1828
120 121 2550 0 1829
120 120 2581 0 1830
120 120 2581 0 1831
120 120 2581 0 1832
120 121 2544 0 1833
120 121 2544 0 1834
120 121 2544 0 1835
120 120 2595 0 1836
120 120 2595 0 1837
120 120 2595 0 1838
120 120 2595 0 1839
120 120 2562 0 1840
120 120 2562 0 1841
120 120 2562 0 1842
120 120 2604 0 1843
120 120 2604 0 1844
120 120 2604 0 1845
120 120 2562 0 1846
120 120 2562 0 1847
120 120 2562 0 1848
120 120 2562 0 1849
120 120 2608 0 1850
120 120 2608 0 1851
120 120 2608 0 1852
120 120 2563 0 1853
120 120 2563 0 1854
120 120 2563 0 1855
120 120 2609 0 1856
120 120 2609 0 1857
120 120 2609 0 1858
120 120 2609 0 1859
120 120 2567 0 1860
120 120 2567 0 1861
120 120 2567 0 1862
120 120 2609 0 1863
120 120 2609 0 1864
120 120 2609 0 1865
120 120 2563 0 1866
120 120 2563 0 1867
120 120 2563 0 1868
120 120 2563 0 1869
120 120 2604 0 1870
120 120 2604 0 1871
120 120 2604 0 1872
120 120 2563 0 1873
120 120 2563 0 1874
120 120 2563 0 1875
120 120 2614 0 1876
120 120 2614 0 1877
120 120 2614 0 1878
120 120 2614 0 1879
120 120 2568 0 1880
120 120 2568 0 1881
120 120 2568 0 1882
120 120 2619 0 1883
120 120 2619 0 1884
120 120 2619 0 1885
120 120 2568 0 1886
120 120 2568 0 1887
120 120 2568 0 1888
120 120 2568 0 1889
120 119 2628 0 1890
120 119 2628 0 1891
120 119 2628 0 1892
120 120 2578 0 1893
120 120 2578 0 1894
120 120 2578 0 1895
120 119 2629 0 1896
120 119 2629 0 1897
120 119 2629 0 1898
120 119 2629 0 1899
120 120 2574 0 1900
120 120 2574 0 1901
120 120 2574 0 1902
120 119 2648 0 1903
120 119 2648 0 1904
120 119 2648 0 1905
120 120 2626 0 1906
120 120 2626 0 1907
120 120 2626 0 1908
120 120 2626 0 1909
120 119 2649 0 1910
120 119 2649 0 1911
120 119 2649 0 1912
120 120 2604 0 1913
120 120 2604 0 1914
120 120 2604 0 1915
120 119 2650 0 1916
120 119 2650 0 1917
120 119 2650 0 1918
120 119 2650 0 1919
120 120 2600 0 1920
120 120 2600 0 1921
120 120 2600 0 1922
120 119 2656 0 1923
120 119 2656 0 1924
120 119 2656 0 1925
120 120 2601 0 1926
120 120 2601 0 1927
120 120 2601 0 1928
120 120 2601 0 1929
120 119 2643 0 1930
120 119 2643 0 1931
120 119 2643 0 1932
120 120 2606 0 1933
120 120 2606 0 1934
120 120 2606 0 1935
120 119 2657 0 1936
120 119 2657 0 1937
120 119 2657 0 1938
120 119 2657 0 1939
120 120 2603 0 1940
120 120 2603 0 1941
120 120 2603 0 1942
120 120 2639 0 1943
120 120 2639 0 1944
120 120 2639 0 1945
120 120 2584 0 1946
120 120 2584 0 1947
120 120 2584 0 1948
120 120 2584 0 1949
120 120 2635 0 1950
120 120 2635 0 1951
120 120 2635 0 1952
120 120 2575 0 1953
120 120 2575 0 1954
120 120 2575 0 1955
120 120 2621 0 1956
120 120 2621 0 1957
120 120 2621 0 1958
120 120 2621 0 1959
120 120 2574 0 1960
120 120 2574 0 1961
120 120 2574 0 1962
120 120 2620 0 1963
120 120 2620 0 1964
120 120 2620 0 1965
120 120 2574 0 1966
120 120 2574 0 1967
120 120 2574 0 1968
120 120 2574 0 1969
120 120 2643 0 1970
120 120 2643 0 1971
120 120 2643 0 1972
120 120 2583 0 1973
120 120 2583 0 1974
120 120 2583 0 1975
120 120 2634 0 1976
120 120 2634 0 1977
120 120 2634 0 1978
120 120 2634 0 1979
120 120 2579 0 1980
120 120 2579 0 1981
120 120 2579 0 1982
120 120 2629 0 1983
120 120 2629 0 1984
120 120 2629 0 1985
120 120 2583 0 1986
120 120 2583 0 1987
120 120 2583 0 1988
120 120 2583 0 1989
120 120 2629 0 1990
120 120 2629 0 1991
120 120 2629 0 1992
120 120 2588 0 1993
120 120 2588 0 1994
120 120 2588 0 1995
120 120 2634 0 1996
120 120 2634 0 1997
120 120 2634 0 1998
120 120 2634 0 1999