0 0 1000 0 0
0 0 1000 0 1
0 0 1000 0 2
0 0 1000 0 3
0 0 1000 0 4
0 3 1000 0 5
0 3 1000 0 6
0 5 1000 0 7
0 5 1000 0 8
0 5 1000 0 9
0 8 1000 0 10
0 8 1000 0 11
0 12 1000 0 12
0 12 1000 0 13
0 12 1000 0 14
0 15 1000 0 15
0 15 1000 0 16
0 18 1000 0 17
0 18 1000 0 18
0 18 1000 0 19
0 20 1000 0 20
0 20 1000 0 21
0 23 1000 0 22
0 23 1000 0 23
0 23 1000 0 24
0 26 1000 0 25
0 26 1000 0 26
0 28 1000 0 27
0 28 1000 0 28
0 28 1000 0 29
0 30 1000 0 30
0 30 1000 0 31
0 33 1000 0 32
0 33 1000 0 33
0 33 1000 0 34
0 35 1000 0 35
0 35 1000 0 36
61 36 1352 0 37
61 36 1352 0 38
61 36 1352 0 39
62 38 1408 0 40
62 38 1408 0 41
63 41 1386 0 42
63 41 1386 0 43
63 41 1386 0 44
64 43 1375 0 45
64 43 1375 0 46
65 45 1422 0 47
65 45 1422 0 48
65 45 1422 0 49
66 47 1445 0 50
66 47 1445 0 51
67 49 1416 0 52
67 49 1416 0 53
67 49 1416 0 54
68 51 1468 0 55
68 51 1468 0 56
69 52 1515 0 57
69 52 1515 0 58
69 52 1515 0 59
70 55 1497 0 60
70 55 1497 0 61
71 56 1515 0 62
71 56 1515 0 63
71 56 1515 0 64
72 57 1573 0 65
72 57 1573 0 66
73 59 1603 0 67
73 59 1603 0 68
73 59 1603 0 69
74 61 1604 0 70
74 61 1604 0 71
75 62 1656 0 72
75 62 1656 0 73
75 62 1656 0 74
76 63 1702 0 75
76 63 1702 0 76
77 65 1702 0 77
77 65 1702 0 78
77 65 1702 0 79
78 66 1761 0 80
78 66 1761 0 81
79 67 1811 0 82
79 67 1811 0 83
79 67 1811 0 84
80 69 1810 0 85
80 69 1810 0 86
81 70 1868 0 87
81 70 1868 0 88
81 70 1868 0 89
82 71 1935 0 90
82 71 1935 0 91
83 72 1933 0 92
83 72 1933 0 93
83 72 1933 0 94
84 73 1990 0 95
84 73 1990 0 96
85 74 2061 0 97
85 74 2061 0 98
85 74 2061 0 99
86 76 2062 0 100
86 76 2062 0 101
87 76 2128 0 102
87 76 2128 0 103
87 76 2128 0 104
88 77 2198 0 105
88 77 2198 0 106
89 79 2204 0 107
89 79 2204 0 108
89 79 2204 0 109
90 80 2232 0 110
90 80 2232 0 111
91 81 2256 0 112
91 81 2256 0 113
91 81 2256 0 114
92 84 2204 0 115
92 84 2204 0 116
93 85 2234 0 117
93 85 2234 0 118
93 85 2234 0 119
94 87 2218 0 120
94 87 2218 0 121
95 88 2209 0 122
95 88 2209 0 123
95 88 2209 0 124
96 89 2261 0 125
96 89 2261 0 126
97 91 2229 0 127
97 91 2229 0 128
97 91 2229 0 129
98 91 2270 0 130
98 91 2270 0 131
99 93 2274 0 132
99 93 2274 0 133
99 93 2274 0 134
100 94 2282 0 135
100 94 2282 0 136
101 95 2313 0 137
101 95 2313 0 138
101 95 2313 0 139
102 97 2293 0 140
102 97 2293 0 141
103 97 2364 0 142
103 97 2364 0 143
103 97 2364 0 144
104 99 2353 0 145
104 99 2353 0 146
105 100 2392 0 147
105 100 2392 0 148
105 100 2392 0 149
106 101 2427 0 150
106 101 2427 0 151
107 102 2434 0 152
107 102 2434 0 153
107 102 2434 0 154
108 102 2515 0 155
108 102 2515 0 156
109 104 2513 0 157
109 104 2513 0 158
109 104 2513 0 159
110 104 2585 0 160
110 104 2585 0 161
111 106 2579 0 162
111 106 2579 0 163
111 106 2579 0 164
112 106 2609 0 165
112 106 2609 0 166
113 108 2570 0 167
113 108 2570 0 168
113 108 2570 0 169
114 110 2567 0 170
114 110 2567 0 171
115 111 2553 0 172
115 111 2553 0 173
115 111 2553 0 174
116 112 2563 0 175
116 112 2563 0 176
117 114 2553 0 177
117 114 2553 0 178
117 114 2553 0 179
118 115 2566 0 180
118 115 2566 0 181
119 116 2589 0 182
119 116 2589 0 183
119 116 2589 0 184
120 117 2597 0 185
120 117 2597 0 186
120 118 2547 0 187
120 118 2547 0 188
120 118 2547 0 189
120 119 2482 0 190
120 119 2482 0 191
120 119 2450 0 192
120 119 2450 0 193
120 119 2450 0 194
120 120 2381 0 195
120 120 2381 0 196
120 121 2349 0 197
120 121 2349 0 198
120 121 2349 0 199
120 121 2300 0 200
120 121 2300 0 201
120 121 2296 0 202
120 121 2296 0 203
120 121 2296 0 204
120 122 2248 0 205
120 122 2248 0 206
120 122 2264 0 207
120 122 2264 0 208
120 122 2264 0 209
120 122 2208 0 210
120 122 2208 0 211
120 121 2258 0 212
120 121 2258 0 213
120 121 2258 0 214
120 122 2223 0 215
120 122 2223 0 216
120 121 2234 0 217
120 121 2234 0 218
120 121 2234 0 219
120 122 2214 0 220
120 122 2214 0 221
120 122 2214 0 222
120 122 2214 0 223
120 122 2214 0 224
120 122 2228 0 225
120 122 2228 0 226
120 122 2197 0 227
120 122 2197 0 228
120 122 2197 0 229
120 122 2213 0 230
120 122 2213 0 231
120 122 2180 0 232
120 122 2180 0 233
120 122 2180 0 234
120 121 2225 0 235
120 121 2225 0 236
120 122 2194 0 237
120 122 2194 0 238
120 122 2194 0 239
120 121 2223 0 240
120 121 2223 0 241
120 122 2189 0 242
120 122 2189 0 243
120 122 2189 0 244
120 121 2220 0 245
120 121 2220 0 246
120 121 2224 0 247
120 121 2224 0 248
120 121 2224 0 249
120 121 2211 0 250
120 121 2211 0 251
120 121 2222 0 252
120 121 2222 0 253
120 121 2222 0 254
120 121 2206 0 255
120 121 2206 0 256
120 121 2236 0 257
120 121 2236 0 258
120 121 2236 0 259
120 121 2204 0 260
120 121 2204 0 261
120 120 2263 0 262
120 120 2263 0 263
120 120 2263 0 264
120 121 2242 0 265
120 121 2242 0 266
120 120 2285 0 267
120 120 2285 0 268
120 120 2285 0 269
120 120 2266 0 270
120 120 2266 0 271
120 120 2283 0 272
120 120 2283 0 273
120 120 2283 0 274
120 120 2278 0 275
120 120 2278 0 276
120 120 2279 0 277
120 120 2279 0 278
120 120 2279 0 279
120 120 2294 0 280
120 120 2294 0 281
120 120 2268 0 282
120 120 2268 0 283
120 120 2268 0 284
120 120 2307 0 285
120 120 2307 0 286
120 120 2278 0 287
120 120 2278 0 288
120 120 2278 0 289
120 120 2323 0 290
120 120 2323 0 291
120 120 2291 0 292
120 120 2291 0 293
120 120 2291 0 294
120 119 2328 0 295
120 119 2328 0 296
120 120 2311 0 297
120 120 2311 0 298
120 120 2311 0 299
120 119 2340 0 300
120 119 2340 0 301
120 120 2310 0 302
120 120 2310 0 303
120 120 2310 0 304
120 119 2354 0 305
120 119 2354 0 306
120 120 2330 0 307
120 120 2330 0 308
120 120 2330 0 309
120 119 2348 0 310
120 119 2348 0 311
120 119 2366 0 312
120 119 2366 0 313
120 119 2366 0 314
120 120 2353 0 315
120 120 2353 0 316
120 120 2363 0 317
120 120 2363 0 318
120 120 2363 0 319
120 120 2341 0 320
120 120 2341 0 321
120 119 2371 0 322
120 119 2371 0 323
120 119 2371 0 324
120 119 2350 0 325
120 119 2350 0 326
120 119 2408 0 327
120 119 2408 0 328
120 119 2408 0 329
120 119 2375 0 330
120 119 2375 0 331
120 118 2448 0 332
120 118 2448 0 333
120 118 2448 0 334
120 119 2435 0 335
120 119 2435 0 336
120 118 2444 0 337
120 118 2444 0 338
120 118 2444 0 339
120 119 2418 0 340
120 119 2418 0 341
120 119 2442 0 342
120 119 2442 0 343
120 119 2442 0 344
120 119 2416 0 345
120 119 2416 0 346
120 119 2432 0 347
120 119 2432 0 348
120 119 2432 0 349
120 119 2406 0 350
120 119 2406 0 351
120 119 2427 0 352
120 119 2427 0 353
120 119 2427 0 354
120 119 2420 0 355
120 119 2420 0 356
120 119 2414 0 357
120 119 2414 0 358
120 119 2414 0 359
120 119 2427 0 360
120 119 2427 0 361
120 120 2417 0 362
120 120 2417 0 363
120 120 2417 0 364
120 120 2430 0 365
120 120 2430 0 366
120 120 2416 0 367
120 120 2416 0 368
120 120 2416 0 369
120 119 2430 0 370
120 119 2430 0 371
120 120 2412 0 372
120 120 2412 0 373
120 120 2412 0 374
120 119 2436 0 375
120 119 2436 0 376
120 120 2414 0 377
120 120 2414 0 378
120 120 2414 0 379
120 119 2457 0 380
120 119 2457 0 381
120 120 2422 0 382
120 120 2422 0 383
120 120 2422 0 384
120 119 2475 0 385
120 119 2475 0 386
120 119 2445 0 387
120 119 2445 0 388
120 119 2445 0 389
120 119 2485 0 390
120 119 2485 0 391
120 119 2471 0 392
120 119 2471 0 393
120 119 2471 0 394
120 119 2493 0 395
120 119 2493 0 396
120 120 2465 0 397
120 120 2465 0 398
120 120 2465 0 399
120 119 2506 0 400
120 119 2506 0 401
120 119 2474 0 402
120 119 2474 0 403
120 119 2474 0 404
120 119 2497 0 405
120 119 2497 0 406
120 119 2480 0 407
120 119 2480 0 408
120 119 2480 0 409
120 119 2513 0 410
120 119 2513 0 411
120 119 2496 0 412
120 119 2496 0 413
120 119 2496 0 414
120 119 2520 0 415
120 119 2520 0 416
120 119 2513 0 417
120 119 2513 0 418
120 119 2513 0 419
120 119 2524 0 420
120 119 2524 0 421
120 119 2522 0 422
120 119 2522 0 423
120 119 2522 0 424
120 119 2515 0 425
120 119 2515 0 426
120 119 2531 0 427
120 119 2531 0 428
120 119 2531 0 429
120 119 2516 0 430
120 119 2516 0 431
120 119 2533 0 432
120 119 2533 0 433
120 119 2533 0 434
120 120 2509 0 435
120 120 2509 0 436
120 120 2517 0 437
120 120 2517 0 438
120 120 2517 0 439
120 120 2502 0 440
120 120 2502 0 441
120 120 2519 0 442
120 120 2519 0 443
120 120 2519 0 444
120 120 2500 0 445
120 120 2500 0 446
120 120 2513 0 447
120 120 2513 0 448
120 120 2513 0 449
120 120 2490 0 450
120 120 2490 0 451
120 119 2535 0 452
120 119 2535 0 453
120 119 2535 0 454
120 120 2517 0 455
120 120 2517 0 456
120 119 2555 0 457
120 119 2555 0 458
120 119 2555 0 459
120 120 2519 0 460
120 120 2519 0 461
120 119 2570 0 462
120 119 2570 0 463
120 119 2570 0 464
120 120 2526 0 465
120 120 2526 0 466
120 119 2564 0 467
120 119 2564 0 468
120 119 2564 0 469
120 120 2529 0 470
120 120 2529 0 471
120 119 2595 0 472
120 119 2595 0 473
120 119 2595 0 474
120 119 2584 0 475
120 119 2584 0 476
120 119 2610 0 477
120 119 2610 0 478
120 119 2610 0 479
120 120 2576 0 480
120 120 2576 0 481
120 119 2592 0 482
120 119 2592 0 483
120 119 2592 0 484
120 120 2568 0 485
120 120 2568 0 486
120 120 2575 0 487
120 120 2575 0 488
120 120 2575 0 489
120 120 2555 0 490
120 120 2555 0 491
120 120 2571 0 492
120 120 2571 0 493
120 120 2571 0 494
120 120 2552 0 495
120 120 2552 0 496
120 120 2568 0 497
120 120 2568 0 498
120 120 2568 0 499
120 120 2549 0 500
120 120 2549 0 501
120 120 2566 0 502
120 120 2566 0 503
120 120 2566 0 504
120 120 2542 0 505
120 120 2542 0 506
120 120 2564 0 507
120 120 2564 0 508
120 120 2564 0 509
120 120 2531 0 510
120 120 2531 0 511
120 120 2562 0 512
120 120 2562 0 513
120 120 2562 0 514
120 120 2525 0 515
120 120 2525 0 516
120 119 2584 0 517
120 119 2584 0 518
120 119 2584 0 519
120 120 2556 0 520
120 120 2556 0 521
120 119 2580 0 522
120 119 2580 0 523
120 119 2580 0 524
120 120 2571 0 525
120 120 2571 0 526
120 120 2585 0 527
120 120 2585 0 528
120 120 2585 0 529
120 120 2577 0 530
120 120 2577 0 531
120 120 2582 0 532
120 120 2582 0 533
120 120 2582 0 534
120 120 2583 0 535
120 120 2583 0 536
120 120 2584 0 537
120 120 2584 0 538
120 120 2584 0 539
120 120 2585 0 540
120 120 2585 0 541
120 120 2591 0 542
120 120 2591 0 543
120 120 2591 0 544
120 120 2583 0 545
120 120 2583 0 546
120 120 2585 0 547
120 120 2585 0 548
120 120 2585 0 549
120 120 2595 0 550
120 120 2595 0 551
120 120 2588 0 552
120 120 2588 0 553
120 120 2588 0 554
120 120 2599 0 555
120 120 2599 0 556
120 120 2597 0 557
120 120 2597 0 558
120 120 2597 0 559
120 120 2599 0 560
120 120 2599 0 561
120 120 2596 0 562
120 120 2596 0 563
120 120 2596 0 564
120 120 2589 0 565
120 120 2589 0 566
120 120 2578 0 567
120 120 2578 0 568
120 120 2578 0 569
120 120 2589 0 570
120 120 2589 0 571
120 120 2578 0 572
120 120 2578 0 573
120 120 2578 0 574
120 120 2585 0 575
120 120 2585 0 576
120 120 2569 0 577
120 120 2569 0 578
120 120 2569 0 579
120 120 2580 0 580
120 120 2580 0 581
120 120 2565 0 582
120 120 2565 0 583
120 120 2565 0 584
120 120 2567 0 585
120 120 2567 0 586
120 120 2551 0 587
120 120 2551 0 588
120 120 2551 0 589
120 120 2568 0 590
120 120 2568 0 591
120 120 2552 0 592
120 120 2552 0 593
120 120 2552 0 594
120 120 2564 0 595
120 120 2564 0 596
120 120 2553 0 597
120 120 2553 0 598
120 120 2553 0 599
120 120 2561 0 600
120 120 2561 0 601
120 120 2546 0 602
120 120 2546 0 603
120 120 2546 0 604
120 120 2554 0 605
120 120 2554 0 606
120 120 2534 0 607
120 120 2534 0 608
120 120 2534 0 609
120 120 2551 0 610
120 120 2551 0 611
120 120 2531 0 612
120 120 2531 0 613
120 120 2531 0 614
120 120 2539 0 615
120 120 2539 0 616
120 120 2529 0 617
120 120 2529 0 618
120 120 2529 0 619
120 120 2542 0 620
120 120 2542 0 621
120 120 2527 0 622
120 120 2527 0 623
120 120 2527 0 624
120 120 2559 0 625
120 120 2559 0 626
120 120 2549 0 627
120 120 2549 0 628
120 120 2549 0 629
120 120 2572 0 630
120 120 2572 0 631
120 120 2558 0 632
120 120 2558 0 633
120 120 2558 0 634
120 120 2581 0 635
120 120 2581 0 636
120 120 2559 0 637
120 120 2559 0 638
120 120 2559 0 639
120 119 2596 0 640
120 119 2596 0 641
120 120 2573 0 642
120 120 2573 0 643
120 120 2573 0 644
120 119 2606 0 645
120 119 2606 0 646
120 119 2589 0 647
120 119 2589 0 648
120 119 2589 0 649
120 119 2622 0 650
120 119 2622 0 651
120 119 2595 0 652
120 119 2595 0 653
120 119 2595 0 654
120 119 2647 0 655
120 119 2647 0 656
120 119 2612 0 657
120 119 2612 0 658
120 119 2612 0 659
120 119 2659 0 660
120 119 2659 0 661
120 119 2620 0 662
120 119 2620 0 663
120 119 2620 0 664
120 119 2677 0 665
120 119 2677 0 666
120 119 2642 0 667
120 119 2642 0 668
120 119 2642 0 669
120 119 2685 0 670
120 119 2685 0 671
120 119 2655 0 672
120 119 2655 0 673
120 119 2655 0 674
120 118 2712 0 675
120 118 2712 0 676
120 119 2710 0 677
120 119 2710 0 678
120 119 2710 0 679
120 118 2778 0 680
120 118 2778 0 681
120 118 2795 0 682
120 118 2795 0 683
120 118 2795 0 684
120 116 2896 0 685
120 116 2896 0 686
120 116 2980 0 687
120 116 2980 0 688
120 116 2980 0 689
120 115 3061 0 690
120 115 3061 0 691
120 113 3203 0 692
120 113 3203 0 693
120 113 3203 0 694
120 113 3254 0 695
120 113 3254 0 696
120 112 3366 0 697
120 112 3366 0 698
120 112 3366 0 699
120 112 3400 0 700
120 112 3400 0 701
120 111 3550 0 702
120 111 3550 0 703
120 111 3550 0 704
120 111 3558 0 705
120 111 3558 0 706
120 111 3593 0 707
120 111 3593 0 708
120 111 3593 0 709
120 112 3591 0 710
120 112 3591 0 711
120 112 3616 0 712
120 112 3616 0 713
120 112 3616 0 714
120 113 3594 0 715
120 113 3594 0 716
120 113 3613 0 717
120 113 3613 0 718
120 113 3613 0 719
120 114 3613 0 720
120 114 3613 0 721
120 114 3631 0 722
120 114 3631 0 723
120 114 3631 0 724
120 114 3621 0 725
120 114 3621 0 726
120 114 3629 0 727
120 114 3629 0 728
120 114 3629 0 729
120 115 3627 0 730
120 115 3627 0 731
120 115 3648 0 732
120 115 3648 0 733
120 115 3648 0 734
120 116 3636 0 735
120 116 3636 0 736
120 116 3647 0 737
120 116 3647 0 738
120 116 3647 0 739
120 116 3634 0 740
120 116 3634 0 741
120 116 3640 0 742
120 116 3640 0 743
120 116 3640 0 744
120 117 3621 0 745
120 117 3621 0 746
120 116 3677 0 747
120 116 3677 0 748
120 116 3677 0 749
120 117 3645 0 750
120 117 3645 0 751
120 117 3654 0 752
120 117 3654 0 753
120 117 3654 0 754
120 118 3635 0 755
120 118 3635 0 756
120 117 3648 0 757
120 117 3648 0 758
120 117 3648 0 759
120 118 3633 0 760
120 118 3633 0 761
120 118 3645 0 762
120 118 3645 0 763
120 118 3645 0 764
120 118 3625 0 765
120 118 3625 0 766
120 118 3633 0 767
120 118 3633 0 768
120 118 3633 0 769
120 119 3626 0 770
120 119 3626 0 771
120 118 3638 0 772
120 118 3638 0 773
120 118 3638 0 774
120 119 3622 0 775
120 119 3622 0 776
120 118 3633 0 777
120 118 3633 0 778
120 118 3633 0 779
120 119 3626 0 780
120 119 3626 0 781
120 118 3629 0 782
120 118 3629 0 783
120 118 3629 0 784
120 119 3631 0 785
120 119 3631 0 786
120 118 3656 0 787
120 118 3656 0 788
120 118 3656 0 789
120 119 3644 0 790
120 119 3644 0 791
120 119 3651 0 792
120 119 3651 0 793
120 119 3651 0 794
120 119 3640 0 795
120 119 3640 0 796
120 119 3646 0 797
120 119 3646 0 798
120 119 3646 0 799
120 119 3634 0 800
120 119 3634 0 801
120 119 3627 0 802
120 119 3627 0 803
120 119 3627 0 804
120 120 3610 0 805
120 120 3610 0 806
120 119 3621 0 807
120 119 3621 0 808
120 119 3621 0 809
120 120 3594 0 810
120 120 3594 0 811
120 120 3605 0 812
120 120 3605 0 813
120 120 3605 0 814
120 120 3578 0 815
120 120 3578 0 816
120 120 3579 0 817
120 120 3579 0 818
120 120 3579 0 819
120 120 3539 0 820
120 120 3539 0 821
120 120 3590 0 822
120 120 3590 0 823
120 120 3590 0 824
120 120 3559 0 825
120 120 3559 0 826
120 120 3583 0 827
120 120 3583 0 828
120 120 3583 0 829
120 120 3552 0 830
120 120 3552 0 831
120 120 3576 0 832
120 120 3576 0 833
120 120 3576 0 834
120 120 3545 0 835
120 120 3545 0 836
120 120 3578 0 837
120 120 3578 0 838
120 120 3578 0 839
120 120 3543 0 840
120 120 3543 0 841
120 120 3567 0 842
120 120 3567 0 843
120 120 3567 0 844
120 120 3531 0 845
120 120 3531 0 846
120 119 3620 0 847
120 119 3620 0 848
120 119 3620 0 849
120 120 3609 0 850
120 120 3609 0 851
120 119 3634 0 852
120 119 3634 0 853
120 119 3634 0 854
120 120 3618 0 855
120 120 3618 0 856
120 120 3602 0 857
120 120 3602 0 858
120 120 3602 0 859
120 120 3586 0 860
120 120 3586 0 861
120 120 3597 0 862
120 120 3597 0 863
120 120 3597 0 864
120 120 3581 0 865
120 120 3581 0 866
120 120 3588 0 867
120 120 3588 0 868
120 120 3588 0 869
120 120 3553 0 870
120 120 3553 0 871
120 120 3573 0 872
120 120 3573 0 873
120 120 3573 0 874
120 120 3533 0 875
120 120 3533 0 876
120 120 3553 0 877
120 120 3553 0 878
120 120 3553 0 879
120 121 3522 0 880
120 121 3522 0 881
120 120 3533 0 882
120 120 3533 0 883
120 120 3533 0 884
120 121 3497 0 885
120 121 3497 0 886
120 121 3522 0 887
120 121 3522 0 888
120 121 3522 0 889
120 121 3486 0 890
120 121 3486 0 891
120 121 3501 0 892
120 121 3501 0 893
120 121 3501 0 894
120 121 3480 0 895
120 121 3480 0 896
120 121 3495 0 897
120 121 3495 0 898
120 121 3495 0 899
120 121 3469 0 900
120 121 3469 0 901
120 121 3484 0 902
120 121 3484 0 903
120 121 3484 0 904
120 121 3453 0 905
120 121 3453 0 906
120 121 3464 0 907
120 121 3464 0 908
120 121 3464 0 909
120 121 3419 0 910
120 121 3419 0 911
120 121 3452 0 912
120 121 3452 0 913
120 121 3452 0 914
120 121 3417 0 915
120 121 3417 0 916
120 121 3442 0 917
120 121 3442 0 918
120 121 3442 0 919
120 121 3406 0 920
120 121 3406 0 921
120 121 3454 0 922
120 121 3454 0 923
120 121 3454 0 924
120 121 3414 0 925
120 121 3414 0 926
120 120 3458 0 927
120 120 3458 0 928
120 120 3458 0 929
120 121 3419 0 930
120 121 3419 0 931
120 121 3458 0 932
120 121 3458 0 933
120 121 3458 0 934
120 121 3419 0 935
120 121 3419 0 936
120 120 3449 0 937
120 120 3449 0 938
120 120 3449 0 939
120 121 3419 0 940
120 121 3419 0 941
120 121 3444 0 942
120 121 3444 0 943
120 121 3444 0 944
120 121 3396 0 945
120 121 3396 0 946
120 120 3449 0 947
120 120 3449 0 948
120 120 3449 0 949
120 121 3402 0 950
120 121 3402 0 951
120 120 3459 0 952
120 120 3459 0 953
120 120 3459 0 954
120 121 3417 0 955
120 121 3417 0 956
120 120 3470 0 957
120 120 3470 0 958
120 120 3470 0 959
120 120 3446 0 960
120 120 3446 0 961
120 120 3486 0 962
120 120 3486 0 963
120 120 3486 0 964
120 120 3453 0 965
120 120 3453 0 966
120 120 3489 0 967
120 120 3489 0 968
120 120 3489 0 969
120 120 3452 0 970
120 120 3452 0 971
120 119 3548 0 972
120 119 3548 0 973
120 119 3548 0 974
120 120 3506 0 975
120 120 3506 0 976
120 119 3538 0 977
120 119 3538 0 978
120 119 3538 0 979
120 120 3515 0 980
120 120 3515 0 981
120 119 3543 0 982
120 119 3543 0 983
120 119 3543 0 984
120 120 3525 0 985
120 120 3525 0 986
120 119 3594 0 987
120 119 3594 0 988
120 119 3594 0 989
120 119 3562 0 990
120 119 3562 0 991
120 118 3623 0 992
120 118 3623 0 993
120 118 3623 0 994
120 119 3605 0 995
120 119 3605 0 996
120 119 3620 0 997
120 119 3620 0 998
120 119 3620 0 999
120 119 3584 0 1000
120 119 3584 0 1001
120 118 3639 0 1002
120 118 3639 0 1003
120 118 3639 0 1004
120 119 3622 0 1005
120 119 3622 0 1006
120 119 3641 0 1007
120 119 3641 0 1008
120 119 3641 0 1009
120 119 3619 0 1010
120 119 3619 0 1011
120 119 3628 0 1012
120 119 3628 0 1013
120 119 3628 0 1014
120 120 3596 0 1015
120 120 3596 0 1016
120 119 3656 0 1017
120 119 3656 0 1018
120 119 3656 0 1019
120 119 3638 0 1020
120 119 3638 0 1021
120 119 3648 0 1022
120 119 3648 0 1023
120 119 3648 0 1024
120 119 3616 0 1025
120 119 3616 0 1026
120 119 3639 0 1027
120 119 3639 0 1028
120 119 3639 0 1029
120 120 3592 0 1030
120 120 3592 0 1031
120 119 3610 0 1032
120 119 3610 0 1033
120 119 3610 0 1034
120 120 3582 0 1035
120 120 3582 0 1036
120 120 3595 0 1037
120 120 3595 0 1038
120 120 3595 0 1039
120 120 3571 0 1040
120 120 3571 0 1041
120 120 3579 0 1042
120 120 3579 0 1043
120 120 3579 0 1044
120 120 3541 0 1045
120 120 3541 0 1046
120 120 3558 0 1047
120 120 3558 0 1048
120 120 3558 0 1049
120 121 3506 0 1050
120 121 3506 0 1051
120 121 3536 0 1052
120 121 3536 0 1053
120 121 3536 0 1054
120 121 3484 0 1055
120 121 3484 0 1056
120 121 3509 0 1057
120 121 3509 0 1058
120 121 3509 0 1059
120 121 3461 0 1060
120 121 3461 0 1061
120 120 3523 0 1062
120 120 3523 0 1063
120 120 3523 0 1064
120 121 3462 0 1065
120 121 3462 0 1066
120 120 3529 0 1067
120 120 3529 0 1068
120 120 3529 0 1069
120 121 3482 0 1070
120 121 3482 0 1071
120 120 3521 0 1072
120 120 3521 0 1073
120 120 3521 0 1074
120 121 3469 0 1075
120 121 3469 0 1076
120 120 3509 0 1077
120 120 3509 0 1078
120 120 3509 0 1079
120 121 3476 0 1080
120 121 3476 0 1081
120 120 3525 0 1082
120 120 3525 0 1083
120 120 3525 0 1084
120 121 3473 0 1085
120 121 3473 0 1086
120 120 3537 0 1087
120 120 3537 0 1088
120 120 3537 0 1089
120 120 3481 0 1090
120 120 3481 0 1091
120 119 3549 0 1092
120 119 3549 0 1093
120 119 3549 0 1094
120 120 3502 0 1095
120 120 3502 0 1096
120 120 3525 0 1097
120 120 3525 0 1098
120 120 3525 0 1099
120 120 3478 0 1100
120 120 3478 0 1101
120 120 3518 0 1102
120 120 3518 0 1103
120 120 3518 0 1104
120 120 3481 0 1105
120 120 3481 0 1106
120 120 3535 0 1107
120 120 3535 0 1108
120 120 3535 0 1109
120 120 3489 0 1110
120 120 3489 0 1111
120 120 3525 0 1112
120 120 3525 0 1113
120 120 3525 0 1114
120 120 3487 0 1115
120 120 3487 0 1116
120 120 3528 0 1117
120 120 3528 0 1118
120 120 3528 0 1119
120 120 3491 0 1120
120 120 3491 0 1121
120 120 3527 0 1122
120 120 3527 0 1123
120 120 3527 0 1124
120 120 3490 0 1125
120 120 3490 0 1126
120 120 3526 0 1127
120 120 3526 0 1128
120 120 3526 0 1129
120 120 3489 0 1130
120 120 3489 0 1131
120 120 3525 0 1132
120 120 3525 0 1133
120 120 3525 0 1134
120 120 3483 0 1135
120 120 3483 0 1136
120 120 3519 0 1137
120 120 3519 0 1138
120 120 3519 0 1139
120 120 3482 0 1140
120 120 3482 0 1141
120 120 3523 0 1142
120 120 3523 0 1143
120 120 3523 0 1144
120 121 3472 0 1145
120 121 3472 0 1146
120 120 3535 0 1147
120 120 3535 0 1148
120 120 3535 0 1149
120 120 3494 0 1150
120 120 3494 0 1151
120 120 3530 0 1152
120 120 3530 0 1153
120 120 3530 0 1154
120 120 3493 0 1155
120 120 3493 0 1156
120 120 3534 0 1157
120 120 3534 0 1158
120 120 3534 0 1159
120 120 3488 0 1160
120 120 3488 0 1161
120 120 3524 0 1162
120 120 3524 0 1163
120 120 3524 0 1164
120 120 3492 0 1165
120 120 3492 0 1166
120 120 3538 0 1167
120 120 3538 0 1168
120 120 3538 0 1169
120 120 3501 0 1170
120 120 3501 0 1171
120 120 3533 0 1172
120 120 3533 0 1173
120 120 3533 0 1174
120 120 3491 0 1175
120 120 3491 0 1176
120 120 3528 0 1177
120 120 3528 0 1178
120 120 3528 0 1179
120 120 3486 0 1180
120 120 3486 0 1181
120 120 3545 0 1182
120 120 3545 0 1183
120 120 3545 0 1184
120 120 3500 0 1185
120 120 3500 0 1186
120 120 3527 0 1187
120 120 3527 0 1188
120 120 3527 0 1189
120 120 3490 0 1190
120 120 3490 0 1191
120 120 3522 0 1192
120 120 3522 0 1193
120 120 3522 0 1194
120 120 3480 0 1195
120 120 3480 0 1196
120 120 3511 0 1197
120 120 3511 0 1198
120 120 3511 0 1199
120 120 3484 0 1200
120 120 3484 0 1201
120 120 3492 0 1202
120 120 3492 0 1203
120 120 3492 0 1204
120 121 3459 0 1205
120 121 3459 0 1206
120 120 3495 0 1207
120 120 3495 0 1208
120 120 3495 0 1209
120 120 3463 0 1210
120 120 3463 0 1211
120 120 3531 0 1212
120 120 3531 0 1213
120 120 3531 0 1214
120 120 3480 0 1215
120 120 3480 0 1216
120 119 3554 0 1217
120 119 3554 0 1218
120 119 3554 0 1219
120 120 3504 0 1220
120 120 3504 0 1221
120 120 3541 0 1222
120 120 3541 0 1223
120 120 3541 0 1224
120 120 3499 0 1225
120 120 3499 0 1226
120 119 3559 0 1227
120 119 3559 0 1228
120 119 3559 0 1229
120 120 3518 0 1230
120 120 3518 0 1231
120 119 3574 0 1232
120 119 3574 0 1233
120 119 3574 0 1234
120 120 3528 0 1235
120 120 3528 0 1236
120 119 3598 0 1237
120 119 3598 0 1238
120 119 3598 0 1239
120 120 3558 0 1240
120 120 3558 0 1241
120 119 3595 0 1242
120 119 3595 0 1243
120 119 3595 0 1244
120 120 3550 0 1245
120 120 3550 0 1246
120 119 3624 0 1247
120 119 3624 0 1248
120 119 3624 0 1249
120 120 3579 0 1250
120 120 3579 0 1251
120 119 3635 0 1252
120 119 3635 0 1253
120 119 3635 0 1254
120 120 3590 0 1255
120 120 3590 0 1256
120 119 3623 0 1257
120 119 3623 0 1258
120 119 3623 0 1259
120 120 3573 0 1260
120 120 3573 0 1261
120 119 3606 0 1262
120 119 3606 0 1263
120 119 3606 0 1264
120 120 3569 0 1265
120 120 3569 0 1266
120 120 3606 0 1267
120 120 3606 0 1268
120 120 3606 0 1269
120 120 3561 0 1270
120 120 3561 0 1271
120 120 3584 0 1272
120 120 3584 0 1273
120 120 3584 0 1274
120 120 3547 0 1275
120 120 3547 0 1276
120 120 3579 0 1277
120 120 3579 0 1278
120 120 3579 0 1279
120 120 3532 0 1280
120 120 3532 0 1281
120 120 3559 0 1282
120 120 3559 0 1283
120 120 3559 0 1284
120 120 3522 0 1285
120 120 3522 0 1286
120 121 3521 0 1287
120 121 3521 0 1288
120 121 3521 0 1289
120 121 3502 0 1290
120 121 3502 0 1291
120 121 3482 0 1292
120 121 3482 0 1293
120 121 3482 0 1294
120 121 3458 0 1295
120 121 3458 0 1296
120 121 3433 0 1297
120 121 3433 0 1298
120 121 3433 0 1299
120 121 3431 0 1300
120 121 3431 0 1301
120 121 3406 0 1302
120 121 3406 0 1303
120 121 3406 0 1304
120 121 3417 0 1305
120 121 3417 0 1306
120 122 3397 0 1307
120 122 3397 0 1308
120 122 3397 0 1309
120 121 3409 0 1310
120 121 3409 0 1311
120 122 3375 0 1312
120 122 3375 0 1313
120 122 3375 0 1314
120 121 3396 0 1315
120 121 3396 0 1316
120 122 3375 0 1317
120 122 3375 0 1318
120 122 3375 0 1319
120 121 3387 0 1320
120 121 3387 0 1321
120 121 3372 0 1322
120 121 3372 0 1323
120 121 3372 0 1324
120 121 3384 0 1325
120 121 3384 0 1326
120 121 3369 0 1327
120 121 3369 0 1328
120 121 3369 0 1329
120 121 3386 0 1330
120 121 3386 0 1331
120 121 3380 0 1332
120 121 3380 0 1333
120 121 3380 0 1334
120 120 3393 0 1335
120 120 3393 0 1336
120 121 3383 0 1337
120 121 3383 0 1338
120 121 3383 0 1339
120 120 3392 0 1340
120 120 3392 0 1341
120 121 3372 0 1342
120 121 3372 0 1343
120 121 3372 0 1344
120 120 3390 0 1345
120 120 3390 0 1346
120 121 3376 0 1347
120 121 3376 0 1348
120 121 3376 0 1349
120 120 3398 0 1350
120 120 3398 0 1351
120 120 3384 0 1352
120 120 3384 0 1353
120 120 3384 0 1354
120 120 3402 0 1355
120 120 3402 0 1356
120 120 3388 0 1357
120 120 3388 0 1358
120 120 3388 0 1359
120 120 3401 0 1360
120 120 3401 0 1361
120 120 3392 0 1362
120 120 3392 0 1363
120 120 3392 0 1364
120 120 3415 0 1365
120 120 3415 0 1366
120 120 3392 0 1367
120 120 3392 0 1368
120 120 3392 0 1369
120 120 3415 0 1370
120 120 3415 0 1371
120 120 3392 0 1372
120 120 3392 0 1373
120 120 3392 0 1374
120 120 3411 0 1375
120 120 3411 0 1376
120 120 3397 0 1377
120 120 3397 0 1378
120 120 3397 0 1379
120 120 3406 0 1380
120 120 3406 0 1381
120 120 3402 0 1382
120 120 3402 0 1383
120 120 3402 0 1384
120 120 3425 0 1385
120 120 3425 0 1386
120 120 3407 0 1387
120 120 3407 0 1388
120 120 3407 0 1389
120 120 3425 0 1390
120 120 3425 0 1391
120 120 3417 0 1392
120 120 3417 0 1393
120 120 3417 0 1394
120 120 3431 0 1395
120 120 3431 0 1396
120 120 3413 0 1397
120 120 3413 0 1398
120 120 3413 0 1399
120 119 3427 0 1400
120 119 3427 0 1401
120 120 3427 0 1402
120 120 3427 0 1403
120 120 3427 0 1404
120 119 3446 0 1405
120 119 3446 0 1406
120 120 3424 0 1407
120 120 3424 0 1408
120 120 3424 0 1409
120 119 3447 0 1410
120 119 3447 0 1411
120 120 3425 0 1412
120 120 3425 0 1413
120 120 3425 0 1414
120 119 3444 0 1415
120 119 3444 0 1416
120 120 3430 0 1417
120 120 3430 0 1418
120 120 3430 0 1419
120 119 3454 0 1420
120 119 3454 0 1421
120 120 3431 0 1422
120 120 3431 0 1423
120 120 3431 0 1424
120 119 3455 0 1425
120 119 3455 0 1426
120 120 3442 0 1427
120 120 3442 0 1428
120 120 3442 0 1429
120 119 3461 0 1430
120 119 3461 0 1431
120 120 3452 0 1432
120 120 3452 0 1433
120 120 3452 0 1434
120 119 3462 0 1435
120 119 3462 0 1436
120 120 3449 0 1437
120 120 3449 0 1438
120 120 3449 0 1439
120 120 3458 0 1440
120 120 3458 0 1441
120 120 3445 0 1442
120 120 3445 0 1443
120 120 3445 0 1444
120 120 3454 0 1445
120 120 3454 0 1446
120 120 3441 0 1447
120 120 3441 0 1448
120 120 3441 0 1449
120 120 3460 0 1450
120 120 3460 0 1451
120 120 3437 0 1452
120 120 3437 0 1453
120 120 3437 0 1454
120 120 3455 0 1455
120 120 3455 0 1456
120 120 3437 0 1457
120 120 3437 0 1458
120 120 3437 0 1459
120 120 3456 0 1460
120 120 3456 0 1461
120 120 3452 0 1462
120 120 3452 0 1463
120 120 3452 0 1464
120 120 3480 0 1465
120 120 3480 0 1466
120 120 3462 0 1467
120 120 3462 0 1468
120 120 3462 0 1469
120 119 3485 0 1470
120 119 3485 0 1471
120 120 3472 0 1472
120 120 3472 0 1473
120 120 3472 0 1474
120 119 3482 0 1475
120 119 3482 0 1476
120 120 3473 0 1477
120 120 3473 0 1478
120 120 3473 0 1479
120 119 3492 0 1480
120 119 3492 0 1481
120 120 3484 0 1482
120 120 3484 0 1483
120 120 3484 0 1484
120 119 3489 0 1485
120 119 3489 0 1486
120 120 3476 0 1487
120 120 3476 0 1488
120 120 3476 0 1489
120 119 3490 0 1490
120 119 3490 0 1491
120 120 3477 0 1492
120 120 3477 0 1493
120 120 3477 0 1494
120 120 3491 0 1495
120 120 3491 0 1496
120 120 3477 0 1497
120 120 3477 0 1498
120 120 3477 0 1499
120 120 3491 0 1500
120 120 3491 0 1501
120 120 3473 0 1502
120 120 3473 0 1503
120 120 3473 0 1504
120 120 3492 0 1505
120 120 3492 0 1506
120 120 3465 0 1507
120 120 3465 0 1508
120 120 3465 0 1509
120 120 3478 0 1510
120 120 3478 0 1511
120 120 3432 0 1512
120 120 3432 0 1513
120 120 3432 0 1514
120 119 3515 0 1515
120 119 3515 0 1516
120 120 3506 0 1517
120 120 3506 0 1518
120 120 3506 0 1519
120 119 3516 0 1520
120 119 3516 0 1521
120 120 3499 0 1522
120 120 3499 0 1523
120 120 3499 0 1524
120 119 3508 0 1525
120 119 3508 0 1526
120 120 3490 0 1527
120 120 3490 0 1528
120 120 3490 0 1529
120 120 3495 0 1530
120 120 3495 0 1531
120 120 3458 0 1532
120 120 3458 0 1533
120 120 3458 0 1534
120 120 3467 0 1535
120 120 3467 0 1536
120 121 3421 0 1537
120 121 3421 0 1538
120 121 3421 0 1539
120 120 3470 0 1540
120 120 3470 0 1541
120 120 3443 0 1542
120 120 3443 0 1543
120 120 3443 0 1544
120 120 3465 0 1545
120 120 3465 0 1546
120 120 3442 0 1547
120 120 3442 0 1548
120 120 3442 0 1549
120 120 3464 0 1550
120 120 3464 0 1551
120 120 3446 0 1552
120 120 3446 0 1553
120 120 3446 0 1554
120 120 3459 0 1555
120 120 3459 0 1556
120 121 3422 0 1557
120 121 3422 0 1558
120 121 3422 0 1559
120 120 3449 0 1560
120 120 3449 0 1561
120 121 3417 0 1562
120 121 3417 0 1563
120 121 3417 0 1564
120 120 3420 0 1565
120 120 3420 0 1566
120 121 3374 0 1567
120 121 3374 0 1568
120 121 3374 0 1569
120 121 3409 0 1570
120 121 3409 0 1571
120 121 3367 0 1572
120 121 3367 0 1573
120 121 3367 0 1574
120 121 3393 0 1575
120 121 3393 0 1576
120 121 3337 0 1577
120 121 3337 0 1578
120 121 3337 0 1579
120 120 3400 0 1580
120 120 3400 0 1581
120 121 3353 0 1582
120 121 3353 0 1583
120 121 3353 0 1584
120 120 3389 0 1585
120 120 3389 0 1586
120 121 3342 0 1587
120 121 3342 0 1588
120 121 3342 0 1589
120 120 3392 0 1590
120 120 3392 0 1591
120 121 3350 0 1592
120 121 3350 0 1593
120 121 3350 0 1594
120 120 3381 0 1595
120 120 3381 0 1596
120 121 3339 0 1597
120 121 3339 0 1598
120 121 3339 0 1599
120 120 3408 0 1600
120 120 3408 0 1601
120 120 3385 0 1602
120 120 3385 0 1603
120 120 3385 0 1604
120 120 3412 0 1605
120 120 3412 0 1606
120 120 3376 0 1607
120 120 3376 0 1608
120 120 3376 0 1609
120 120 3403 0 1610
120 120 3403 0 1611
120 120 3371 0 1612
120 120 3371 0 1613
120 120 3371 0 1614
120 120 3403 0 1615
120 120 3403 0 1616
120 120 3366 0 1617
120 120 3366 0 1618
120 120 3366 0 1619
120 120 3403 0 1620
120 120 3403 0 1621
120 120 3366 0 1622
120 120 3366 0 1623
120 120 3366 0 1624
120 120 3398 0 1625
120 120 3398 0 1626
120 120 3366 0 1627
120 120 3366 0 1628
120 120 3366 0 1629
120 120 3412 0 1630
120 120 3412 0 1631
120 120 3371 0 1632
120 120 3371 0 1633
120 120 3371 0 1634
120 120 3407 0 1635
120 120 3407 0 1636
120 120 3375 0 1637
120 120 3375 0 1638
120 120 3375 0 1639
120 120 3426 0 1640
120 120 3426 0 1641
120 120 3381 0 1642
120 120 3381 0 1643
120 120 3381 0 1644
120 119 3445 0 1645
120 119 3445 0 1646
120 120 3400 0 1647
120 120 3400 0 1648
120 120 3400 0 1649
120 119 3437 0 1650
120 119 3437 0 1651
120 120 3392 0 1652
120 120 3392 0 1653
120 120 3392 0 1654
120 119 3457 0 1655
120 119 3457 0 1656
120 120 3425 0 1657
120 120 3425 0 1658
120 120 3425 0 1659
120 119 3463 0 1660
120 119 3463 0 1661
120 120 3413 0 1662
120 120 3413 0 1663
120 120 3413 0 1664
120 119 3455 0 1665
120 119 3455 0 1666
120 120 3414 0 1667
120 120 3414 0 1668
120 120 3414 0 1669
120 119 3470 0 1670
120 119 3470 0 1671
120 120 3439 0 1672
120 120 3439 0 1673
120 120 3439 0 1674
120 119 3472 0 1675
120 119 3472 0 1676
120 120 3436 0 1677
120 120 3436 0 1678
120 120 3436 0 1679
120 119 3468 0 1680
120 119 3468 0 1681
120 120 3432 0 1682
120 120 3432 0 1683
120 120 3432 0 1684
120 119 3479 0 1685
120 119 3479 0 1686
120 120 3438 0 1687
120 120 3438 0 1688
120 120 3438 0 1689
120 119 3489 0 1690
120 119 3489 0 1691
120 120 3439 0 1692
120 120 3439 0 1693
120 120 3439 0 1694
120 119 3486 0 1695
120 119 3486 0 1696
120 120 3440 0 1697
120 120 3440 0 1698
120 120 3440 0 1699
120 119 3491 0 1700
120 119 3491 0 1701
120 120 3451 0 1702
120 120 3451 0 1703
120 120 3451 0 1704
120 120 3474 0 1705
120 120 3474 0 1706
120 120 3438 0 1707
120 120 3438 0 1708
120 120 3438 0 1709
120 120 3470 0 1710
120 120 3470 0 1711
120 120 3433 0 1712
120 120 3433 0 1713
120 120 3433 0 1714
120 120 3493 0 1715
120 120 3493 0 1716
120 120 3457 0 1717
120 120 3457 0 1718
120 120 3457 0 1719
120 119 3504 0 1720
120 119 3504 0 1721
120 120 3468 0 1722
120 120 3468 0 1723
120 120 3468 0 1724
120 119 3537 0 1725
120 119 3537 0 1726
120 120 3492 0 1727
120 120 3492 0 1728
120 120 3492 0 1729
120 119 3525 0 1730
120 119 3525 0 1731
120 120 3480 0 1732
120 120 3480 0 1733
120 120 3480 0 1734
120 119 3545 0 1735
120 119 3545 0 1736
120 120 3496 0 1737
120 120 3496 0 1738
120 120 3496 0 1739
120 119 3533 0 1740
120 119 3533 0 1741
120 120 3483 0 1742
120 120 3483 0 1743
120 120 3483 0 1744
120 119 3566 0 1745
120 119 3566 0 1746
120 120 3512 0 1747
120 120 3512 0 1748
120 120 3512 0 1749
120 119 3545 0 1750
120 119 3545 0 1751
120 120 3495 0 1752
120 120 3495 0 1753
120 120 3495 0 1754
120 119 3532 0 1755
120 119 3532 0 1756
120 120 3496 0 1757
120 120 3496 0 1758
120 120 3496 0 1759
120 120 3533 0 1760
120 120 3533 0 1761
120 120 3492 0 1762
120 120 3492 0 1763
120 120 3492 0 1764
120 120 3529 0 1765
120 120 3529 0 1766
120 120 3483 0 1767
120 120 3483 0 1768
120 120 3483 0 1769
120 120 3524 0 1770
120 120 3524 0 1771
120 120 3483 0 1772
120 120 3483 0 1773
120 120 3483 0 1774
120 120 3515 0 1775
120 120 3515 0 1776
120 120 3469 0 1777
120 120 3469 0 1778
120 120 3469 0 1779
120 120 3524 0 1780
120 120 3524 0 1781
120 120 3487 0 1782
120 120 3487 0 1783
120 120 3487 0 1784
120 120 3519 0 1785
120 120 3519 0 1786
120 120 3487 0 1787
120 120 3487 0 1788
120 120 3487 0 1789
120 120 3510 0 1790
120 120 3510 0 1791
120 120 3487 0 1792
120 120 3487 0 1793
120 120 3487 0 1794
120 120 3524 0 1795
120 120 3524 0 1796
120 120 3487 0 1797
120 120 3487 0 1798
120 120 3487 0 1799
120 120 3500 0 1800
120 120 3500 0 1801
120 120 3482 0 1802
120 120 3482 0 1803
120 120 3482 0 1804
120 120 3486 0 1805
120 120 3486 0 1806
120 120 3458 0 1807
120 120 3458 0 1808
120 120 3458 0 1809
120 120 3494 0 1810
120 120 3494 0 1811
120 120 3457 0 1812
120 120 3457 0 1813
120 120 3457 0 1814
120 120 3498 0 1815
120 120 3498 0 1816
120 120 3452 0 1817
120 120 3452 0 1818
120 120 3452 0 1819
120 120 3488 0 1820
120 120 3488 0 1821
120 120 3456 0 1822
120 120 3456 0 1823
120 120 3456 0 1824
120 120 3483 0 1825
120 120 3483 0 1826
120 120 3464 0 1827
120 120 3464 0 1828
120 120 3464 0 1829
120 120 3473 0 1830
120 120 3473 0 1831
120 120 3449 0 1832
120 120 3449 0 1833
120 120 3449 0 1834
120 120 3472 0 1835
120 120 3472 0 1836
120 120 3449 0 1837
120 120 3449 0 1838
120 120 3449 0 1839
120 120 3471 0 1840
120 120 3471 0 1841
120 120 3443 0 1842
120 120 3443 0 1843
120 120 3443 0 1844
120 120 3461 0 1845
120 120 3461 0 1846
120 120 3451 0 1847
120 120 3451 0 1848
120 120 3451 0 1849
120 120 3470 0 1850
120 120 3470 0 1851
120 120 3451 0 1852
120 120 3451 0 1853
120 120 3451 0 1854
120 120 3460 0 1855
120 120 3460 0 1856
120 120 3446 0 1857
120 120 3446 0 1858
120 120 3446 0 1859
120 121 3431 0 1860
120 121 3431 0 1861
120 121 3412 0 1862
120 121 3412 0 1863
120 121 3412 0 1864
120 121 3393 0 1865
120 121 3393 0 1866
120 121 3387 0 1867
120 121 3387 0 1868
120 121 3387 0 1869
120 121 3381 0 1870
120 121 3381 0 1871
120 121 3385 0 1872
120 121 3385 0 1873
120 121 3385 0 1874
120 121 3360 0 1875
120 121 3360 0 1876
120 121 3373 0 1877
120 121 3373 0 1878
120 121 3373 0 1879
120 121 3353 0 1880
120 121 3353 0 1881
120 121 3371 0 1882
120 121 3371 0 1883
120 121 3371 0 1884
120 121 3370 0 1885
120 121 3370 0 1886
120 121 3383 0 1887
120 121 3383 0 1888
120 121 3383 0 1889
120 120 3378 0 1890
120 120 3378 0 1891
120 120 3391 0 1892
120 120 3391 0 1893
120 120 3391 0 1894
120 121 3377 0 1895
120 121 3377 0 1896
120 120 3399 0 1897
120 120 3399 0 1898
120 120 3399 0 1899
120 120 3376 0 1900
120 120 3376 0 1901
120 120 3394 0 1902
120 120 3394 0 1903
120 120 3394 0 1904
120 121 3376 0 1905
120 121 3376 0 1906
120 120 3394 0 1907
120 120 3394 0 1908
120 120 3394 0 1909
120 120 3371 0 1910
120 120 3371 0 1911
120 120 3393 0 1912
120 120 3393 0 1913
120 120 3393 0 1914
120 121 3370 0 1915
120 121 3370 0 1916
120 120 3393 0 1917
120 120 3393 0 1918
120 120 3393 0 1919
120 120 3375 0 1920
120 120 3375 0 1921
120 120 3398 0 1922
120 120 3398 0 1923
120 120 3398 0 1924
120 120 3375 0 1925
120 120 3375 0 1926
120 120 3407 0 1927
120 120 3407 0 1928
120 120 3407 0 1929
120 120 3389 0 1930
120 120 3389 0 1931
120 120 3407 0 1932
120 120 3407 0 1933
120 120 3407 0 1934
120 120 3394 0 1935
120 120 3394 0 1936
120 120 3417 0 1937
120 120 3417 0 1938
120 120 3417 0 1939
120 120 3394 0 1940
120 120 3394 0 1941
120 120 3422 0 1942
120 120 3422 0 1943
120 120 3422 0 1944
120 120 3409 0 1945
120 120 3409 0 1946
120 120 3432 0 1947
120 120 3432 0 1948
120 120 3432 0 1949
120 120 3424 0 1950
120 120 3424 0 1951
120 119 3438 0 1952
120 119 3438 0 1953
120 119 3438 0 1954
120 120 3444 0 1955
120 120 3444 0 1956
120 119 3449 0 1957
120 119 3449 0 1958
120 119 3449 0 1959
120 120 3427 0 1960
120 120 3427 0 1961
120 120 3446 0 1962
120 120 3446 0 1963
120 120 3446 0 1964
120 120 3433 0 1965
120 120 3433 0 1966
120 120 3447 0 1967
120 120 3447 0 1968
120 120 3447 0 1969
120 120 3415 0 1970
120 120 3415 0 1971
120 120 3438 0 1972
120 120 3438 0 1973
120 120 3438 0 1974
120 120 3416 0 1975
120 120 3416 0 1976
120 120 3439 0 1977
120 120 3439 0 1978
120 120 3439 0 1979
120 120 3421 0 1980
120 120 3421 0 1981
120 120 3435 0 1982
120 120 3435 0 1983
120 120 3435 0 1984
120 120 3426 0 1985
120 120 3426 0 1986
120 120 3440 0 1987
120 120 3440 0 1988
120 120 3440 0 1989
120 120 3427 0 1990
120 120 3427 0 1991
120 120 3436 0 1992
120 120 3436 0 1993
120 120 3436 0 1994
120 120 3423 0 1995
120 120 3423 0 1996
120 120 3441 0 1997
120 120 3441 0 1998
120 120 3441 0 1999