0 0 1000 0 0
0 0 1000 0 1
0 1 1000 0 2
0 1 1000 0 3
0 1 1000 0 4
0 3 1000 0 5
0 3 1000 0 6
0 5 1000 0 7
0 5 1000 0 8
0 5 1000 0 9
0 7 1000 0 10
0 7 1000 0 11
0 11 1000 0 12
0 11 1000 0 13
0 11 1000 0 14
0 15 1000 0 15
0 15 1000 0 16
0 17 1000 0 17
0 17 1000 0 18
0 17 1000 0 19
0 19 1000 0 20
0 19 1000 0 21
0 22 1000 0 22
0 22 1000 0 23
0 22 1000 0 24
0 26 1000 0 25
0 26 1000 0 26
0 27 1000 0 27
0 27 1000 0 28
0 27 1000 0 29
0 29 1000 0 30
0 29 1000 0 31
0 32 1000 0 32
0 32 1000 0 33
0 32 1000 0 34
0 34 1000 0 35
0 34 1000 0 36
61 36 1384 0 37
61 36 1384 0 38
61 36 1384 0 39
62 37 1450 0 40
62 37 1450 0 41
63 40 1433 0 42
63 40 1433 0 43
63 40 1433 0 44
64 43 1399 0 45
64 43 1399 0 46
65 44 1451 0 47
65 44 1451 0 48
65 44 1451 0 49
66 46 1479 0 50
66 46 1479 0 51
67 49 1441 0 52
67 49 1441 0 53
67 49 1441 0 54
68 50 1485 0 55
68 50 1485 0 56
69 52 1532 0 57
69 52 1532 0 58
69 52 1532 0 59
70 55 1514 0 60
70 55 1514 0 61
71 56 1517 0 62
71 56 1517 0 63
71 56 1517 0 64
72 57 1584 0 65
72 57 1584 0 66
73 59 1614 0 67
73 59 1614 0 68
73 59 1614 0 69
74 61 1602 0 70
74 61 1602 0 71
75 62 1662 0 72
75 62 1662 0 73
75 62 1662 0 74
76 63 1708 0 75
76 63 1708 0 76
77 65 1685 0 77
77 65 1685 0 78
77 65 1685 0 79
78 66 1748 0 80
78 66 1748 0 81
79 67 1807 0 82
79 67 1807 0 83
79 67 1807 0 84
80 69 1796 0 85
80 69 1796 0 86
81 70 1854 0 87
81 70 1854 0 88
81 70 1854 0 89
82 70 1925 0 90
82 70 1925 0 91
83 73 1909 0 92
83 73 1909 0 93
83 73 1909 0 94
84 73 1975 0 95
84 73 1975 0 96
85 74 2045 0 97
85 74 2045 0 98
85 74 2045 0 99
86 76 2047 0 100
86 76 2047 0 101
87 77 2112 0 102
87 77 2112 0 103
87 77 2112 0 104
88 77 2187 0 105
88 77 2187 0 106
89 79 2188 0 107
89 79 2188 0 108
89 79 2188 0 109
90 80 2225 0 110
90 80 2225 0 111
91 81 2239 0 112
91 81 2239 0 113
91 81 2239 0 114
92 84 2173 0 115
92 84 2173 0 116
93 85 2212 0 117
93 85 2212 0 118
93 85 2212 0 119
94 87 2186 0 120
94 87 2186 0 121
95 88 2182 0 122
95 88 2182 0 123
95 88 2182 0 124
96 89 2210 0 125
96 89 2210 0 126
97 92 2163 0 127
97 92 2163 0 128
97 92 2163 0 129
98 92 2217 0 130
98 92 2217 0 131
99 94 2188 0 132
99 94 2188 0 133
99 94 2188 0 134
100 95 2218 0 135
100 95 2218 0 136
101 96 2253 0 137
101 96 2253 0 138
101 96 2253 0 139
102 97 2228 0 140
102 97 2228 0 141
103 98 2299 0 142
103 98 2299 0 143
103 98 2299 0 144
104 100 2278 0 145
104 100 2278 0 146
105 100 2340 0 147
105 100 2340 0 148
105 100 2340 0 149
106 101 2356 0 150
106 101 2356 0 151
107 102 2381 0 152
107 102 2381 0 153
107 102 2381 0 154
108 103 2439 0 155
108 103 2439 0 156
109 104 2423 0 157
109 104 2423 0 158
109 104 2423 0 159
110 104 2512 0 160
110 104 2512 0 161
111 106 2501 0 162
111 106 2501 0 163
111 106 2501 0 164
112 107 2536 0 165
112 107 2536 0 166
113 109 2487 0 167
113 109 2487 0 168
113 109 2487 0 169
114 110 2511 0 170
114 110 2511 0 171
115 111 2479 0 172
115 111 2479 0 173
115 111 2479 0 174
116 112 2502 0 175
116 112 2502 0 176
117 114 2483 0 177
117 114 2483 0 178
117 114 2483 0 179
118 115 2505 0 180
118 115 2505 0 181
119 116 2500 0 182
119 116 2500 0 183
119 116 2500 0 184
120 117 2526 0 185
120 117 2526 0 186
120 118 2457 0 187
120 118 2457 0 188
120 118 2457 0 189
120 119 2407 0 190
120 119 2407 0 191
120 120 2351 0 192
120 120 2351 0 193
120 120 2351 0 194
120 120 2310 0 195
120 120 2310 0 196
120 121 2273 0 197
120 121 2273 0 198
120 121 2273 0 199
120 122 2223 0 200
120 122 2223 0 201
120 122 2201 0 202
120 122 2201 0 203
120 122 2201 0 204
120 122 2148 0 205
120 122 2148 0 206
120 122 2155 0 207
120 122 2155 0 208
120 122 2155 0 209
120 123 2089 0 210
120 123 2089 0 211
120 122 2129 0 212
120 122 2129 0 213
120 122 2129 0 214
120 123 2079 0 215
120 123 2079 0 216
120 122 2108 0 217
120 122 2108 0 218
120 122 2108 0 219
120 123 2060 0 220
120 123 2060 0 221
120 122 2086 0 222
120 122 2086 0 223
120 122 2086 0 224
120 122 2077 0 225
120 122 2077 0 226
120 122 2073 0 227
120 122 2073 0 228
120 122 2073 0 229
120 122 2093 0 230
120 122 2093 0 231
120 122 2055 0 232
120 122 2055 0 233
120 122 2055 0 234
120 122 2091 0 235
120 122 2091 0 236
120 122 2050 0 237
120 122 2050 0 238
120 122 2050 0 239
120 121 2107 0 240
120 121 2107 0 241
120 122 2082 0 242
120 122 2082 0 243
120 122 2082 0 244
120 121 2122 0 245
120 121 2122 0 246
120 121 2099 0 247
120 121 2099 0 248
120 121 2099 0 249
120 121 2128 0 250
120 121 2128 0 251
120 121 2144 0 252
120 121 2144 0 253
120 121 2144 0 254
120 121 2128 0 255
120 121 2128 0 256
120 121 2155 0 257
120 121 2155 0 258
120 121 2155 0 259
120 121 2113 0 260
120 121 2113 0 261
120 120 2174 0 262
120 120 2174 0 263
120 120 2174 0 264
120 121 2125 0 265
120 121 2125 0 266
120 120 2177 0 267
120 120 2177 0 268
120 120 2177 0 269
120 121 2148 0 270
120 121 2148 0 271
120 120 2184 0 272
120 120 2184 0 273
120 120 2184 0 274
120 120 2161 0 275
120 120 2161 0 276
120 120 2185 0 277
120 120 2185 0 278
120 120 2185 0 279
120 120 2191 0 280
120 120 2191 0 281
120 120 2193 0 282
120 120 2193 0 283
120 120 2193 0 284
120 120 2214 0 285
120 120 2214 0 286
120 120 2190 0 287
120 120 2190 0 288
120 120 2190 0 289
120 120 2222 0 290
120 120 2222 0 291
120 120 2181 0 292
120 120 2181 0 293
120 120 2181 0 294
120 119 2245 0 295
120 119 2245 0 296
120 120 2201 0 297
120 120 2201 0 298
120 120 2201 0 299
120 119 2253 0 300
120 119 2253 0 301
120 120 2228 0 302
120 120 2228 0 303
120 120 2228 0 304
120 119 2268 0 305
120 119 2268 0 306
120 120 2240 0 307
120 120 2240 0 308
120 120 2240 0 309
120 119 2272 0 310
120 119 2272 0 311
120 120 2253 0 312
120 120 2253 0 313
120 120 2253 0 314
120 119 2263 0 315
120 119 2263 0 316
120 119 2292 0 317
120 119 2292 0 318
120 119 2292 0 319
120 119 2271 0 320
120 119 2271 0 321
120 119 2277 0 322
120 119 2277 0 323
120 119 2277 0 324
120 120 2257 0 325
120 120 2257 0 326
120 119 2278 0 327
120 119 2278 0 328
120 119 2278 0 329
120 120 2249 0 330
120 120 2249 0 331
120 119 2294 0 332
120 119 2294 0 333
120 119 2294 0 334
120 120 2257 0 335
120 120 2257 0 336
120 119 2312 0 337
120 119 2312 0 338
120 119 2312 0 339
120 120 2276 0 340
120 120 2276 0 341
120 119 2327 0 342
120 119 2327 0 343
120 119 2327 0 344
120 119 2301 0 345
120 119 2301 0 346
120 119 2331 0 347
120 119 2331 0 348
120 119 2331 0 349
120 120 2296 0 350
120 120 2296 0 351
120 119 2326 0 352
120 119 2326 0 353
120 119 2326 0 354
120 119 2302 0 355
120 119 2302 0 356
120 119 2332 0 357
120 119 2332 0 358
120 119 2332 0 359
120 119 2313 0 360
120 119 2313 0 361
120 119 2331 0 362
120 119 2331 0 363
120 119 2331 0 364
120 119 2340 0 365
120 119 2340 0 366
120 119 2336 0 367
120 119 2336 0 368
120 119 2336 0 369
120 119 2350 0 370
120 119 2350 0 371
120 120 2328 0 372
120 120 2328 0 373
120 120 2328 0 374
120 119 2343 0 375
120 119 2343 0 376
120 120 2322 0 377
120 120 2322 0 378
120 120 2322 0 379
120 120 2346 0 380
120 120 2346 0 381
120 120 2316 0 382
120 120 2316 0 383
120 120 2316 0 384
120 120 2350 0 385
120 120 2350 0 386
120 120 2316 0 387
120 120 2316 0 388
120 120 2316 0 389
120 119 2369 0 390
120 119 2369 0 391
120 120 2331 0 392
120 120 2331 0 393
120 120 2331 0 394
120 119 2386 0 395
120 119 2386 0 396
120 120 2344 0 397
120 120 2344 0 398
120 120 2344 0 399
120 119 2403 0 400
120 119 2403 0 401
120 120 2381 0 402
120 120 2381 0 403
120 120 2381 0 404
120 119 2423 0 405
120 119 2423 0 406
120 120 2392 0 407
120 120 2392 0 408
120 120 2392 0 409
120 119 2412 0 410
120 119 2412 0 411
120 120 2385 0 412
120 120 2385 0 413
120 120 2385 0 414
120 119 2419 0 415
120 119 2419 0 416
120 120 2393 0 417
120 120 2393 0 418
120 120 2393 0 419
120 119 2428 0 420
120 119 2428 0 421
120 120 2407 0 422
120 120 2407 0 423
120 120 2407 0 424
120 119 2428 0 425
120 119 2428 0 426
120 120 2408 0 427
120 120 2408 0 428
120 120 2408 0 429
120 119 2429 0 430
120 119 2429 0 431
120 119 2423 0 432
120 119 2423 0 433
120 119 2423 0 434
120 119 2427 0 435
120 119 2427 0 436
120 120 2431 0 437
120 120 2431 0 438
120 120 2431 0 439
120 120 2425 0 440
120 120 2425 0 441
120 120 2429 0 442
120 120 2429 0 443
120 120 2429 0 444
120 120 2410 0 445
120 120 2410 0 446
120 120 2433 0 447
120 120 2433 0 448
120 120 2433 0 449
120 120 2410 0 450
120 120 2410 0 451
120 120 2424 0 452
120 120 2424 0 453
120 120 2424 0 454
120 120 2396 0 455
120 120 2396 0 456
120 120 2405 0 457
120 120 2405 0 458
120 120 2405 0 459
120 120 2392 0 460
120 120 2392 0 461
120 120 2406 0 462
120 120 2406 0 463
120 120 2406 0 464
120 120 2379 0 465
120 120 2379 0 466
120 120 2403 0 467
120 120 2403 0 468
120 120 2403 0 469
120 120 2376 0 470
120 120 2376 0 471
120 120 2432 0 472
120 120 2432 0 473
120 120 2432 0 474
120 120 2411 0 475
120 120 2411 0 476
120 119 2459 0 477
120 119 2459 0 478
120 119 2459 0 479
120 120 2420 0 480
120 120 2420 0 481
120 119 2469 0 482
120 119 2469 0 483
120 119 2469 0 484
120 120 2431 0 485
120 120 2431 0 486
120 119 2489 0 487
120 119 2489 0 488
120 119 2489 0 489
120 120 2446 0 490
120 120 2446 0 491
120 119 2496 0 492
120 119 2496 0 493
120 119 2496 0 494
120 120 2454 0 495
120 120 2454 0 496
120 119 2503 0 497
120 119 2503 0 498
120 119 2503 0 499
120 120 2466 0 500
120 120 2466 0 501
120 119 2498 0 502
120 119 2498 0 503
120 119 2498 0 504
120 120 2465 0 505
120 120 2465 0 506
120 119 2497 0 507
120 119 2497 0 508
120 119 2497 0 509
120 120 2470 0 510
120 120 2470 0 511
120 119 2492 0 512
120 119 2492 0 513
120 119 2492 0 514
120 120 2465 0 515
120 120 2465 0 516
120 119 2502 0 517
120 119 2502 0 518
120 119 2502 0 519
120 120 2456 0 520
120 120 2456 0 521
120 119 2484 0 522
120 119 2484 0 523
120 119 2484 0 524
120 120 2461 0 525
120 120 2461 0 526
120 119 2489 0 527
120 119 2489 0 528
120 119 2489 0 529
120 120 2462 0 530
120 120 2462 0 531
120 119 2504 0 532
120 119 2504 0 533
120 119 2504 0 534
120 120 2482 0 535
120 120 2482 0 536
120 119 2516 0 537
120 119 2516 0 538
120 119 2516 0 539
120 120 2480 0 540
120 120 2480 0 541
120 119 2514 0 542
120 119 2514 0 543
120 119 2514 0 544
120 120 2488 0 545
120 120 2488 0 546
120 119 2517 0 547
120 119 2517 0 548
120 119 2517 0 549
120 120 2492 0 550
120 120 2492 0 551
120 119 2516 0 552
120 119 2516 0 553
120 119 2516 0 554
120 120 2500 0 555
120 120 2500 0 556
120 119 2520 0 557
120 119 2520 0 558
120 119 2520 0 559
120 120 2500 0 560
120 120 2500 0 561
120 119 2520 0 562
120 119 2520 0 563
120 119 2520 0 564
120 120 2504 0 565
120 120 2504 0 566
120 119 2516 0 567
120 119 2516 0 568
120 119 2516 0 569
120 120 2509 0 570
120 120 2509 0 571
120 119 2517 0 572
120 119 2517 0 573
120 119 2517 0 574
120 120 2515 0 575
120 120 2515 0 576
120 119 2522 0 577
120 119 2522 0 578
120 119 2522 0 579
120 120 2516 0 580
120 120 2516 0 581
120 119 2528 0 582
120 119 2528 0 583
120 119 2528 0 584
120 119 2541 0 585
120 119 2541 0 586
120 119 2521 0 587
120 119 2521 0 588
120 119 2521 0 589
120 120 2524 0 590
120 120 2524 0 591
120 119 2514 0 592
120 119 2514 0 593
120 119 2514 0 594
120 120 2517 0 595
120 120 2517 0 596
120 120 2516 0 597
120 120 2516 0 598
120 120 2516 0 599
120 120 2520 0 600
120 120 2520 0 601
120 120 2509 0 602
120 120 2509 0 603
120 120 2509 0 604
120 120 2513 0 605
120 120 2513 0 606
120 120 2512 0 607
120 120 2512 0 608
120 120 2512 0 609
120 120 2511 0 610
120 120 2511 0 611
120 120 2505 0 612
120 120 2505 0 613
120 120 2505 0 614
120 120 2514 0 615
120 120 2514 0 616
120 120 2504 0 617
120 120 2504 0 618
120 120 2504 0 619
120 120 2512 0 620
120 120 2512 0 621
120 120 2507 0 622
120 120 2507 0 623
120 120 2507 0 624
120 120 2516 0 625
120 120 2516 0 626
120 120 2497 0 627
120 120 2497 0 628
120 120 2497 0 629
120 120 2501 0 630
120 120 2501 0 631
120 120 2496 0 632
120 120 2496 0 633
120 120 2496 0 634
120 120 2496 0 635
120 120 2496 0 636
120 120 2491 0 637
120 120 2491 0 638
120 120 2491 0 639
120 120 2505 0 640
120 120 2505 0 641
120 120 2486 0 642
120 120 2486 0 643
120 120 2486 0 644
120 120 2495 0 645
120 120 2495 0 646
120 120 2481 0 647
120 120 2481 0 648
120 120 2481 0 649
120 120 2486 0 650
120 120 2486 0 651
120 120 2477 0 652
120 120 2477 0 653
120 120 2477 0 654
120 120 2491 0 655
120 120 2491 0 656
120 120 2473 0 657
120 120 2473 0 658
120 120 2473 0 659
120 120 2487 0 660
120 120 2487 0 661
120 120 2473 0 662
120 120 2473 0 663
120 120 2473 0 664
120 120 2483 0 665
120 120 2483 0 666
120 120 2469 0 667
120 120 2469 0 668
120 120 2469 0 669
120 120 2479 0 670
120 120 2479 0 671
120 120 2466 0 672
120 120 2466 0 673
120 120 2466 0 674
120 120 2485 0 675
120 120 2485 0 676
120 120 2467 0 677
120 120 2467 0 678
120 120 2467 0 679
120 120 2486 0 680
120 120 2486 0 681
120 120 2464 0 682
120 120 2464 0 683
120 120 2464 0 684
120 120 2488 0 685
120 120 2488 0 686
120 120 2462 0 687
120 120 2462 0 688
120 120 2462 0 689
120 120 2481 0 690
120 120 2481 0 691
120 120 2464 0 692
120 120 2464 0 693
120 120 2464 0 694
120 120 2479 0 695
120 120 2479 0 696
120 120 2457 0 697
120 120 2457 0 698
120 120 2457 0 699
120 120 2476 0 700
120 120 2476 0 701
120 120 2464 0 702
120 120 2464 0 703
120 120 2464 0 704
120 120 2470 0 705
120 120 2470 0 706
120 120 2458 0 707
120 120 2458 0 708
120 120 2458 0 709
120 120 2491 0 710
120 120 2491 0 711
120 120 2466 0 712
120 120 2466 0 713
120 120 2466 0 714
120 120 2476 0 715
120 120 2476 0 716
120 120 2455 0 717
120 120 2455 0 718
120 120 2455 0 719
120 120 2484 0 720
120 120 2484 0 721
120 120 2468 0 722
120 120 2468 0 723
120 120 2468 0 724
120 120 2488 0 725
120 120 2488 0 726
120 120 2477 0 727
120 120 2477 0 728
120 120 2477 0 729
120 120 2488 0 730
120 120 2488 0 731
120 120 2472 0 732
120 120 2472 0 733
120 120 2472 0 734
120 120 2497 0 735
120 120 2497 0 736
120 120 2476 0 737
120 120 2476 0 738
120 120 2476 0 739
120 120 2488 0 740
120 120 2488 0 741
120 120 2467 0 742
120 120 2467 0 743
120 120 2467 0 744
120 120 2478 0 745
120 120 2478 0 746
120 120 2467 0 747
120 120 2467 0 748
120 120 2467 0 749
120 120 2483 0 750
120 120 2483 0 751
120 120 2462 0 752
120 120 2462 0 753
120 120 2462 0 754
120 120 2478 0 755
120 120 2478 0 756
120 120 2462 0 757
120 120 2462 0 758
120 120 2462 0 759
120 120 2483 0 760
120 120 2483 0 761
120 120 2458 0 762
120 120 2458 0 763
120 120 2458 0 764
120 120 2483 0 765
120 120 2483 0 766
120 120 2458 0 767
120 120 2458 0 768
120 120 2458 0 769
120 120 2488 0 770
120 120 2488 0 771
120 120 2468 0 772
120 120 2468 0 773
120 120 2468 0 774
120 120 2489 0 775
120 120 2489 0 776
120 120 2464 0 777
120 120 2464 0 778
120 120 2464 0 779
120 120 2481 0 780
120 120 2481 0 781
120 120 2465 0 782
120 120 2465 0 783
120 120 2465 0 784
120 120 2472 0 785
120 120 2472 0 786
119 120 2380 0 787
119 120 2380 0 788
119 120 2380 0 789
118 120 2333 0 790
118 120 2333 0 791
117 120 2244 0 792
117 120 2244 0 793
117 120 2244 0 794
116 119 2193 0 795
116 119 2193 0 796
115 119 2110 0 797
115 119 2110 0 798
115 119 2110 0 799
114 118 2073 0 800
114 118 2073 0 801
113 118 1990 0 802
113 118 1990 0 803
113 118 1990 0 804
112 117 2000 0 805
112 117 2000 0 806
111 117 1910 0 807
111 117 1910 0 808
111 117 1910 0 809
110 115 1895 0 810
110 115 1895 0 811
109 115 1824 0 812
109 115 1824 0 813
109 115 1824 0 814
108 114 1796 0 815
108 114 1796 0 816
107 113 1783 0 817
107 113 1783 0 818
107 113 1783 0 819
106 112 1701 0 820
106 112 1701 0 821
105 111 1717 0 822
105 111 1717 0 823
105 111 1717 0 824
104 110 1643 0 825
104 110 1643 0 826
103 109 1656 0 827
103 109 1656 0 828
103 109 1656 0 829
102 108 1639 0 830
102 108 1639 0 831
101 107 1548 0 832
101 107 1548 0 833
101 107 1548 0 834
100 105 1569 0 835
100 105 1569 0 836
99 105 1508 0 837
99 105 1508 0 838
99 105 1508 0 839
98 104 1504 0 840
98 104 1504 0 841
97 102 1542 0 842
97 102 1542 0 843
97 102 1542 0 844
96 101 1489 0 845
96 101 1489 0 846
95 99 1521 0 847
95 99 1521 0 848
95 99 1521 0 849
94 98 1568 0 850
94 98 1568 0 851
93 97 1510 0 852
93 97 1510 0 853
93 97 1510 0 854
92 95 1541 0 855
92 95 1541 0 856
91 94 1564 0 857
91 94 1564 0 858
91 94 1564 0 859
90 94 1492 0 860
90 94 1492 0 861
89 92 1511 0 862
89 92 1511 0 863
89 92 1511 0 864
88 91 1528 0 865
88 91 1528 0 866
87 91 1444 0 867
87 91 1444 0 868
87 91 1444 0 869
86 89 1471 0 870
86 89 1471 0 871
85 88 1476 0 872
85 88 1476 0 873
85 88 1476 0 874
84 88 1389 0 875
84 88 1389 0 876
83 86 1427 0 877
83 86 1427 0 878
83 86 1427 0 879
82 85 1444 0 880
82 85 1444 0 881
81 85 1336 0 882
81 85 1336 0 883
81 85 1336 0 884
80 83 1353 0 885
80 83 1353 0 886
79 82 1389 0 887
79 82 1389 0 888
79 82 1389 0 889
78 82 1293 0 890
78 82 1293 0 891
77 81 1284 0 892
77 81 1284 0 893
77 81 1284 0 894
76 79 1299 0 895
76 79 1299 0 896
75 79 1213 0 897
75 79 1213 0 898
75 79 1213 0 899
74 79 1113 0 900
74 79 1113 0 901
73 79 1049 0 902
73 79 1049 0 903
73 79 1049 0 904
72 79 916 0 905
72 79 916 0 906
71 78 851 0 907
71 78 851 0 908
71 78 851 0 909
70 77 809 0 910
70 77 809 0 911
69 78 689 0 912
69 78 689 0 913
69 78 689 0 914
68 77 623 0 915
68 77 623 0 916
67 75 614 0 917
67 75 614 0 918
67 75 614 0 919
66 75 582 0 920
66 75 582 0 921
65 74 473 0 922
65 74 473 0 923
65 74 473 0 924
64 73 469 0 925
64 73 469 0 926
63 70 504 0 927
63 70 504 0 928
63 70 504 0 929
62 70 495 0 930
62 70 495 0 931
61 69 389 0 932
61 69 389 0 933
61 69 389 0 934
60 68 389 0 935
60 68 389 0 936
60 65 500 0 937
60 65 500 0 938
60 65 500 0 939
60 64 649 0 940
60 64 649 0 941
60 64 616 0 942
60 64 616 0 943
60 64 616 0 944
60 63 638 0 945
60 63 638 0 946
60 62 692 0 947
60 62 692 0 948
60 62 692 0 949
60 62 738 0 950
60 62 738 0 951
60 63 668 0 952
60 63 668 0 953
60 63 668 0 954
60 62 689 0 955
60 62 689 0 956
60 61 742 0 957
60 61 742 0 958
60 61 742 0 959
60 62 666 0 960
60 62 666 0 961
60 62 654 0 962
60 62 654 0 963
60 62 654 0 964
60 61 696 0 965
60 61 696 0 966
60 61 710 0 967
60 61 710 0 968
60 61 710 0 969
60 62 632 0 970
60 62 632 0 971
60 61 668 0 972
60 61 668 0 973
60 61 668 0 974
60 61 717 0 975
60 61 717 0 976
60 62 647 0 977
60 62 647 0 978
60 62 647 0 979
60 62 645 0 980
60 62 645 0 981
60 61 679 0 982
60 61 679 0 983
60 61 679 0 984
60 61 704 0 985
60 61 704 0 986
60 62 632 0 987
60 62 632 0 988
60 62 632 0 989
60 61 651 0 990
60 61 651 0 991
60 60 711 0 992
60 60 711 0 993
60 60 711 0 994
60 61 643 0 995
60 61 643 0 996
60 61 623 0 997
60 61 623 0 998
60 61 623 0 999
60 60 659 0 1000
60 60 659 0 1001
60 60 690 0 1002
60 60 690 0 1003
60 60 690 0 1004
60 61 615 0 1005
60 61 615 0 1006
60 61 630 0 1007
60 61 630 0 1008
60 61 630 0 1009
60 60 692 0 1010
60 60 692 0 1011
60 61 634 0 1012
60 61 634 0 1013
60 61 634 0 1014
60 61 598 0 1015
60 61 598 0 1016
60 60 653 0 1017
60 60 653 0 1018
60 60 653 0 1019
60 60 691 0 1020
60 60 691 0 1021
60 61 608 0 1022
60 61 608 0 1023
60 61 608 0 1024
60 61 621 0 1025
60 61 621 0 1026
60 60 661 0 1027
60 60 661 0 1028
60 60 661 0 1029
60 61 656 0 1030
60 61 656 0 1031
60 61 585 0 1032
60 61 585 0 1033
60 61 585 0 1034
60 60 628 0 1035
60 60 628 0 1036
60 60 686 0 1037
60 60 686 0 1038
60 60 686 0 1039
60 61 605 0 1040
60 61 605 0 1041
60 61 606 0 1042
60 61 606 0 1043
60 61 606 0 1044
60 60 639 0 1045
60 60 639 0 1046
60 60 659 0 1047
60 60 659 0 1048
60 60 659 0 1049
60 61 581 0 1050
60 61 581 0 1051
60 61 594 0 1052
60 61 594 0 1053
60 61 594 0 1054
60 60 653 0 1055
60 60 653 0 1056
60 61 616 0 1057
60 61 616 0 1058
60 61 616 0 1059
60 61 564 0 1060
60 61 564 0 1061
60 60 622 0 1062
60 60 622 0 1063
60 60 622 0 1064
60 60 672 0 1065
60 60 672 0 1066
60 61 587 0 1067
60 61 587 0 1068
60 61 587 0 1069
60 61 580 0 1070
60 61 580 0 1071
60 60 609 0 1072
60 60 609 0 1073
60 60 609 0 1074
60 60 643 0 1075
60 60 643 0 1076
60 61 571 0 1077
60 61 571 0 1078
60 61 571 0 1079
60 60 590 0 1080
60 60 590 0 1081
60 60 632 0 1082
60 60 632 0 1083
60 60 632 0 1084
60 60 629 0 1085
60 60 629 0 1086
60 61 555 0 1087
60 61 555 0 1088
60 61 555 0 1089
60 60 605 0 1090
60 60 605 0 1091
60 59 665 0 1092
60 59 665 0 1093
60 59 665 0 1094
60 61 583 0 1095
60 61 583 0 1096
60 61 563 0 1097
60 61 563 0 1098
60 61 563 0 1099
60 60 603 0 1100
60 60 603 0 1101
60 60 643 0 1102
60 60 643 0 1103
60 60 643 0 1104
60 61 554 0 1105
60 61 554 0 1106
60 61 566 0 1107
60 61 566 0 1108
60 61 566 0 1109
60 60 609 0 1110
60 60 609 0 1111
60 60 630 0 1112
60 60 630 0 1113
60 60 630 0 1114
60 61 545 0 1115
60 61 545 0 1116
60 60 578 0 1117
60 60 578 0 1118
60 60 578 0 1119
60 60 635 0 1120
60 60 635 0 1121
60 60 605 0 1122
60 60 605 0 1123
60 60 605 0 1124
60 61 546 0 1125
60 61 546 0 1126
60 60 583 0 1127
60 60 583 0 1128
60 60 583 0 1129
60 59 658 0 1130
60 59 658 0 1131
60 61 585 0 1132
60 61 585 0 1133
60 61 585 0 1134
60 61 553 0 1135
60 61 553 0 1136
60 60 599 0 1137
60 60 599 0 1138
60 60 599 0 1139
60 60 645 0 1140
60 60 645 0 1141
60 61 553 0 1142
60 61 553 0 1143
60 61 553 0 1144
60 61 552 0 1145
60 61 552 0 1146
60 60 582 0 1147
60 60 582 0 1148
60 60 582 0 1149
60 60 614 0 1150
60 60 614 0 1151
60 61 534 0 1152
60 61 534 0 1153
60 61 534 0 1154
60 60 560 0 1155
60 60 560 0 1156
60 60 613 0 1157
60 60 613 0 1158
60 60 613 0 1159
60 60 594 0 1160
60 60 594 0 1161
60 61 527 0 1162
60 61 527 0 1163
60 61 527 0 1164
60 60 566 0 1165
60 60 566 0 1166
60 60 628 0 1167
60 60 628 0 1168
60 60 628 0 1169
60 60 571 0 1170
60 60 571 0 1171
60 61 527 0 1172
60 61 527 0 1173
60 61 527 0 1174
60 60 574 0 1175
60 60 574 0 1176
60 60 626 0 1177
60 60 626 0 1178
60 60 626 0 1179
60 61 541 0 1180
60 61 541 0 1181
60 61 528 0 1182
60 61 528 0 1183
60 61 528 0 1184
60 60 565 0 1185
60 60 565 0 1186
60 60 626 0 1187
60 60 626 0 1188
60 60 626 0 1189
60 61 535 0 1190
60 61 535 0 1191
60 60 549 0 1192
60 60 549 0 1193
60 60 549 0 1194
60 60 573 0 1195
60 60 573 0 1196
60 60 601 0 1197
60 60 601 0 1198
60 60 601 0 1199
60 61 518 0 1200
60 61 518 0 1201
60 60 536 0 1202
60 60 536 0 1203
60 60 536 0 1204
60 59 591 0 1205
60 59 591 0 1206
60 60 601 0 1207
60 60 601 0 1208
60 60 601 0 1209
60 61 522 0 1210
60 61 522 0 1211
60 60 553 0 1212
60 60 553 0 1213
60 60 553 0 1214
60 59 613 0 1215
60 59 613 0 1216
60 60 567 0 1217
60 60 567 0 1218
60 60 567 0 1219
60 61 510 0 1220
60 61 510 0 1221
60 60 564 0 1222
60 60 564 0 1223
60 60 564 0 1224
60 59 623 0 1225
60 59 623 0 1226
60 60 553 0 1227
60 60 553 0 1228
60 60 553 0 1229
60 61 520 0 1230
60 61 520 0 1231
60 60 564 0 1232
60 60 564 0 1233
60 60 564 0 1234
60 60 627 0 1235
60 60 627 0 1236
60 61 543 0 1237
60 61 543 0 1238
60 61 543 0 1239
60 61 527 0 1240
60 61 527 0 1241
60 60 561 0 1242
60 60 561 0 1243
60 60 561 0 1244
60 60 619 0 1245
60 60 619 0 1246
60 61 530 0 1247
60 61 530 0 1248
60 61 530 0 1249
60 61 528 0 1250
60 61 528 0 1251
60 60 552 0 1252
60 60 552 0 1253
60 60 552 0 1254
60 60 605 0 1255
60 60 605 0 1256
60 61 520 0 1257
60 61 520 0 1258
60 61 520 0 1259
60 60 540 0 1260
60 60 540 0 1261
60 60 570 0 1262
60 60 570 0 1263
60 60 570 0 1264
60 60 604 0 1265
60 60 604 0 1266
60 61 518 0 1267
60 61 518 0 1268
60 61 518 0 1269
60 60 542 0 1270
60 60 542 0 1271
60 59 590 0 1272
60 59 590 0 1273
60 59 590 0 1274
60 60 587 0 1275
60 60 587 0 1276
60 61 510 0 1277
60 61 510 0 1278
60 61 510 0 1279
60 60 543 0 1280
60 60 543 0 1281
60 59 600 0 1282
60 59 600 0 1283
60 59 600 0 1284
60 60 560 0 1285
60 60 560 0 1286
60 61 496 0 1287
60 61 496 0 1288
60 61 496 0 1289
60 60 542 0 1290
60 60 542 0 1291
60 59 598 0 1292
60 59 598 0 1293
60 59 598 0 1294
60 60 544 0 1295
60 60 544 0 1296
60 61 503 0 1297
60 61 503 0 1298
60 61 503 0 1299
60 60 549 0 1300
60 60 549 0 1301
60 59 619 0 1302
60 59 619 0 1303
60 59 619 0 1304
60 60 542 0 1305
60 60 542 0 1306
60 61 509 0 1307
60 61 509 0 1308
60 61 509 0 1309
60 60 550 0 1310
60 60 550 0 1311
60 59 620 0 1312
60 59 620 0 1313
60 59 620 0 1314
60 61 524 0 1315
60 61 524 0 1316
60 61 505 0 1317
60 61 505 0 1318
60 61 505 0 1319
60 60 555 0 1320
60 60 555 0 1321
60 59 611 0 1322
60 59 611 0 1323
60 59 611 0 1324
60 61 524 0 1325
60 61 524 0 1326
60 60 514 0 1327
60 60 514 0 1328
60 60 514 0 1329
60 59 545 0 1330
60 59 545 0 1331
60 59 609 0 1332
60 59 609 0 1333
60 59 609 0 1334
60 61 522 0 1335
60 61 522 0 1336
60 60 526 0 1337
60 60 526 0 1338
60 60 526 0 1339
60 59 539 0 1340
60 59 539 0 1341
60 60 584 0 1342
60 60 584 0 1343
60 60 584 0 1344
60 61 505 0 1345
60 61 505 0 1346
60 60 518 0 1347
60 60 518 0 1348
60 60 518 0 1349
60 59 549 0 1350
60 59 549 0 1351
60 60 576 0 1352
60 60 576 0 1353
60 60 576 0 1354
60 61 501 0 1355
60 61 501 0 1356
60 60 518 0 1357
60 60 518 0 1358
60 60 518 0 1359
60 59 563 0 1360
60 59 563 0 1361
60 60 576 0 1362
60 60 576 0 1363
60 60 576 0 1364
60 61 492 0 1365
60 61 492 0 1366
60 60 522 0 1367
60 60 522 0 1368
60 60 522 0 1369
60 59 576 0 1370
60 59 576 0 1371
60 60 580 0 1372
60 60 580 0 1373
60 60 580 0 1374
60 61 496 0 1375
60 61 496 0 1376
60 60 536 0 1377
60 60 536 0 1378
60 60 536 0 1379
60 59 581 0 1380
60 59 581 0 1381
60 60 566 0 1382
60 60 566 0 1383
60 60 566 0 1384
60 61 491 0 1385
60 61 491 0 1386
60 60 525 0 1387
60 60 525 0 1388
60 60 525 0 1389
60 59 588 0 1390
60 59 588 0 1391
60 60 550 0 1392
60 60 550 0 1393
60 60 550 0 1394
60 61 488 0 1395
60 61 488 0 1396
60 60 532 0 1397
60 60 532 0 1398
60 60 532 0 1399
60 59 604 0 1400
60 59 604 0 1401
60 60 557 0 1402
60 60 557 0 1403
60 60 557 0 1404
60 60 500 0 1405
60 60 500 0 1406
60 60 534 0 1407
60 60 534 0 1408
60 60 534 0 1409
60 59 602 0 1410
60 59 602 0 1411
60 60 531 0 1412
60 60 531 0 1413
60 60 531 0 1414
60 61 492 0 1415
60 61 492 0 1416
60 60 535 0 1417
60 60 535 0 1418
60 60 535 0 1419
60 59 612 0 1420
60 59 612 0 1421
60 60 537 0 1422
60 60 537 0 1423
60 60 537 0 1424
60 61 502 0 1425
60 61 502 0 1426
60 60 545 0 1427
60 60 545 0 1428
60 60 545 0 1429
60 59 608 0 1430
60 59 608 0 1431
60 61 523 0 1432
60 61 523 0 1433
60 61 523 0 1434
60 61 502 0 1435
60 61 502 0 1436
60 60 541 0 1437
60 60 541 0 1438
60 60 541 0 1439
60 59 603 0 1440
60 59 603 0 1441
60 61 509 0 1442
60 61 509 0 1443
60 61 509 0 1444
60 61 497 0 1445
60 61 497 0 1446
60 60 535 0 1447
60 60 535 0 1448
60 60 535 0 1449
60 59 616 0 1450
60 59 616 0 1451
60 60 527 0 1452
60 60 527 0 1453
60 60 527 0 1454
60 60 519 0 1455
60 60 519 0 1456
60 60 548 0 1457
60 60 548 0 1458
60 60 548 0 1459
60 60 611 0 1460
60 60 611 0 1461
60 61 517 0 1462
60 61 517 0 1463
60 61 517 0 1464
60 60 518 0 1465
60 60 518 0 1466
60 60 542 0 1467
60 60 542 0 1468
60 60 542 0 1469
60 60 581 0 1470
60 60 581 0 1471
60 61 501 0 1472
60 61 501 0 1473
60 61 501 0 1474
60 61 497 0 1475
60 61 497 0 1476
60 60 535 0 1477
60 60 535 0 1478
60 60 535 0 1479
60 60 578 0 1480
60 60 578 0 1481
60 61 502 0 1482
60 61 502 0 1483
60 61 502 0 1484
60 60 512 0 1485
60 60 512 0 1486
60 60 546 0 1487
60 60 546 0 1488
60 60 546 0 1489
60 60 580 0 1490
60 60 580 0 1491
60 61 499 0 1492
60 61 499 0 1493
60 61 499 0 1494
60 60 509 0 1495
60 60 509 0 1496
60 60 557 0 1497
60 60 557 0 1498
60 60 557 0 1499
60 60 577 0 1500
60 60 577 0 1501
60 61 501 0 1502
60 61 501 0 1503
60 61 501 0 1504
60 60 515 0 1505
60 60 515 0 1506
60 59 572 0 1507
60 59 572 0 1508
60 59 572 0 1509
60 60 579 0 1510
60 60 579 0 1511
60 61 493 0 1512
60 61 493 0 1513
60 61 493 0 1514
60 60 517 0 1515
60 60 517 0 1516
60 59 573 0 1517
60 59 573 0 1518
60 59 573 0 1519
60 60 570 0 1520
60 60 570 0 1521
60 61 489 0 1522
60 61 489 0 1523
60 61 489 0 1524
60 60 508 0 1525
60 60 508 0 1526
60 59 574 0 1527
60 59 574 0 1528
60 59 574 0 1529
60 60 552 0 1530
60 60 552 0 1531
60 61 485 0 1532
60 61 485 0 1533
60 61 485 0 1534
60 60 522 0 1535
60 60 522 0 1536
61 59 660 0 1537
61 59 660 0 1538
61 59 660 0 1539
62 60 693 0 1540
62 60 693 0 1541
63 61 707 0 1542
63 61 707 0 1543
63 61 707 0 1544
64 61 808 0 1545
64 61 808 0 1546
65 61 881 0 1547
65 61 881 0 1548
65 61 881 0 1549
66 63 853 0 1550
66 63 853 0 1551
67 63 906 0 1552
67 63 906 0 1553
67 63 906 0 1554
68 64 972 0 1555
68 64 972 0 1556
69 66 936 0 1557
69 66 936 0 1558
69 66 936 0 1559
70 66 986 0 1560
70 66 986 0 1561
71 66 1059 0 1562
71 66 1059 0 1563
71 66 1059 0 1564
72 68 1025 0 1565
72 68 1025 0 1566
73 69 1068 0 1567
73 69 1068 0 1568
73 69 1068 0 1569
74 69 1133 0 1570
74 69 1133 0 1571
75 71 1106 0 1572
75 71 1106 0 1573
75 71 1106 0 1574
76 71 1155 0 1575
76 71 1155 0 1576
77 72 1209 0 1577
77 72 1209 0 1578
77 72 1209 0 1579
78 74 1179 0 1580
78 74 1179 0 1581
79 74 1253 0 1582
79 74 1253 0 1583
79 74 1253 0 1584
80 75 1263 0 1585
80 75 1263 0 1586
81 76 1276 0 1587
81 76 1276 0 1588
81 76 1276 0 1589
82 77 1352 0 1590
82 77 1352 0 1591
83 78 1336 0 1592
83 78 1336 0 1593
83 78 1336 0 1594
84 79 1388 0 1595
84 79 1388 0 1596
85 80 1445 0 1597
85 80 1445 0 1598
85 80 1445 0 1599
86 81 1427 0 1600
86 81 1427 0 1601
87 80 1546 0 1602
87 80 1546 0 1603
87 80 1546 0 1604
88 81 1656 0 1605
88 81 1656 0 1606
89 82 1666 0 1607
89 82 1666 0 1608
89 82 1666 0 1609
90 81 1831 0 1610
90 81 1831 0 1611
91 82 1910 0 1612
91 82 1910 0 1613
91 82 1910 0 1614
92 83 1929 0 1615
92 83 1929 0 1616
93 83 2057 0 1617
93 83 2057 0 1618
93 83 2057 0 1619
94 85 2066 0 1620
94 85 2066 0 1621
95 85 2142 0 1622
95 85 2142 0 1623
95 85 2142 0 1624
96 86 2209 0 1625
96 86 2209 0 1626
97 88 2207 0 1627
97 88 2207 0 1628
97 88 2207 0 1629
98 88 2313 0 1630
98 88 2313 0 1631
99 90 2309 0 1632
99 90 2309 0 1633
99 90 2309 0 1634
100 90 2377 0 1635
100 90 2377 0 1636
100 91 2345 0 1637
100 91 2345 0 1638
100 91 2345 0 1639
100 92 2293 0 1640
100 92 2293 0 1641
100 93 2286 0 1642
100 93 2286 0 1643
100 93 2286 0 1644
100 95 2205 0 1645
100 95 2205 0 1646
100 94 2238 0 1647
100 94 2238 0 1648
100 94 2238 0 1649
100 96 2179 0 1650
100 96 2179 0 1651
100 96 2179 0 1652
100 96 2179 0 1653
100 96 2179 0 1654
100 96 2165 0 1655
100 96 2165 0 1656
100 97 2110 0 1657
100 97 2110 0 1658
100 97 2110 0 1659
100 97 2141 0 1660
100 97 2141 0 1661
100 98 2081 0 1662
100 98 2081 0 1663
100 98 2081 0 1664
100 98 2108 0 1665
100 98 2108 0 1666
100 98 2108 0 1667
100 98 2108 0 1668
100 98 2108 0 1669
100 99 2052 0 1670
100 99 2052 0 1671
100 99 2075 0 1672
100 99 2075 0 1673
100 99 2075 0 1674
100 99 2029 0 1675
100 99 2029 0 1676
100 99 2061 0 1677
100 99 2061 0 1678
100 99 2061 0 1679
100 99 2066 0 1680
100 99 2066 0 1681
100 100 2025 0 1682
100 100 2025 0 1683
100 100 2025 0 1684
100 99 2067 0 1685
100 99 2067 0 1686
100 100 2023 0 1687
100 100 2023 0 1688
100 100 2023 0 1689
100 99 2052 0 1690
100 99 2052 0 1691
100 99 2063 0 1692
100 99 2063 0 1693
100 99 2063 0 1694
100 100 2015 0 1695
100 100 2015 0 1696
100 99 2072 0 1697
100 99 2072 0 1698
100 99 2072 0 1699
100 100 2025 0 1700
100 100 2025 0 1701
100 99 2056 0 1702
100 99 2056 0 1703
100 99 2056 0 1704
100 99 2069 0 1705
100 99 2069 0 1706
100 100 2018 0 1707
100 100 2018 0 1708
100 100 2018 0 1709
100 99 2073 0 1710
100 99 2073 0 1711
100 100 2036 0 1712
100 100 2036 0 1713
100 100 2036 0 1714
100 99 2055 0 1715
100 99 2055 0 1716
100 99 2074 0 1717
100 99 2074 0 1718
100 99 2074 0 1719
100 100 2025 0 1720
100 100 2025 0 1721
100 99 2077 0 1722
100 99 2077 0 1723
100 99 2077 0 1724
100 100 2032 0 1725
100 100 2032 0 1726
100 99 2057 0 1727
100 99 2057 0 1728
100 99 2057 0 1729
100 99 2078 0 1730
100 99 2078 0 1731
100 100 2030 0 1732
100 100 2030 0 1733
100 100 2030 0 1734
100 99 2088 0 1735
100 99 2088 0 1736
100 100 2046 0 1737
100 100 2046 0 1738
100 100 2046 0 1739
100 99 2068 0 1740
100 99 2068 0 1741
100 100 2090 0 1742
100 100 2090 0 1743
100 100 2090 0 1744
100 100 2044 0 1745
100 100 2044 0 1746
100 99 2099 0 1747
100 99 2099 0 1748
100 99 2099 0 1749
100 100 2053 0 1750
100 100 2053 0 1751
100 100 2077 0 1752
100 100 2077 0 1753
100 100 2077 0 1754
100 99 2101 0 1755
100 99 2101 0 1756
100 100 2047 0 1757
100 100 2047 0 1758
100 100 2047 0 1759
100 99 2098 0 1760
100 99 2098 0 1761
100 100 2049 0 1762
100 100 2049 0 1763
100 100 2049 0 1764
100 100 2074 0 1765
100 100 2074 0 1766
100 100 2103 0 1767
100 100 2103 0 1768
100 100 2103 0 1769
100 100 2060 0 1770
100 100 2060 0 1771
100 99 2118 0 1772
100 99 2118 0 1773
100 99 2118 0 1774
100 100 2079 0 1775
100 100 2079 0 1776
100 99 2105 0 1777
100 99 2105 0 1778
100 99 2105 0 1779
100 99 2118 0 1780
100 99 2118 0 1781
100 100 2081 0 1782
100 100 2081 0 1783
100 100 2081 0 1784
100 99 2135 0 1785
100 99 2135 0 1786
100 100 2084 0 1787
100 100 2084 0 1788
100 100 2084 0 1789
100 99 2120 0 1790
100 99 2120 0 1791
100 99 2139 0 1792
100 99 2139 0 1793
100 99 2139 0 1794
100 100 2098 0 1795
100 100 2098 0 1796
100 99 2149 0 1797
100 99 2149 0 1798
100 99 2149 0 1799
100 100 2104 0 1800
100 100 2104 0 1801
100 99 2142 0 1802
100 99 2142 0 1803
100 99 2142 0 1804
100 100 2138 0 1805
100 100 2138 0 1806
100 100 2098 0 1807
100 100 2098 0 1808
100 100 2098 0 1809
100 99 2150 0 1810
100 99 2150 0 1811
100 100 2106 0 1812
100 100 2106 0 1813
100 100 2106 0 1814
100 99 2139 0 1815
100 99 2139 0 1816
100 100 2127 0 1817
100 100 2127 0 1818
100 100 2127 0 1819
100 100 2111 0 1820
100 100 2111 0 1821
100 99 2145 0 1822
100 99 2145 0 1823
100 99 2145 0 1824
100 100 2102 0 1825
100 100 2102 0 1826
100 99 2155 0 1827
100 99 2155 0 1828
100 99 2155 0 1829
100 100 2130 0 1830
100 100 2130 0 1831
100 100 2138 0 1832
100 100 2138 0 1833
100 100 2138 0 1834
100 99 2164 0 1835
100 99 2164 0 1836
100 100 2117 0 1837
100 100 2117 0 1838
100 100 2117 0 1839
100 99 2166 0 1840
100 99 2166 0 1841
100 100 2133 0 1842
100 100 2133 0 1843
100 100 2133 0 1844
100 99 2160 0 1845
100 99 2160 0 1846
100 100 2173 0 1847
100 100 2173 0 1848
100 100 2173 0 1849
100 100 2122 0 1850
100 100 2122 0 1851
100 99 2176 0 1852
100 99 2176 0 1853
100 99 2176 0 1854
100 100 2126 0 1855
100 100 2126 0 1856
100 100 2153 0 1857
100 100 2153 0 1858
100 100 2153 0 1859
100 100 2167 0 1860
100 100 2167 0 1861
100 100 2130 0 1862
100 100 2130 0 1863
100 100 2130 0 1864
100 99 2181 0 1865
100 99 2181 0 1866
100 100 2140 0 1867
100 100 2140 0 1868
100 100 2140 0 1869
100 99 2182 0 1870
100 99 2182 0 1871
100 100 2183 0 1872
100 100 2183 0 1873
100 100 2183 0 1874
100 100 2161 0 1875
100 100 2161 0 1876
100 99 2218 0 1877
100 99 2218 0 1878
100 99 2218 0 1879
100 100 2173 0 1880
100 100 2173 0 1881
100 99 2198 0 1882
100 99 2198 0 1883
100 99 2198 0 1884
100 100 2176 0 1885
100 100 2176 0 1886
100 100 2178 0 1887
100 100 2178 0 1888
100 100 2178 0 1889
100 100 2202 0 1890
100 100 2202 0 1891
100 100 2158 0 1892
100 100 2158 0 1893
100 100 2158 0 1894
100 99 2206 0 1895
100 99 2206 0 1896
100 100 2162 0 1897
100 100 2162 0 1898
100 100 2162 0 1899
100 100 2173 0 1900
100 100 2173 0 1901
100 100 2203 0 1902
100 100 2203 0 1903
100 100 2203 0 1904
100 100 2150 0 1905
100 100 2150 0 1906
100 99 2207 0 1907
100 99 2207 0 1908
100 99 2207 0 1909
100 100 2168 0 1910
100 100 2168 0 1911
100 99 2203 0 1912
100 99 2203 0 1913
100 99 2203 0 1914
100 100 2206 0 1915
100 100 2206 0 1916
100 100 2172 0 1917
100 100 2172 0 1918
100 100 2172 0 1919
100 99 2211 0 1920
100 99 2211 0 1921
100 100 2173 0 1922
100 100 2173 0 1923
100 100 2173 0 1924
100 100 2208 0 1925
100 100 2208 0 1926
100 100 2183 0 1927
100 100 2183 0 1928
100 100 2183 0 1929
100 100 2186 0 1930
100 100 2186 0 1931
100 100 2213 0 1932
100 100 2213 0 1933
100 100 2213 0 1934
100 100 2156 0 1935
100 100 2156 0 1936
100 99 2219 0 1937
100 99 2219 0 1938
100 99 2219 0 1939
100 100 2177 0 1940
100 100 2177 0 1941
100 100 2194 0 1942
100 100 2194 0 1943
100 100 2194 0 1944
100 100 2212 0 1945
100 100 2212 0 1946
100 100 2165 0 1947
100 100 2165 0 1948
100 100 2165 0 1949
100 100 2205 0 1950
100 100 2205 0 1951
100 100 2163 0 1952
100 100 2163 0 1953
100 100 2163 0 1954
100 100 2203 0 1955
100 100 2203 0 1956
100 100 2208 0 1957
100 100 2208 0 1958
100 100 2208 0 1959
100 100 2180 0 1960
100 100 2180 0 1961
100 100 2211 0 1962
100 100 2211 0 1963
100 100 2211 0 1964
100 100 2165 0 1965
100 100 2165 0 1966
100 99 2206 0 1967
100 99 2206 0 1968
100 99 2206 0 1969
100 100 2173 0 1970
100 100 2173 0 1971
100 100 2191 0 1972
100 100 2191 0 1973
100 100 2191 0 1974
100 100 2214 0 1975
100 100 2214 0 1976
100 100 2164 0 1977
100 100 2164 0 1978
100 100 2164 0 1979
100 99 2224 0 1980
100 99 2224 0 1981
100 100 2183 0 1982
100 100 2183 0 1983
100 100 2183 0 1984
100 100 2206 0 1985
100 100 2206 0 1986
100 100 2215 0 1987
100 100 2215 0 1988
100 100 2215 0 1989
100 100 2179 0 1990
100 100 2179 0 1991
100 99 2230 0 1992
100 99 2230 0 1993
100 99 2230 0 1994
100 100 2180 0 1995
100 100 2180 0 1996
100 99 2213 0 1997
100 99 2213 0 1998
100 99 2213 0 1999