-2819 573 0 0 0
-2544 486 0 0 1
-2761 261 0 0 2
-2800 -233 0 0 3
-2673 -672 0 0 4
-2544 -968 0 0 5
-2229 -1259 0 0 6
-1677 -1458 0 0 7
-1267 -1574 0 0 8
-469 -1641 0 0 9
469 -1651 0 0 10
1633 -1528 0 0 11
2007 -1240 0 0 12
2298 -893 0 0 13
2158 -549 0 0 14
1968 -237 0 0 15
976 102 0 0 165
104 304 0 0 175
-976 388 0 0 18
-1408 308 0 0 19
-1763 101 0 0 20
-1408 -206 0 0 21
-313 -472 0 0 22
877 -653 0 0 23
1677 -644 0 0 24
1968 -385 0 0 25
1720 -27 0 0 26
1172 203 0 0 27
776 376 0 0 28
313 537 0 0 29
-104 659 0 0 30
-209 632 0 0 31
-417 603 0 0 32
-469 464 0 0 33
-469 409 0 0 34
-417 310 0 0 35
-520 312 0 0 36
-572 262 0 0 37
-520 209 0 0 38
-674 253 0 0 39
-877 256 0 0 40
-1026 293 0 0 41
-1123 192 0 0 42
-1220 177 0 0 43
-1267 204 0 0 44
-1500 167 0 0 45
-1589 109 0 0 46
-1677 37 0 0 47
-1763 3 0 0 48
-1887 -89 0 0 49
-1928 -188 0 0 50
-2007 -176 0 0 51
-2158 -249 0 0 52
-2194 -334 0 0 53
-2331 -364 0 0 54
-2395 -444 0 0 55
-2487 -550 0 0 56
-2544 -580 0 0 57
-2648 -656 0 0 58
-2696 -716 0 0 59
-2761 -825 0 0 60
-2819 -990 0 0 61
-2868 -1110 0 0 62
-2910 -1183 0 0 63
-2944 -1296 0 0 64
-2977 -1487 0 0 65
-2983 -1646 0 0 66
-2995 -1784 0 0 67
-2999 -1907 0 0 68
-2999 -2065 0 0 69
-2992 -2156 0 0 70
-2983 -2269 0 0 71
-2963 -2433 0 0 72
-2944 -2555 0 0 73
-2910 -2737 0 0 74
-2853 -2866 0 0 75
-2819 -2952 0 0 76
-2761 -3097 0 0 77
-2673 -3202 0 0 78
-2623 -3305 0 0 79
-2544 -3383 0 0 80
-2457 -3441 0 0 81
-2395 -3502 0 0 82
-2331 -3535 0 0 83
-2194 -3638 0 0 84
-2083 -3730 0 0 85
-1968 -3776 0 0 86
-1805 -3831 0 0 87
-1633 -3788 0 0 88
-1545 -3718 0 0 89
-1408 -3695 0 0 90
-1220 -3693 0 0 91
-1026 -3639 0 0 92
-877 -3595 0 0 93
-725 -3423 0 0 94
-623 -3309 0 0 95
-469 -3211 0 0 96
-313 -3070 0 0 97
-157 -2942 0 0 98
-52 -2780 0 0 99
52 -2660 0 0 100
209 -2600 0 0 101
365 -2462 0 0 102
520 -2371 0 0 103
674 -2240 0 0 104
776 -2090 0 0 105
927 -1938 0 0 106
1075 -1798 0 0 107
1172 -1622 0 0 108
1315 -1441 0 0 109
1454 -1328 0 0 110
1633 -1180 0 0 111
1720 -947 0 0 112
1846 -754 0 0 113
1928 -635 0 0 114
2045 -480 0 0 115
2158 -290 0 0 116
2264 -179 0 0 117
2395 -90 0 0 118
2457 30 0 0 119
2544 204 0 0 120
2623 328 0 0 121
2696 496 0 0 122
2761 669 0 0 123
2819 865 0 0 124
2853 1058 0 0 125
2897 1223 0 0 126
2934 1368 0 0 127
2954 1489 0 0 128
2983 1664 0 0 129
2995 1842 0 0 130
3000 2106 0 0 131
2998 2354 0 0 132
2988 2408 0 0 133
2970 2535 0 0 134
2944 2599 0 0 135
2923 2758 0 0 136
2883 2921 0 0 137
2836 3089 0 0 138
2761 3207 0 0 139
2696 3338 0 0 140
2598 3453 0 0 141
2516 3569 0 0 142
2427 3611 0 0 143
2298 3696 0 0 144
2158 3766 0 0 145
2083 3851 0 0 146
1928 3913 0 0 147
1805 3965 0 0 148
1677 3993 0 0 149
1454 4015 0 0 150
1267 3957 0 0 151
1220 3820 0 0 152
1026 3939 0 0 153
776 3903 0 0 154
623 3851 0 0 155
469 3720 0 0 156
313 3596 0 0 157
157 3519 0 0 158
0 3378 0 0 1598
-157 3238 0 0 160
-313 3058 0 0 161
-417 2865 0 0 162
-623 2787 0 0 163
-776 2680 0 0 164
-976 2501 0 0 165
-1123 2277 0 0 166
-1220 2032 0 0 167
-1315 1844 0 0 168
-1454 1637 0 0 169
-1589 1483 0 0 170
-1763 1280 0 0 171
-1887 1056 0 0 172
-2007 906 0 0 173
-2121 608 0 0 174
-2229 349 0 0 175
-2298 254 0 0 176
-2457 61 0 0 177
-2516 -146 0 0 178
-2623 -323 0 0 179
-2673 -611 0 0 180
-2740 -728 0 0 181
-2781 -932 0 0 182
-2836 -1112 0 0 183
-2883 -1237 0 0 184
-2910 -1418 0 0 185
-2954 -1523 0 0 186
-2970 -1695 0 0 187
-2977 -1890 0 0 188
-2992 -1975 0 0 189
-2998 -2140 0 0 190
-2999 -2273 0 0 191
-2995 -2418 0 0 192
-2988 -2581 0 0 193
-2970 -2692 0 0 194
-2944 -2796 0 0 195
-2923 -2928 0 0 196
-2910 -2986 0 0 197
-2868 -3085 0 0 198
-2836 -3187 0 0 199
-2761 -3247 0 0 200
-2696 -3429 0 0 201
-2623 -3485 0 0 202
-2571 -3534 0 0 203
-2487 -3602 0 0 204
-2395 -3612 0 0 205
-2331 -3617 0 0 206
-2229 -3612 0 0 207
-2158 -3629 0 0 208
-2045 -3659 0 0 209
-1887 -3703 0 0 210
-1763 -3689 0 0 211
-1633 -3607 0 0 212
-1500 -3594 0 0 213
-1361 -3522 0 0 214
-1220 -3505 0 0 215
-1075 -3422 0 0 216
-927 -3375 0 0 217
-776 -3332 0 0 218
-623 -3256 0 0 219
-469 -3120 0 0 220
-313 -3034 0 0 221
-209 -2898 0 0 222
-104 -2795 0 0 223
52 -2691 0 0 2243
209 -2550 0 0 225
313 -2428 0 0 226
417 -2315 0 0 227
572 -2151 0 0 228
674 -2027 0 0 229
877 -1982 0 0 230
1026 -1822 0 0 231
1172 -1635 0 0 232
1267 -1509 0 0 233
1361 -1320 0 0 234
1500 -1195 0 0 235
1677 -1107 0 0 236
1763 -944 0 0 237
1887 -716 0 0 238
1968 -487 0 0 239
2083 -364 0 0 240
2194 -232 0 0 241
2298 -101 0 0 242
2364 -10 0 0 243
2487 85 0 0 244
2571 248 0 0 245
2673 375 0 0 246
2761 559 0 0 247
2819 691 0 0 248
2853 888 0 0 249
2883 1141 0 0 250
2910 1316 0 0 251
2954 1443 0 0 252
2977 1595 0 0 253
2992 1808 0 0 254
2999 2015 0 0 255
2998 2154 0 0 256
2992 2310 0 0 257
2983 2454 0 0 258
2954 2585 0 0 259
2910 2781 0 0 260
2868 2956 0 0 261
2836 3039 0 0 262
2761 3133 0 0 263
2696 3176 0 0 264
2598 3410 0 0 265
2516 3528 0 0 266
2395 3603 0 0 267
2298 3712 0 0 268
2194 3728 0 0 269
2083 3766 0 0 270
2007 3837 0 0 271
1846 3822 0 0 272
1720 4006 0 0 273
1500 4001 0 0 274
1315 3938 0 0 275
1172 3860 0 0 276
1026 3883 0 0 277
826 3818 0 0 278
674 3713 0 0 279
572 3630 0 0 280
365 3568 0 0 281
157 3440 0 0 282
0 3362 0 0 2832
-157 3216 0 0 284
-313 3137 0 0 285
-469 2941 0 0 286
-623 2795 0 0 287
-725 2638 0 0 288
-877 2433 0 0 289
-1075 2259 0 0 290
-1220 2073 0 0 291
-1361 1837 0 0 292
-1454 1597 0 0 293
-1545 1390 0 0 294
-1677 1150 0 0 295
-1846 1036 0 0 296
-1968 877 0 0 297
-2121 708 0 0 298
-2194 460 0 0 299
-2264 236 0 0 300
-2298 -9 0 0 301
-2457 -133 0 0 302
-2571 -371 0 0 303
-2623 -540 0 0 304
-2673 -670 0 0 305
-2740 -835 0 0 306
-2819 -984 0 0 307
-2868 -1149 0 0 308
-2910 -1288 0 0 309
-2944 -1449 0 0 310
-2963 -1640 0 0 311
-2977 -1769 0 0 312
-2988 -1882 0 0 313
-2998 -2086 0 0 314
-3000 -2248 0 0 315
-2995 -2435 0 0 316
-2988 -2540 0 0 317
-2977 -2692 0 0 318
-2954 -2872 0 0 319
-2944 -2914 0 0 320
-2910 -3012 0 0 321
-2897 -3148 0 0 322
-2819 -3240 0 0 323
-2761 -3278 0 0 324
-2696 -3396 0 0 325
-2648 -3414 0 0 326
-2623 -3434 0 0 327
-2544 -3523 0 0 328
-2427 -3602 0 0 329
-2364 -3669 0 0 330
-2264 -3650 0 0 331
-2194 -3660 0 0 332
-2083 -3707 0 0 333
-1968 -3694 0 0 334
-1805 -3718 0 0 335
-1677 -3618 0 0 336
-1545 -3650 0 0 337
-1408 -3593 0 0 338
-1267 -3564 0 0 339
-1123 -3523 0 0 340
-927 -3452 0 0 341
-826 -3344 0 0 342
-674 -3277 0 0 343
-520 -3135 0 0 344
-417 -3083 0 0 345
-209 -3021 0 0 346
-52 -2876 0 0 347
52 -2730 0 0 348
157 -2577 0 0 349
313 -2485 0 0 350
417 -2359 0 0 351
572 -2274 0 0 352
725 -2135 0 0 353
826 -1960 0 0 354
927 -1838 0 0 355
1026 -1595 0 0 356
1123 -1516 0 0 357
1315 -1452 0 0 358
1500 -1245 0 0 359
1589 -1071 0 0 360
1720 -986 0 0 361
1846 -772 0 0 362
1968 -615 0 0 363
2045 -482 0 0 364
2158 -378 0 0 365
2298 -254 0 0 366
2395 -88 0 0 367
2487 40 0 0 368
2571 226 0 0 369
2623 402 0 0 370
2718 599 0 0 371
2800 718 0 0 372
2853 926 0 0 373
2883 1031 0 0 374
2923 1196 0 0 375
2944 1377 0 0 376
2970 1470 0 0 377
2988 1827 0 0 378
2998 2037 0 0 379
2999 2230 0 0 380
2992 2347 0 0 381
2977 2465 0 0 382
2963 2630 0 0 383
2923 2690 0 0 384
2883 2834 0 0 385
2853 2930 0 0 386
2800 3077 0 0 387
2718 3216 0 0 388
2623 3319 0 0 389
2544 3422 0 0 390
2427 3497 0 0 391
2331 3599 0 0 392
2229 3610 0 0 393
2121 3717 0 0 394
2007 3771 0 0 395
1928 3832 0 0 396
1805 3895 0 0 397
1589 3946 0 0 398
1408 3970 0 0 399
1220 3993 0 0 400
1026 3910 0 0 401
877 3898 0 0 402
674 3898 0 0 403
469 3760 0 0 404
365 3578 0 0 405
261 3430 0 0 406
104 3398 0 0 407
-104 3265 0 0 408
-261 3079 0 0 409
-365 2917 0 0 410
-520 2775 0 0 411
-674 2618 0 0 412
-826 2461 0 0 413
-927 2296 0 0 414
-1172 2139 0 0 415
-1267 1929 0 0 416
-1454 1818 0 0 417
-1589 1569 0 0 418
-1720 1275 0 0 419
-1805 1076 0 0 420
-1968 918 0 0 421
-2121 733 0 0 422
-2194 498 0 0 423
-2264 301 0 0 424
-2395 130 0 0 425
-2457 -75 0 0 426
-2544 -258 0 0 427
-2598 -513 0 0 428
-2673 -649 0 0 429
-2761 -772 0 0 430
-2800 -963 0 0 431
-2836 -1136 0 0 432
-2897 -1294 0 0 433
-2944 -1483 0 0 434
-2954 -1646 0 0 435
-2970 -1760 0 0 436
-2983 -1886 0 0 437
-2992 -2062 0 0 438
-3000 -2231 0 0 439
-2998 -2338 0 0 440
-2995 -2516 0 0 441
-2983 -2638 0 0 442
-2970 -2774 0 0 443
-2944 -2866 0 0 444
-2923 -3013 0 0 445
-2883 -3148 0 0 446
-2836 -3242 0 0 447
-2761 -3320 0 0 448
-2696 -3420 0 0 449
-2648 -3435 0 0 450
-2571 -3566 0 0 451
-2516 -3489 0 0 452
-2427 -3603 0 0 453
-2331 -3628 0 0 454
-2229 -3638 0 0 455
-2158 -3706 0 0 456
-2045 -3750 0 0 457
-1928 -3720 0 0 458
-1805 -3663 0 0 459
-1677 -3603 0 0 460
-1589 -3607 0 0 461
-1408 -3528 0 0 462
-1315 -3485 0 0 463
-1123 -3398 0 0 464
-976 -3367 0 0 465
-826 -3285 0 0 466
-674 -3227 0 0 467
-572 -3149 0 0 468
-417 -3034 0 0 469
-313 -2897 0 0 470
-157 -2849 0 0 471
0 -2779 0 0 47271
157 -2632 0 0 473
209 -2462 0 0 474
313 -2362 0 0 475
520 -2251 0 0 476
674 -2179 0 0 477
776 -2064 0 0 478
927 -1943 0 0 479
1075 -1759 0 0 480
1220 -1588 0 0 481
1361 -1443 0 0 482
1454 -1357 0 0 483
1633 -1187 0 0 484
1763 -1026 0 0 485
1887 -817 0 0 486
1968 -624 0 0 487
2045 -443 0 0 488
2121 -317 0 0 489
2229 -184 0 0 490
2364 -89 0 0 491
2457 35 0 0 492
2571 156 0 0 493
2648 330 0 0 494
2718 466 0 0 495
2761 648 0 0 496
2836 837 0 0 497
2868 1043 0 0 498
2910 1216 0 0 499
2944 1400 0 0 500
2970 1462 0 0 501
2988 1754 0 0 502
2995 2003 0 0 503
3000 2158 0 0 504
2995 2324 0 0 505
2977 2435 0 0 506
2963 2430 0 0 507
2934 2666 0 0 508
2897 2898 0 0 509
2836 3051 0 0 510
2800 3129 0 0 511
2718 3242 0 0 512
2648 3277 0 0 513
2571 3399 0 0 514
2457 3537 0 0 515
2364 3671 0 0 516
2229 3715 0 0 517
2121 3745 0 0 518
2007 3817 0 0 519
1846 3887 0 0 520
1720 3879 0 0 521
1589 3840 0 0 522
1454 3855 0 0 523
1315 3856 0 0 524
1075 3905 0 0 525
877 3805 0 0 526
725 3811 0 0 527
572 3705 0 0 528
417 3610 0 0 529
261 3544 0 0 530
104 3398 0 0 531
-52 3273 0 0 532
-209 3129 0 0 533
-365 3006 0 0 534
-520 2875 0 0 535
-725 2689 0 0 536
-826 2504 0 0 537
-1026 2281 0 0 538
-1172 2156 0 0 539
-1315 1946 0 0 540
-1408 1753 0 0 541
-1545 1505 0 0 542
-1720 1260 0 0 543
-1805 1099 0 0 544
-1968 956 0 0 545
-2083 772 0 0 546
-2158 520 0 0 547
-2264 310 0 0 548
-2331 84 0 0 549
-2457 -140 0 0 550
-2516 -330 0 0 551
-2623 -467 0 0 552
-2696 -653 0 0 553
-2740 -719 0 0 554
-2800 -887 0 0 555
-2836 -984 0 0 556
-2897 -1170 0 0 557
-2910 -1423 0 0 558
-2954 -1599 0 0 559
-2963 -1756 0 0 560
-2983 -1840 0 0 561
-2995 -2084 0 0 562
-2999 -2187 0 0 563
-2999 -2268 0 0 564
-2995 -2428 0 0 565
-2983 -2599 0 0 566
-2963 -2761 0 0 567
-2934 -2917 0 0 568
-2910 -3035 0 0 569
-2897 -3136 0 0 570
-2868 -3179 0 0 571
-2836 -3306 0 0 572
-2740 -3423 0 0 573
-2673 -3493 0 0 574
-2598 -3561 0 0 575
-2516 -3576 0 0 576
-2427 -3678 0 0 577
-2331 -3683 0 0 578
-2264 -3657 0 0 579
-2194 -3692 0 0 580
-2083 -3756 0 0 581
-1968 -3716 0 0 582
-1846 -3639 0 0 583
-1720 -3617 0 0 584
-1545 -3600 0 0 585
-1408 -3559 0 0 586
-1315 -3487 0 0 587
-1220 -3386 0 0 588
-1026 -3416 0 0 589
-776 -3421 0 0 590
-674 -3292 0 0 591
-520 -3181 0 0 592
-417 -3087 0 0 593
-209 -3037 0 0 594
-104 -2909 0 0 595
0 -2745 0 0 59695
104 -2593 0 0 597
261 -2455 0 0 598
365 -2325 0 0 599
469 -2238 0 0 600
623 -2148 0 0 601
725 -1947 0 0 602
826 -1822 0 0 603
976 -1713 0 0 604
1075 -1550 0 0 605
1220 -1410 0 0 606
1408 -1307 0 0 607
1545 -1249 0 0 608
1677 -1038 0 0 609
1805 -832 0 0 610
1928 -660 0 0 611
2007 -566 0 0 612
2121 -375 0 0 613
2229 -272 0 0 614
2364 -194 0 0 615
2457 -9 0 0 6165
2544 166 0 0 617
2598 316 0 0 618
2718 482 0 0 619
2761 605 0 0 620
2836 767 0 0 621
2868 961 0 0 622
2910 1170 0 0 623
2944 1341 0 0 624
2977 1453 0 0 625
2992 1721 0 0 626
2995 1957 0 0 627
3000 2102 0 0 628
2998 2276 0 0 629
2988 2388 0 0 630
2970 2509 0 0 631
2944 2680 0 0 632
2910 2847 0 0 633
2868 3032 0 0 634
2836 3070 0 0 635
2761 3144 0 0 636
2673 3250 0 0 637
2598 3363 0 0 638
2516 3435 0 0 639
2395 3569 0 0 640
2264 3641 0 0 641
2158 3722 0 0 642
2045 3796 0 0 643
1928 3810 0 0 644
1763 3917 0 0 645
1633 3907 0 0 646
1454 3959 0 0 647
1267 3937 0 0 648
1123 3932 0 0 649
927 3928 0 0 650
776 3849 0 0 651
572 3782 0 0 652
417 3680 0 0 653
261 3543 0 0 654
157 3403 0 0 655
-104 3318 0 0 656
-209 3188 0 0 657
-365 2956 0 0 658
-469 2816 0 0 659
-623 2665 0 0 660
-776 2529 0 0 661
-927 2371 0 0 662
-1123 2211 0 0 663
-1267 2025 0 0 664
-1361 1809 0 0 665
-1545 1567 0 0 666
-1633 1287 0 0 667
-1763 1120 0 0 668
-1887 1001 0 0 669
-2007 793 0 0 670
-2158 528 0 0 671
-2229 376 0 0 672
-2331 177 0 0 673
-2427 8 0 0 6743
-2516 -223 0 0 675
-2598 -386 0 0 676
-2673 -599 0 0 677
-2761 -691 0 0 678
-2819 -854 0 0 679
-2853 -988 0 0 680
-2883 -1197 0 0 681
-2910 -1452 0 0 682
-2944 -1609 0 0 683
-2963 -1800 0 0 684
-2983 -1909 0 0 685
-2992 -2012 0 0 686
-2998 -2156 0 0 687
-2999 -2334 0 0 688
-2992 -2467 0 0 689
-2983 -2580 0 0 690
-2963 -2704 0 0 691
-2944 -2825 0 0 692
-2923 -2923 0 0 693
-2897 -3089 0 0 694
-2853 -3152 0 0 695
-2800 -3208 0 0 696
-2740 -3342 0 0 697
-2718 -3460 0 0 698
-2623 -3566 0 0 699
-2544 -3606 0 0 700
-2457 -3645 0 0 701
-2364 -3663 0 0 702
-2298 -3625 0 0 703
-2194 -3625 0 0 704
-2083 -3657 0 0 705
-2007 -3726 0 0 706
-1887 -3679 0 0 707
-1763 -3684 0 0 708
-1633 -3644 0 0 709
-1454 -3596 0 0 710
-1267 -3661 0 0 711
-1123 -3600 0 0 712
-927 -3480 0 0 713
-826 -3378 0 0 714
-674 -3294 0 0 715
-572 -3155 0 0 716
-417 -3060 0 0 717
-313 -3004 0 0 718
-157 -2901 0 0 719
0 -2792 0 0 72019
157 -2648 0 0 721
209 -2510 0 0 722
365 -2424 0 0 723
572 -2334 0 0 724
674 -2169 0 0 725
776 -2029 0 0 726
877 -1888 0 0 727
1026 -1683 0 0 728
1123 -1516 0 0 729
1267 -1449 0 0 730
1408 -1289 0 0 731
1545 -1136 0 0 732
1677 -1085 0 0 733
1805 -846 0 0 734
1928 -733 0 0 735
2007 -550 0 0 736
2121 -410 0 0 737
2229 -247 0 0 738
2364 -97 0 0 739
2457 45 0 0 740
2544 143 0 0 741
2623 360 0 0 742
2696 501 0 0 743
2781 601 0 0 744
2836 808 0 0 745
2853 1022 0 0 746
2910 1203 0 0 747
2934 1385 0 0 748
2970 1476 0 0 749
2992 1686 0 0 750
2998 1920 0 0 751
3000 2089 0 0 752
2998 2259 0 0 753
2983 2394 0 0 754
2970 2495 0 0 755
2944 2678 0 0 756
2910 2773 0 0 757
2868 2875 0 0 758
2819 3021 0 0 759
2740 3144 0 0 760
2673 3280 0 0 761
2571 3390 0 0 762
2487 3527 0 0 763
2395 3630 0 0 764
2264 3700 0 0 765
2158 3751 0 0 766
2007 3793 0 0 767
1928 3789 0 0 768
1805 3871 0 0 769
1633 3944 0 0 770
1454 3923 0 0 771
1267 3866 0 0 772
1123 3911 0 0 773
927 3892 0 0 774
776 3854 0 0 775
623 3737 0 0 776
469 3626 0 0 777
313 3516 0 0 778
104 3504 0 0 779
-52 3331 0 0 780
-209 3171 0 0 781
-313 2962 0 0 782
-469 2840 0 0 783
-623 2688 0 0 784
-776 2530 0 0 785
-927 2349 0 0 786
-1123 2240 0 0 787
-1267 2079 0 0 788
-1454 1802 0 0 789
-1500 1561 0 0 790
-1589 1344 0 0 791
-1763 1217 0 0 792
-1928 1038 0 0 793
-2045 869 0 0 794
-2158 652 0 0 795
-2264 376 0 0 796
-2298 180 0 0 797
-2395 -24 0 0 798
-2516 -243 0 0 799
-2598 -421 0 0 800
-2623 -631 0 0 801
-2696 -757 0 0 802
-2800 -916 0 0 803
-2836 -1039 0 0 804
-2883 -1217 0 0 805
-2923 -1417 0 0 806
-2944 -1559 0 0 807
-2963 -1714 0 0 808
-2992 -1878 0 0 809
-2992 -2052 0 0 810
-2998 -2191 0 0 811
-2999 -2336 0 0 812
-2995 -2405 0 0 813
-2983 -2577 0 0 814
-2977 -2725 0 0 815
-2954 -2913 0 0 816
-2923 -2988 0 0 817
-2897 -3092 0 0 818
-2836 -3151 0 0 819
-2800 -3213 0 0 820
-2761 -3341 0 0 821
-2696 -3422 0 0 822
-2623 -3466 0 0 823
-2516 -3564 0 0 824
-2457 -3616 0 0 825
-2364 -3720 0 0 826
-2264 -3660 0 0 827
-2194 -3667 0 0 828
-2083 -3762 0 0 829
-1968 -3768 0 0 830
-1846 -3670 0 0 831
-1763 -3636 0 0 832
-1633 -3667 0 0 833
-1454 -3541 0 0 834
-1361 -3509 0 0 835
-1172 -3487 0 0 836
-1026 -3410 0 0 837
-877 -3281 0 0 838
-776 -3214 0 0 839
-623 -3118 0 0 840
-520 -3051 0 0 841
-365 -2986 0 0 842
-209 -2922 0 0 843
-52 -2821 0 0 844
52 -2699 0 0 845
209 -2590 0 0 846
313 -2474 0 0 847
469 -2346 0 0 848
623 -2205 0 0 849
725 -2074 0 0 850
877 -1984 0 0 851
1026 -1797 0 0 852
1123 -1646 0 0 853
1267 -1533 0 0 854
1454 -1388 0 0 855
1545 -1204 0 0 856
1677 -1024 0 0 857
1763 -843 0 0 858
1887 -695 0 0 859
2007 -548 0 0 860
2121 -361 0 0 861
2229 -280 0 0 862
2331 -182 0 0 863
2427 -31 0 0 864
2487 146 0 0 865
2623 269 0 0 866
2696 343 0 0 867
2781 570 0 0 868
2819 777 0 0 869
2836 1038 0 0 870
2883 1221 0 0 871
2934 1352 0 0 872
2963 1399 0 0 873
2983 1691 0 0 874
2992 1803 0 0 875
2999 2030 0 0 876
2998 2196 0 0 877
2992 2272 0 0 878
2977 2418 0 0 879
2954 2580 0 0 880
2923 2792 0 0 881
2883 2962 0 0 882
2836 3074 0 0 883
2740 3204 0 0 884
2673 3359 0 0 885
2598 3426 0 0 886
2516 3516 0 0 887
2395 3564 0 0 888
2298 3676 0 0 889
2194 3770 0 0 890
2045 3815 0 0 891
1887 3893 0 0 892
1805 3904 0 0 893
1633 3937 0 0 894
1454 3936 0 0 895
1267 3908 0 0 896
1123 3896 0 0 897
976 3818 0 0 898
776 3804 0 0 899
623 3660 0 0 900
520 3566 0 0 901
313 3446 0 0 902
209 3410 0 0 903
0 3357 0 0 9043
-209 3227 0 0 905
-365 3040 0 0 906
-469 2894 0 0 907
-623 2675 0 0 908
-776 2498 0 0 909
-927 2397 0 0 910
-1075 2275 0 0 911
-1267 2078 0 0 912
-1408 1877 0 0 913
-1500 1646 0 0 914
-1633 1362 0 0 915
-1720 1171 0 0 916
-1846 983 0 0 917
-2007 827 0 0 918
-2083 640 0 0 919
-2194 396 0 0 920
-2298 240 0 0 921
-2427 12 0 0 922
-2516 -196 0 0 923
-2598 -381 0 0 924
-2648 -568 0 0 925
-2718 -687 0 0 926
-2781 -902 0 0 927
-2819 -1042 0 0 928
-2868 -1241 0 0 929
-2910 -1349 0 0 930
-2944 -1530 0 0 931
-2970 -1741 0 0 932
-2977 -1842 0 0 933
-2992 -2010 0 0 934
-2998 -2160 0 0 935
-2999 -2273 0 0 936
-2995 -2408 0 0 937
-2983 -2535 0 0 938
-2970 -2704 0 0 939
-2954 -2777 0 0 940
-2934 -2915 0 0 941
-2897 -3029 0 0 942
-2868 -3093 0 0 943
-2819 -3160 0 0 944
-2781 -3292 0 0 945
-2740 -3382 0 0 946
-2648 -3493 0 0 947
-2571 -3566 0 0 948
-2487 -3616 0 0 949
-2395 -3661 0 0 950
-2298 -3644 0 0 951
-2264 -3667 0 0 952
-2158 -3756 0 0 953
-2045 -3743 0 0 954
-1928 -3736 0 0 955
-1805 -3679 0 0 956
-1677 -3673 0 0 957
-1545 -3596 0 0 958
-1315 -3602 0 0 959
-1172 -3603 0 0 960
-976 -3511 0 0 961
-826 -3436 0 0 962
-725 -3325 0 0 963
-623 -3228 0 0 964
-520 -3073 0 0 965
-365 -3007 0 0 966
-261 -2935 0 0 967
-104 -2808 0 0 968
52 -2680 0 0 9698
104 -2575 0 0 970
313 -2469 0 0 971
417 -2348 0 0 972
572 -2202 0 0 973
725 -2046 0 0 974
826 -1928 0 0 975
976 -1771 0 0 976
1075 -1646 0 0 977
1267 -1528 0 0 978
1361 -1334 0 0 979
1500 -1221 0 0 980
1720 -1135 0 0 981
1805 -913 0 0 982
1887 -770 0 0 983
2007 -623 0 0 984
2121 -424 0 0 985
2194 -286 0 0 986
2331 -178 0 0 987
2427 -25 0 0 988
2516 132 0 0 989
2598 280 0 0 990
2673 430 0 0 991
2740 594 0 0 992
2800 742 0 0 993
2853 934 0 0 994
2897 1106 0 0 995
2923 1279 0 0 996
2954 1526 0 0 997
2977 1649 0 0 998
2992 1821 0 0 999
2999 2060 0 0 1000
2999 2193 0 0 1001
2992 2320 0 0 1002
2977 2412 0 0 1003
2944 2577 0 0 1004
2910 2751 0 0 1005
2868 2907 0 0 1006
2836 2956 0 0 1007
2761 3106 0 0 1008
2673 3220 0 0 1009
2623 3336 0 0 1010
2544 3440 0 0 1011
2457 3540 0 0 1012
2298 3626 0 0 1013
2229 3704 0 0 1014
2083 3780 0 0 1015
1968 3853 0 0 1016
1846 3923 0 0 1017
1677 3906 0 0 1018
1545 3913 0 0 1019
1361 3934 0 0 1020
1220 3891 0 0 1021
1026 3859 0 0 1022
877 3854 0 0 1023
674 3802 0 0 1024
520 3707 0 0 1025
365 3645 0 0 1026
157 3543 0 0 1027
0 3387 0 0 10287
-157 3244 0 0 1029
-261 3067 0 0 1030
-417 2918 0 0 1031
-572 2783 0 0 1032
-725 2583 0 0 1033
-927 2465 0 0 1034
-1075 2305 0 0 1035
-1220 2097 0 0 1036
-1361 1912 0 0 1037
-1500 1637 0 0 1038
-1633 1524 0 0 1039
-1805 1198 0 0 1040
-1887 1078 0 0 1041
-1968 839 0 0 1042
-2083 618 0 0 1043
-2158 407 0 0 1044
-2298 196 0 0 1045
-2364 24 0 0 1046
-2457 -163 0 0 1047
-2544 -338 0 0 1048
-2648 -528 0 0 1049
-2696 -631 0 0 1050
-2761 -742 0 0 1051
-2819 -967 0 0 1052
-2868 -1127 0 0 1053
-2910 -1234 0 0 1054
-2934 -1459 0 0 1055
-2963 -1664 0 0 1056
-2977 -1775 0 0 1057
-2992 -1945 0 0 1058
-2995 -2123 0 0 1059
-3000 -2287 0 0 1060
-2998 -2436 0 0 1061
-2988 -2560 0 0 1062
-2977 -2671 0 0 1063
-2944 -2821 0 0 1064
-2934 -2946 0 0 1065
-2897 -3044 0 0 1066
-2868 -3169 0 0 1067
-2819 -3230 0 0 1068
-2761 -3329 0 0 1069
-2718 -3395 0 0 1070
-2648 -3534 0 0 1071
-2571 -3551 0 0 1072
-2516 -3643 0 0 1073
-2395 -3643 0 0 1074
-2298 -3672 0 0 1075
-2194 -3708 0 0 1076
-2121 -3676 0 0 1077
-2045 -3717 0 0 1078
-1928 -3708 0 0 1079
-1805 -3661 0 0 1080
-1677 -3647 0 0 1081
-1500 -3698 0 0 1082
-1315 -3601 0 0 1083
-1172 -3518 0 0 1084
-1075 -3444 0 0 1085
-877 -3344 0 0 1086
-776 -3227 0 0 1087
-674 -3108 0 0 1088
-520 -3077 0 0 1089
-417 -2977 0 0 1090
-313 -2857 0 0 1091
-157 -2796 0 0 1092
0 -2709 0 0 109392
157 -2638 0 0 1094
365 -2586 0 0 1095
469 -2412 0 0 1096
572 -2306 0 0 1097
725 -2150 0 0 1098
877 -1950 0 0 1099
1026 -1829 0 0 1100
1123 -1594 0 0 1101
1220 -1483 0 0 1102
1408 -1387 0 0 1103
1545 -1201 0 0 1104
1633 -1034 0 0 1105
1720 -881 0 0 1106
1887 -731 0 0 1107
1968 -557 0 0 1108
2045 -387 0 0 1109
2121 -249 0 0 1110
2264 -147 0 0 1111
2395 -74 0 0 1112
2457 89 0 0 1113
2571 208 0 0 1114
2673 313 0 0 1115
2740 462 0 0 1116
2800 679 0 0 1117
2853 921 0 0 1118
2897 1099 0 0 1119
2934 1247 0 0 1120
2954 1415 0 0 1121
2970 1475 0 0 1122
2988 1808 0 0 1123
2995 1988 0 0 1124
2999 2193 0 0 1125
2992 2337 0 0 1126
2977 2519 0 0 1127
2944 2671 0 0 1128
2910 2748 0 0 1129
2883 2802 0 0 1130
2836 2976 0 0 1131
2761 3132 0 0 1132
2673 3335 0 0 1133
2598 3388 0 0 1134
2516 3499 0 0 1135
2395 3569 0 0 1136
2298 3720 0 0 1137
2194 3701 0 0 1138
2083 3726 0 0 1139
1968 3799 0 0 1140
1846 3869 0 0 1141
1677 3909 0 0 1142
1545 3920 0 0 1143
1361 3927 0 0 1144
1172 3892 0 0 1145
1026 3792 0 0 1146
877 3728 0 0 1147
725 3668 0 0 1148
572 3626 0 0 1149
365 3556 0 0 1150
209 3486 0 0 1151
0 3359 0 0 11521
-157 3264 0 0 1153
-313 3050 0 0 1154
-469 2940 0 0 1155
-572 2713 0 0 1156
-725 2632 0 0 1157
-976 2525 0 0 1158
-1075 2363 0 0 1159
-1267 2129 0 0 1160
-1361 1913 0 0 1161
-1500 1599 0 0 1162
-1633 1383 0 0 1163
-1720 1171 0 0 1164
-1846 1015 0 0 1165
-1928 850 0 0 1166
-2045 689 0 0 1167
-2194 487 0 0 1168
-2298 271 0 0 1169
-2364 39 0 0 1170
-2457 -124 0 0 1171
-2544 -294 0 0 1172
-2598 -521 0 0 1173
-2696 -678 0 0 1174
-2740 -770 0 0 1175
-2800 -929 0 0 1176
-2868 -1150 0 0 1177
-2910 -1300 0 0 1178
-2934 -1488 0 0 1179
-2963 -1663 0 0 1180
-2977 -1837 0 0 1181
-2988 -1974 0 0 1182
-2998 -2128 0 0 1183
-3000 -2278 0 0 1184
-2998 -2368 0 0 1185
-2992 -2501 0 0 1186
-2977 -2669 0 0 1187
-2954 -2837 0 0 1188
-2923 -2947 0 0 1189
-2910 -3061 0 0 1190
-2868 -3173 0 0 1191
-2819 -3244 0 0 1192
-2761 -3313 0 0 1193
-2696 -3386 0 0 1194
-2648 -3489 0 0 1195
-2598 -3579 0 0 1196
-2487 -3578 0 0 1197
-2427 -3631 0 0 1198
-2331 -3668 0 0 1199
-2229 -3629 0 0 1200
-2158 -3695 0 0 1201
-2045 -3686 0 0 1202
-1887 -3721 0 0 1203
-1763 -3641 0 0 1204
-1677 -3623 0 0 1205
-1500 -3595 0 0 1206
-1408 -3526 0 0 1207
-1220 -3545 0 0 1208
-1075 -3467 0 0 1209
-877 -3449 0 0 1210
-725 -3271 0 0 1211
-623 -3185 0 0 1212
-469 -3107 0 0 1213
-365 -2990 0 0 1214
-209 -2893 0 0 1215
-104 -2848 0 0 1216
52 -2723 0 0 12176
157 -2546 0 0 1218
261 -2447 0 0 1219
365 -2304 0 0 1220
520 -2226 0 0 1221
623 -2059 0 0 1222
776 -1941 0 0 1223
877 -1776 0 0 1224
976 -1696 0 0 1225
1172 -1585 0 0 1226
1315 -1450 0 0 1227
1500 -1244 0 0 1228
1589 -1104 0 0 1229
1720 -962 0 0 1230
1846 -779 0 0 1231
1968 -608 0 0 1232
2045 -461 0 0 1233
2158 -320 0 0 1234
2264 -227 0 0 1235
2364 -151 0 0 1236
2487 17 0 0 12376
2571 195 0 0 1238
2673 293 0 0 1239
2740 489 0 0 1240
2781 672 0 0 1241
2853 874 0 0 1242
2897 1037 0 0 1243
2934 1258 0 0 1244
2954 1410 0 0 1245
2983 1587 0 0 1246
2992 1867 0 0 1247
2998 2060 0 0 1248
2999 2191 0 0 1249
2988 2271 0 0 1250
2977 2412 0 0 1251
2954 2596 0 0 1252
2923 2711 0 0 1253
2897 2877 0 0 1254
2836 2971 0 0 1255
2781 3059 0 0 1256
2718 3227 0 0 1257
2648 3344 0 0 1258
2571 3428 0 0 1259
2457 3583 0 0 1260
2364 3598 0 0 1261
2229 3763 0 0 1262
2121 3804 0 0 1263
2007 3839 0 0 1264
1846 3851 0 0 1265
1677 3897 0 0 1266
1589 3874 0 0 1267
1408 3820 0 0 1268
1267 3883 0 0 1269
1026 3914 0 0 1270
826 3895 0 0 1271
674 3847 0 0 1272
520 3731 0 0 1273
313 3679 0 0 1274
209 3446 0 0 1275
52 3370 0 0 1276
-104 3203 0 0 1277
-261 3108 0 0 1278
-417 2937 0 0 1279
-520 2785 0 0 1280
-674 2643 0 0 1281
-877 2540 0 0 1282
-1075 2386 0 0 1283
-1220 2169 0 0 1284
-1361 1936 0 0 1285
-1454 1664 0 0 1286
-1589 1440 0 0 1287
-1720 1188 0 0 1288
-1846 1057 0 0 1289
-1968 846 0 0 1290
-2083 683 0 0 1291
-2194 511 0 0 1292
-2298 270 0 0 1293
-2331 82 0 0 1294
-2457 -130 0 0 1295
-2544 -330 0 0 1296
-2648 -522 0 0 1297
-2673 -737 0 0 1298
-2740 -862 0 0 1299
-2781 -1033 0 0 1300
-2853 -1129 0 0 1301
-2897 -1257 0 0 1302
-2934 -1461 0 0 1303
-2963 -1626 0 0 1304
-2977 -1822 0 0 1305
-2988 -1967 0 0 1306
-2998 -2066 0 0 1307
-3000 -2244 0 0 1308
-2995 -2394 0 0 1309
-2988 -2471 0 0 1310
-2970 -2605 0 0 1311
-2963 -2759 0 0 1312
-2934 -2955 0 0 1313
-2910 -2996 0 0 1314
-2868 -3056 0 0 1315
-2836 -3200 0 0 1316
-2781 -3292 0 0 1317
-2740 -3385 0 0 1318
-2673 -3534 0 0 1319
-2598 -3508 0 0 1320
-2487 -3591 0 0 1321
-2395 -3662 0 0 1322
-2298 -3694 0 0 1323
-2229 -3679 0 0 1324
-2121 -3702 0 0 1325
-2045 -3672 0 0 1326
-1928 -3661 0 0 1327
-1805 -3698 0 0 1328
-1677 -3589 0 0 1329
-1589 -3511 0 0 1330
-1454 -3558 0 0 1331
-1315 -3497 0 0 1332
-1123 -3502 0 0 1333
-976 -3456 0 0 1334
-826 -3328 0 0 1335
-725 -3266 0 0 1336
-572 -3238 0 0 1337
-417 -3106 0 0 1338
-313 -2988 0 0 1339
-157 -2859 0 0 1340
0 -2775 0 0 134140
157 -2637 0 0 1342
261 -2530 0 0 1343
365 -2389 0 0 1344
520 -2288 0 0 1345
623 -2108 0 0 1346
776 -1995 0 0 1347
927 -1833 0 0 1348
1075 -1825 0 0 1349
1220 -1601 0 0 1350
1408 -1461 0 0 1351
1500 -1260 0 0 1352
1589 -1133 0 0 1353
1763 -953 0 0 1354
1846 -741 0 0 1355
1968 -627 0 0 1356
2083 -447 0 0 1357
2194 -321 0 0 1358
2331 -240 0 0 1359
2395 -25 0 0 1360
2487 152 0 0 1361
2544 293 0 0 1362
2623 391 0 0 1363
2718 519 0 0 1364
2781 672 0 0 1365
2836 856 0 0 1366
2868 1087 0 0 1367
2897 1245 0 0 1368
2934 1398 0 0 1369
2963 1475 0 0 1370
2983 1700 0 0 1371
2995 2011 0 0 1372
3000 2142 0 0 1373
2998 2238 0 0 1374
2988 2359 0 0 1375
2963 2481 0 0 1376
2934 2640 0 0 1377
2897 2813 0 0 1378
2853 2880 0 0 1379
2800 3143 0 0 1380
2718 3228 0 0 1381
2673 3282 0 0 1382
2571 3482 0 0 1383
2487 3657 0 0 1384
2364 3732 0 0 1385
2264 3762 0 0 1386
2121 3844 0 0 1387
2007 3858 0 0 1388
1887 3846 0 0 1389
1763 3902 0 0 1390
1589 3960 0 0 1391
1408 3938 0 0 1392
1220 3958 0 0 1393
1075 3945 0 0 1394
877 3983 0 0 1395
725 3841 0 0 1396
520 3698 0 0 1397
417 3590 0 0 1398
261 3490 0 0 1399
104 3384 0 0 1400
-52 3214 0 0 1401
-209 3110 0 0 1402
-365 2927 0 0 1403
-469 2793 0 0 1404
-674 2655 0 0 1405
-826 2445 0 0 1406
-976 2331 0 0 1407
-1123 2176 0 0 1408
-1315 1952 0 0 1409
-1408 1779 0 0 1410
-1500 1518 0 0 1411
-1633 1368 0 0 1412
-1805 1162 0 0 1413
-1928 973 0 0 1414
-2083 750 0 0 1415
-2158 538 0 0 1416
-2229 348 0 0 1417
-2331 108 0 0 1418
-2427 -70 0 0 1419
-2516 -238 0 0 1420
-2623 -403 0 0 1421
-2673 -618 0 0 1422
-2740 -751 0 0 1423
-2819 -943 0 0 1424
-2853 -1140 0 0 1425
-2897 -1206 0 0 1426
-2923 -1394 0 0 1427
-2954 -1624 0 0 1428
-2970 -1801 0 0 1429
-2988 -1999 0 0 1430
-2995 -2059 0 0 1431
-2999 -2142 0 0 1432
-2998 -2329 0 0 1433
-2988 -2469 0 0 1434
-2977 -2589 0 0 1435
-2963 -2760 0 0 1436
-2944 -2860 0 0 1437
-2910 -2979 0 0 1438
-2883 -3075 0 0 1439
-2853 -3140 0 0 1440
-2781 -3272 0 0 1441
-2740 -3395 0 0 1442
-2673 -3515 0 0 1443
-2598 -3602 0 0 1444
-2544 -3591 0 0 1445
-2427 -3557 0 0 1446
-2364 -3634 0 0 1447
-2264 -3672 0 0 1448
-2121 -3694 0 0 1449
-2045 -3724 0 0 1450
-1928 -3781 0 0 1451
-1846 -3710 0 0 1452
-1677 -3667 0 0 1453
-1589 -3593 0 0 1454
-1454 -3577 0 0 1455
-1315 -3526 0 0 1456
-1123 -3432 0 0 1457
-976 -3387 0 0 1458
-826 -3329 0 0 1459
-674 -3286 0 0 1460
-520 -3147 0 0 1461
-417 -3082 0 0 1462
-261 -2998 0 0 1463
-157 -2870 0 0 1464
0 -2773 0 0 146564
104 -2606 0 0 1466
209 -2495 0 0 1467
365 -2427 0 0 1468
520 -2355 0 0 1469
674 -2146 0 0 1470
826 -2098 0 0 1471
976 -1910 0 0 1472
1075 -1721 0 0 1473
1172 -1591 0 0 1474
1267 -1434 0 0 1475
1408 -1263 0 0 1476
1633 -1181 0 0 1477
1720 -981 0 0 1478
1805 -765 0 0 1479
1887 -574 0 0 1480
2007 -449 0 0 1481
2121 -262 0 0 1482
2229 -190 0 0 1483
2364 -81 0 0 1484
2457 123 0 0 1485
2544 218 0 0 1486
2623 339 0 0 1487
2740 450 0 0 1488
2800 605 0 0 1489
2853 803 0 0 1490
2868 1033 0 0 1491
2910 1172 0 0 1492
2944 1322 0 0 1493
2970 1575 0 0 1494
2988 1804 0 0 1495
2995 1962 0 0 1496
3000 2113 0 0 1497
2995 2298 0 0 1498
2977 2435 0 0 1499
2963 2545 0 0 1500
2934 2679 0 0 1501
2897 2791 0 0 1502
2853 2937 0 0 1503
2800 3042 0 0 1504
2718 3105 0 0 1505
2648 3182 0 0 1506
2571 3382 0 0 1507
2457 3525 0 0 1508
2364 3620 0 0 1509
2264 3686 0 0 1510
2158 3758 0 0 1511
2045 3786 0 0 1512
1887 3886 0 0 1513
1720 3917 0 0 1514
1589 3943 0 0 1515
1454 3923 0 0 1516
1267 3922 0 0 1517
1075 3865 0 0 1518
927 3832 0 0 1519
725 3768 0 0 1520
623 3671 0 0 1521
520 3561 0 0 1522
313 3485 0 0 1523
104 3462 0 0 1524
-52 3311 0 0 1525
-209 3166 0 0 1526
-417 3086 0 0 1527
-572 2905 0 0 1528
-674 2631 0 0 1529
-826 2534 0 0 1530
-1026 2414 0 0 1531
-1172 2183 0 0 1532
-1315 1963 0 0 1533
-1454 1814 0 0 1534
-1545 1503 0 0 1535
-1633 1294 0 0 1536
-1763 1122 0 0 1537
-1928 962 0 0 1538
-2045 785 0 0 1539
-2158 501 0 0 1540
-2229 353 0 0 1541
-2298 129 0 0 1542
-2427 2 0 0 15432
-2516 -264 0 0 1544
-2571 -431 0 0 1545
-2696 -623 0 0 1546
-2740 -808 0 0 1547
-2800 -925 0 0 1548
-2853 -1080 0 0 1549
-2883 -1216 0 0 1550
-2910 -1399 0 0 1551
-2944 -1538 0 0 1552
-2977 -1726 0 0 1553
-2988 -1884 0 0 1554
-2992 -2082 0 0 1555
-2999 -2183 0 0 1556
-2998 -2308 0 0 1557
-2992 -2477 0 0 1558
-2977 -2619 0 0 1559
-2963 -2759 0 0 1560
-2934 -2836 0 0 1561
-2910 -3034 0 0 1562
-2883 -3058 0 0 1563
-2853 -3218 0 0 1564
-2761 -3358 0 0 1565
-2740 -3438 0 0 1566
-2673 -3481 0 0 1567
-2598 -3572 0 0 1568
-2487 -3628 0 0 1569
-2395 -3618 0 0 1570
-2331 -3690 0 0 1571
-2229 -3646 0 0 1572
-2194 -3652 0 0 1573
-2083 -3585 0 0 1574
-2007 -3577 0 0 1575
-1887 -3556 0 0 1576
-1763 -3563 0 0 1577
-1633 -3570 0 0 1578
-1454 -3577 0 0 1579
-1267 -3558 0 0 1580
-1172 -3489 0 0 1581
-976 -3473 0 0 1582
-877 -3340 0 0 1583
-725 -3281 0 0 1584
-572 -3182 0 0 1585
-417 -3166 0 0 1586
-261 -3022 0 0 1587
-157 -2936 0 0 1588
0 -2796 0 0 158988
104 -2677 0 0 1590
261 -2537 0 0 1591
365 -2452 0 0 1592
520 -2315 0 0 1593
674 -2177 0 0 1594
776 -2040 0 0 1595
927 -1884 0 0 1596
1026 -1757 0 0 1597
1172 -1607 0 0 1598
1315 -1470 0 0 1599
1454 -1328 0 0 1600
1589 -1168 0 0 1601
1720 -992 0 0 1602
1805 -822 0 0 1603
1928 -606 0 0 1604
2007 -448 0 0 1605
2121 -320 0 0 1606
2229 -151 0 0 1607
2331 -76 0 0 1608
2427 21 0 0 1609
2544 164 0 0 1610
2648 313 0 0 1611
2718 444 0 0 1612
2781 585 0 0 1613
2836 754 0 0 1614
2883 1036 0 0 1615
2910 1251 0 0 1616
2944 1401 0 0 1617
2970 1613 0 0 1618
2988 1856 0 0 1619
2998 1961 0 0 1620
2999 2109 0 0 1621
2995 2251 0 0 1622
2988 2408 0 0 1623
2963 2532 0 0 1624
2944 2657 0 0 1625
2910 2825 0 0 1626
2853 2943 0 0 1627
2800 3045 0 0 1628
2740 3196 0 0 1629
2648 3294 0 0 1630
2544 3391 0 0 1631
2457 3503 0 0 1632
2395 3556 0 0 1633
2264 3651 0 0 1634
2158 3711 0 0 1635
2045 3768 0 0 1636
1887 3776 0 0 1637
1805 3881 0 0 1638
1633 3912 0 0 1639
1454 3888 0 0 1640
1267 3949 0 0 1641
1075 3911 0 0 1642
927 3863 0 0 1643
776 3815 0 0 1644
572 3735 0 0 1645
417 3651 0 0 1646
261 3563 0 0 1647
52 3464 0 0 1648
-104 3293 0 0 1649
-209 3118 0 0 1650
-313 2941 0 0 1651
-469 2825 0 0 1652
-623 2703 0 0 1653
-826 2556 0 0 1654
-976 2340 0 0 1655
-1123 2154 0 0 1656
-1315 1977 0 0 1657
-1454 1807 0 0 1658
-1589 1649 0 0 1659
-1720 1268 0 0 1660
-1805 1104 0 0 1661
-1928 973 0 0 1662
-2045 750 0 0 1663
-2158 589 0 0 1664
-2264 366 0 0 1665
-2331 99 0 0 1666
-2457 -94 0 0 1667
-2516 -315 0 0 1668
-2598 -516 0 0 1669
-2648 -652 0 0 1670
-2740 -842 0 0 1671
-2781 -958 0 0 1672
-2853 -999 0 0 1673
-2910 -1156 0 0 1674
-2923 -1302 0 0 1675
-2944 -1438 0 0 1676
-2963 -1636 0 0 1677
-2983 -1861 0 0 1678
-2992 -2084 0 0 1679
-2999 -2201 0 0 1680
-2999 -2355 0 0 1681
-2992 -2427 0 0 1682
-2988 -2613 0 0 1683
-2970 -2753 0 0 1684
-2954 -2913 0 0 1685
-2923 -3021 0 0 1686
-2868 -3123 0 0 1687
-2836 -3228 0 0 1688
-2781 -3311 0 0 1689
-2718 -3380 0 0 1690
-2696 -3469 0 0 1691
-2598 -3524 0 0 1692
-2544 -3579 0 0 1693
-2457 -3611 0 0 1694
-2364 -3665 0 0 1695
-2264 -3700 0 0 1696
-2158 -3716 0 0 1697
-2045 -3759 0 0 1698
-1928 -3749 0 0 1699
-1805 -3709 0 0 1700
-1677 -3678 0 0 1701
-1545 -3603 0 0 1702
-1408 -3552 0 0 1703
-1220 -3547 0 0 1704
-1123 -3441 0 0 1705
-976 -3326 0 0 1706
-877 -3277 0 0 1707
-725 -3233 0 0 1708
-623 -3085 0 0 1709
-469 -3047 0 0 1710
-313 -2962 0 0 1711
-157 -2910 0 0 1712
0 -2831 0 0 171312
157 -2619 0 0 1714
261 -2533 0 0 1715
365 -2415 0 0 1716
572 -2290 0 0 1717
674 -2117 0 0 1718
776 -1961 0 0 1719
877 -1842 0 0 1720
1026 -1687 0 0 1721
1172 -1560 0 0 1722
1267 -1412 0 0 1723
1408 -1331 0 0 1724
1545 -1182 0 0 1725
1720 -982 0 0 1726
1763 -804 0 0 1727
1887 -601 0 0 1728
1968 -466 0 0 1729
2121 -369 0 0 1730
2229 -240 0 0 1731
2331 -120 0 0 1732
2457 -7 0 0 17332
2544 141 0 0 1734
2623 295 0 0 1735
2718 429 0 0 1736
2781 580 0 0 1737
2836 777 0 0 1738
2868 970 0 0 1739
2910 1153 0 0 1740
2944 1362 0 0 1741
2977 1506 0 0 1742
2988 1734 0 0 1743
2998 1997 0 0 1744
3000 2135 0 0 1745
2998 2281 0 0 1746
2988 2389 0 0 1747
2963 2521 0 0 1748
2923 2688 0 0 1749
2897 2758 0 0 1750
2853 2890 0 0 1751
2800 3008 0 0 1752
2696 3168 0 0 1753
2623 3307 0 0 1754
2571 3437 0 0 1755
2487 3553 0 0 1756
2395 3608 0 0 1757
2264 3675 0 0 1758
2194 3728 0 0 1759
2045 3736 0 0 1760
1928 3881 0 0 1761
1763 3910 0 0 1762
1589 3882 0 0 1763
1454 3883 0 0 1764
1315 3818 0 0 1765
1123 3840 0 0 1766
927 3910 0 0 1767
725 3823 0 0 1768
572 3733 0 0 1769
417 3669 0 0 1770
209 3625 0 0 1771
104 3497 0 0 1772
-104 3365 0 0 1773
-261 3208 0 0 1774
-417 3023 0 0 1775
-520 2806 0 0 1776
-674 2651 0 0 1777
-776 2507 0 0 1778
-976 2359 0 0 1779
-1123 2201 0 0 1780
-1315 1988 0 0 1781
-1408 1732 0 0 1782
-1500 1512 0 0 1783
-1677 1308 0 0 1784
-1805 1143 0 0 1785
-1928 957 0 0 1786
-2045 791 0 0 1787
-2158 558 0 0 1788
-2264 309 0 0 1789
-2331 81 0 0 1790
-2427 -96 0 0 1791
-2516 -260 0 0 1792
-2571 -486 0 0 1793
-2648 -627 0 0 1794
-2740 -769 0 0 1795
-2781 -935 0 0 1796
-2853 -1109 0 0 1797
-2910 -1247 0 0 1798
-2934 -1349 0 0 1799
-2963 -1500 0 0 1800
-2970 -1724 0 0 1801
-2988 -1838 0 0 1802
-2995 -2026 0 0 1803
-3000 -2210 0 0 1804
-2998 -2371 0 0 1805
-2992 -2495 0 0 1806
-2977 -2608 0 0 1807
-2963 -2764 0 0 1808
-2944 -2892 0 0 1809
-2923 -3046 0 0 1810
-2883 -3132 0 0 1811
-2836 -3224 0 0 1812
-2781 -3288 0 0 1813
-2718 -3362 0 0 1814
-2648 -3413 0 0 1815
-2598 -3484 0 0 1816
-2516 -3571 0 0 1817
-2427 -3570 0 0 1818
-2331 -3623 0 0 1819
-2264 -3613 0 0 1820
-2229 -3685 0 0 1821
-2121 -3654 0 0 1822
-2007 -3691 0 0 1823
-1846 -3694 0 0 1824
-1720 -3634 0 0 1825
-1633 -3627 0 0 1826
-1454 -3633 0 0 1827
-1267 -3626 0 0 1828
-1123 -3562 0 0 1829
-976 -3409 0 0 1830
-826 -3352 0 0 1831
-674 -3224 0 0 1832
-572 -3163 0 0 1833
-417 -3093 0 0 1834
-261 -3035 0 0 1835
-104 -2915 0 0 1836
0 -2792 0 0 183736
157 -2652 0 0 1838
209 -2535 0 0 1839
365 -2384 0 0 1840
469 -2245 0 0 1841
623 -2178 0 0 1842
826 -2034 0 0 1843
927 -1841 0 0 1844
1075 -1697 0 0 1845
1220 -1574 0 0 1846
1315 -1416 0 0 1847
1454 -1316 0 0 1848
1633 -1146 0 0 1849
1763 -993 0 0 1850
1805 -816 0 0 1851
1928 -609 0 0 1852
1968 -454 0 0 1853
2083 -267 0 0 1854
2194 -255 0 0 1855
2331 -33 0 0 1856
2457 -22 0 0 1857
2544 84 0 0 1858
2623 222 0 0 1859
2718 422 0 0 1860
2761 619 0 0 1861
2836 886 0 0 1862
2868 1075 0 0 1863
2910 1198 0 0 1864
2944 1416 0 0 1865
2970 1511 0 0 1866
2988 1771 0 0 1867
2998 1940 0 0 1868
3000 2097 0 0 1869
2998 2309 0 0 1870
2983 2396 0 0 1871
2963 2517 0 0 1872
2934 2700 0 0 1873
2910 2832 0 0 1874
2853 2929 0 0 1875
2800 3057 0 0 1876
2740 3196 0 0 1877
2648 3293 0 0 1878
2571 3433 0 0 1879
2457 3552 0 0 1880
2364 3617 0 0 1881
2264 3675 0 0 1882
2158 3727 0 0 1883
2045 3794 0 0 1884
1928 3787 0 0 1885
1805 3876 0 0 1886
1633 3903 0 0 1887
1454 3928 0 0 1888
1267 3914 0 0 1889
1123 3874 0 0 1890
976 3869 0 0 1891
776 3802 0 0 1892
572 3732 0 0 1893
469 3601 0 0 1894
261 3533 0 0 1895
104 3415 0 0 1896
-104 3302 0 0 1897
-209 3160 0 0 1898
-365 2988 0 0 1899
-520 2814 0 0 1900
-623 2659 0 0 1901
-776 2513 0 0 1902
-927 2361 0 0 1903
-1123 2227 0 0 1904
-1267 1983 0 0 1905
-1408 1835 0 0 1906
-1500 1536 0 0 1907
-1677 1426 0 0 1908
-1805 1166 0 0 1909
-1928 1008 0 0 1910
-2045 829 0 0 1911
-2158 577 0 0 1912
-2229 338 0 0 1913
-2298 163 0 0 1914
-2427 -25 0 0 1915
-2516 -221 0 0 1916
-2598 -424 0 0 1917
-2623 -644 0 0 1918
-2718 -770 0 0 1919
-2781 -879 0 0 1920
-2836 -1026 0 0 1921
-2868 -1240 0 0 1922
-2923 -1378 0 0 1923
-2954 -1573 0 0 1924
-2963 -1724 0 0 1925
-2983 -1845 0 0 1926
-2992 -1990 0 0 1927
-2999 -2166 0 0 1928
-2999 -2298 0 0 1929
-2992 -2453 0 0 1930
-2983 -2578 0 0 1931
-2970 -2690 0 0 1932
-2944 -2878 0 0 1933
-2923 -2999 0 0 1934
-2868 -3176 0 0 1935
-2836 -3209 0 0 1936
-2800 -3315 0 0 1937
-2740 -3412 0 0 1938
-2696 -3455 0 0 1939
-2598 -3459 0 0 1940
-2544 -3601 0 0 1941
-2457 -3590 0 0 1942
-2364 -3624 0 0 1943
-2298 -3635 0 0 1944
-2194 -3646 0 0 1945
-2083 -3709 0 0 1946
-1968 -3700 0 0 1947
-1928 -3645 0 0 1948
-1763 -3637 0 0 1949
-1633 -3573 0 0 1950
-1500 -3572 0 0 1951
-1315 -3565 0 0 1952
-1172 -3557 0 0 1953
-1026 -3486 0 0 1954
-826 -3329 0 0 1955
-725 -3315 0 0 1956
-572 -3240 0 0 1957
-417 -3130 0 0 1958
-313 -3008 0 0 1959
-209 -2918 0 0 1960
-52 -2807 0 0 1961
104 -2655 0 0 1962
209 -2568 0 0 1963
313 -2431 0 0 1964
469 -2279 0 0 1965
572 -2114 0 0 1966
725 -2044 0 0 1967
877 -1854 0 0 1968
976 -1691 0 0 1969
1172 -1577 0 0 1970
1267 -1437 0 0 1971
1408 -1279 0 0 1972
1500 -1132 0 0 1973
1633 -1001 0 0 1974
1805 -882 0 0 1975
1887 -711 0 0 1976
2007 -561 0 0 1977
2121 -436 0 0 1978
2229 -304 0 0 1979
2331 -166 0 0 1980
2427 -33 0 0 1981
2544 68 0 0 1982
2598 237 0 0 1983
2696 447 0 0 1984
2781 634 0 0 1985
2836 788 0 0 1986
2853 984 0 0 1987
2897 1165 0 0 1988
2934 1345 0 0 1989
2954 1466 0 0 1990
2983 1691 0 0 1991
2995 1863 0 0 1992
2999 2090 0 0 1993
2999 2204 0 0 1994
2992 2331 0 0 1995
2970 2509 0 0 1996
2944 2656 0 0 1997
2910 2791 0 0 1998
2868 2924 0 0 1999